1.000000000000000000e+00 0.000000000000000000e+00 0.000000000000000000e+00 -0.000000000000000000e+00 0.000000000000000000e+00 1.000000000000000000e+00 0.000000000000000000e+00 -0.000000000000000000e+00 0.000000000000000000e+00 0.000000000000000000e+00 1.000000000000000000e+00 -0.000000000000000000e+00
9.999966550000000121e-01 -2.096236210000000048e-03 -1.515253640000000087e-03 -7.803820000000000103e-05 2.096800829999999945e-03 9.999977330000000553e-01 3.711337649999999779e-04 -2.078589999999999897e-04 1.514472219999999985e-03 -3.743097080000000140e-04 9.999987830000000022e-01 4.125849999999999808e-04
9.999891570000000174e-01 -3.032136119999999900e-03 -3.534283440000000019e-03 -3.183269999999999763e-04 3.033888819999999969e-03 9.999952770000000157e-01 4.906581170000000108e-04 -9.904499999999999242e-04 3.532779010000000174e-03 -5.013754200000000326e-04 9.999936339999999646e-01 6.181939999999999701e-04
9.999858240000000231e-01 -2.292211419999999784e-03 -4.805895689999999977e-03 -2.669430000000000088e-04 2.290494279999999872e-03 9.999973109999999998e-01 -3.627713950000000073e-04 -2.020399999999999887e-03 4.806714319999999714e-03 3.517583759999999907e-04 9.999883859999999514e-01 8.693909999999999572e-04
9.999875870000000111e-01 -3.826544259999999911e-04 -4.967824650000000029e-03 -6.845269999999999870e-04 3.711148950000000266e-04 9.999972320000000137e-01 -2.323567979999999894e-03 -1.587560000000000013e-03 4.968700020000000293e-03 2.321695500000000092e-03 9.999849610000000055e-01 7.320789999999999546e-04
9.999824029999999642e-01 1.851121920000000070e-03 -5.636264180000000353e-03 -9.211469999999999814e-04 -1.867468130000000080e-03 9.999940619999999614e-01 -2.896305579999999911e-03 -1.172469999999999892e-03 5.630869299999999820e-03 2.906780160000000095e-03 9.999799219999999655e-01 8.138340000000000417e-04
9.999736280000000033e-01 4.971435280000000359e-03 -5.294248659999999627e-03 -1.480940000000000034e-03 -4.979057999999999748e-03 9.999865850000000389e-01 -1.427606980000000088e-03 -2.283569999999999958e-03 5.287080389999999734e-03 1.453929700000000094e-03 9.999849659999999751e-01 8.811970000000000133e-04
9.999541549999999557e-01 8.358111220000000521e-03 -4.672174099999999893e-03 -2.917710000000000008e-03 -8.365016960000000792e-03 9.999639460000000479e-01 -1.460473089999999967e-03 -5.753720000000000362e-03 4.659798859999999751e-03 1.499488950000000100e-03 9.999880190000000058e-01 6.904059999999999624e-04
9.999266340000000364e-01 1.080759449999999997e-02 -5.470109899999999782e-03 -3.841779999999999935e-03 -1.083740520000000054e-02 9.999264230000000087e-01 -5.449757430000000402e-03 -6.751990000000000249e-03 5.410808660000000422e-03 5.508639400000000207e-03 9.999701890000000093e-01 3.335559999999999892e-04
9.999184049999999546e-01 1.087741480000000045e-02 -6.698188110000000313e-03 -4.180729999999999690e-03 -1.093385529999999980e-02 9.999045359999999549e-01 -8.448073349999999856e-03 -7.029869999999999695e-03 6.605655480000000024e-03 8.520621040000000632e-03 9.999418799999999496e-01 9.138480000000000637e-05
9.999217550000000232e-01 9.492055350000000447e-03 -8.147735729999999385e-03 -4.240670000000000203e-03 -9.577576100000000439e-03 9.998987710000000195e-01 -1.052221469999999916e-02 -6.780279999999999641e-03 8.047033500000000047e-03 1.059942699999999981e-02 9.999114449999999543e-01 -1.327219999999999941e-04
9.999243389999999954e-01 7.758865589999999583e-03 -9.545535520000000482e-03 -4.573909999999999608e-03 -7.865121719999999816e-03 9.999069630000000375e-01 -1.114478200000000065e-02 -7.977069999999999300e-03 9.458176559999999927e-03 1.121901550000000032e-02 9.998923320000000503e-01 -1.549389999999999882e-04
9.999114460000000371e-01 7.387811000000000204e-03 -1.106891829999999931e-02 -4.306990000000000124e-03 -7.534285719999999666e-03 9.998838260000000311e-01 -1.325023770000000045e-02 -8.216209999999999833e-03 1.096974210000000068e-02 1.333246069999999978e-02 9.998509439999999637e-01 -4.372639999999999795e-04
9.998863940000000117e-01 9.248536280000000526e-03 -1.190229150000000034e-02 -3.472380000000000171e-03 -9.423112770000000374e-03 9.998476059999999999e-01 -1.469594200000000003e-02 -7.628479999999999983e-03 1.176456170000000044e-02 1.480642910000000076e-02 9.998211660000000389e-01 -8.491500000000000133e-04
9.998564659999999993e-01 1.295073459999999954e-02 -1.092367479999999981e-02 -2.755389999999999923e-03 -1.310803619999999919e-02 9.998096189999999828e-01 -1.445353530000000053e-02 -7.865840000000000679e-03 1.073441120000000019e-02 1.459464859999999933e-02 9.998358710000000427e-01 -9.630189999999999627e-04
9.998160959999999875e-01 1.706262299999999899e-02 -8.754493069999999197e-03 -2.167309999999999983e-03 -1.718342369999999869e-02 9.997555329999999740e-01 -1.391420579999999921e-02 -8.732840000000000394e-03 8.514940040000000196e-03 1.406207909999999950e-02 9.998648679999999622e-01 -1.213190000000000058e-03
9.997597040000000268e-01 2.098219269999999914e-02 -6.346872170000000118e-03 -1.841490000000000097e-03 -2.106982740000000118e-02 9.996789820000000493e-01 -1.407108349999999959e-02 -1.038589999999999999e-02 6.049592519999999994e-03 1.420142970000000046e-02 9.998808540000000411e-01 -1.484969999999999953e-03
9.997001970000000126e-01 2.411623159999999946e-02 -4.233655299999999899e-03 -1.681849999999999925e-03 -2.417985829999999906e-02 9.995846069999999584e-01 -1.568270180000000055e-02 -1.138300000000000076e-02 3.853688999999999986e-03 1.578036920000000162e-02 9.998680559999999495e-01 -1.906319999999999976e-03
9.996718079999999951e-01 2.547337220000000027e-02 -2.717096630000000092e-03 -1.789989999999999984e-03 -2.551652069999999980e-02 9.995256359999999951e-01 -1.724555519999999842e-02 -1.254949999999999989e-02 2.276505289999999990e-03 1.730922619999999967e-02 9.998475919999999517e-01 -2.416370000000000150e-03
9.996792890000000265e-01 2.527150120000000097e-02 -1.634407530000000098e-03 -2.506650000000000024e-03 -2.529781810000000103e-02 9.995026390000000260e-01 -1.882804509999999945e-02 -1.412949999999999970e-02 1.157781679999999973e-03 1.886335369999999831e-02 9.998214010000000540e-01 -2.969299999999999804e-03
9.997058939999999838e-01 2.416545349999999967e-02 -2.038731590000000034e-03 -3.321689999999999972e-03 -2.420412790000000050e-02 9.994702469999999783e-01 -2.175743659999999913e-02 -1.552579999999999932e-02 1.511873240000000075e-03 2.180038330000000010e-02 9.997612000000000165e-01 -3.598989999999999828e-03
9.997019639999999985e-01 2.417158109999999888e-02 -3.423123929999999891e-03 -2.967270000000000151e-03 -2.424873270000000094e-02 9.994020179999999476e-01 -2.464965510000000082e-02 -1.489900000000000078e-02 2.825255830000000194e-03 2.472531509999999905e-02 9.996902899999999814e-01 -4.186119999999999772e-03
9.996533100000000172e-01 2.618232759999999937e-02 -2.783099539999999827e-03 -2.282409999999999908e-03 -2.624415789999999873e-02 9.993386730000000107e-01 -2.516865379999999944e-02 -1.612970000000000029e-02 2.122285069999999951e-03 2.523296820000000065e-02 9.996793449999999970e-01 -4.240700000000000025e-03
9.996268499999999557e-01 2.731445620000000005e-02 -2.863224930000000230e-04 -2.026029999999999845e-03 -2.731246019999999941e-02 9.992762729999999927e-01 -2.647563959999999980e-02 -1.781090000000000104e-02 -4.370524219999999968e-04 2.647358030000000056e-02 9.996494179999999563e-01 -4.246699999999999954e-03
9.996608350000000254e-01 2.589593769999999975e-02 2.759761250000000200e-03 -1.970250000000000213e-03 -2.580908560000000004e-02 9.992782970000000375e-01 -2.787069279999999927e-02 -1.728880000000000000e-02 -3.479507250000000041e-03 2.779001310000000016e-02 9.996077270000000015e-01 -4.665090000000000209e-03
9.997157589999999816e-01 2.313343329999999892e-02 5.765849049999999774e-03 -3.190880000000000105e-03 -2.297116440000000065e-02 9.993774450000000309e-01 -2.677774180000000101e-02 -1.810049999999999853e-02 -6.381720599999999785e-03 2.663768219999999853e-02 9.996247830000000167e-01 -4.874629999999999588e-03
9.997503490000000381e-01 2.068034310000000167e-02 8.459524810000000616e-03 -3.710670000000000114e-03 -2.045732249999999974e-02 9.994616210000000223e-01 -2.565084410000000037e-02 -1.800850000000000020e-02 -8.985438639999999283e-03 2.547138109999999914e-02 9.996351690000000456e-01 -5.225490000000000169e-03
9.997732000000000285e-01 1.783303259999999973e-02 1.164180140000000037e-02 -5.980189999999999811e-03 -1.757115860000000099e-02 9.995986430000000089e-01 -2.222179570000000146e-02 -1.858380000000000101e-02 -1.203341089999999947e-02 2.201219589999999990e-02 9.996852809999999812e-01 -5.442299999999999742e-03
9.997882319999999989e-01 1.572497980000000031e-02 1.327467969999999997e-02 -9.039010000000000100e-03 -1.547299350000000059e-02 9.997020890000000160e-01 -1.887641710000000084e-02 -2.085870000000000085e-02 -1.356755630000000025e-02 1.866702060000000052e-02 9.997336959999999495e-01 -5.723859999999999885e-03
9.997962649999999618e-01 1.399239879999999991e-02 1.454789949999999929e-02 -1.090810000000000043e-02 -1.373649459999999947e-02 9.997517270000000345e-01 -1.754403410000000135e-02 -2.088519999999999960e-02 -1.478977079999999923e-02 1.734062269999999892e-02 9.997402490000000252e-01 -6.323210000000000115e-03
9.997517049999999905e-01 1.353982459999999999e-02 1.769747600000000018e-02 -1.481790000000000017e-02 -1.327874960000000049e-02 9.998024859999999903e-01 -1.478729110000000062e-02 -2.281709999999999988e-02 -1.789419780000000085e-02 1.454861919999999968e-02 9.997340319999999947e-01 -6.600899999999999823e-03
9.996816029999999742e-01 1.451900719999999964e-02 2.063713860000000039e-02 -2.090919999999999931e-02 -1.422321300000000018e-02 9.997950289999999463e-01 -1.440833889999999957e-02 -2.861330000000000123e-02 -2.084210339999999911e-02 1.411022489999999921e-02 9.996832039999999919e-01 -6.823670000000000430e-03
9.996324410000000382e-01 1.532080429999999917e-02 2.236642039999999984e-02 -2.621599999999999972e-02 -1.483608659999999940e-02 9.996548939999999606e-01 -2.167908320000000097e-02 -2.898459999999999925e-02 -2.269084260000000033e-02 2.133928469999999897e-02 9.995147629999999728e-01 -7.455719999999999882e-03
9.995589870000000099e-01 1.709649020000000158e-02 2.428049029999999886e-02 -3.195049999999999973e-02 -1.649121389999999923e-02 9.995535740000000002e-01 -2.491369900000000095e-02 -2.756120000000000098e-02 -2.469558770000000042e-02 2.450229699999999927e-02 9.993946999999999692e-01 -8.249360000000000720e-03
9.994674099999999450e-01 1.999101260000000005e-02 2.579256019999999830e-02 -3.770190000000000347e-02 -1.938031449999999892e-02 9.995309169999999632e-01 -2.371391050000000097e-02 -2.782439999999999913e-02 -2.625452639999999865e-02 2.320141270000000006e-02 9.993860089999999641e-01 -8.554650000000000448e-03
9.993738909999999587e-01 2.136832879999999921e-02 2.819965879999999925e-02 -4.257709999999999967e-02 -2.077558510000000053e-02 9.995604769999999473e-01 -2.114775669999999913e-02 -2.875720000000000012e-02 -2.863915660000000002e-02 2.054865150000000085e-02 9.993785830000000425e-01 -8.632330000000000558e-03
9.992386300000000166e-01 2.142430039999999869e-02 3.260613119999999920e-02 -4.797669999999999713e-02 -2.083795100000000039e-02 9.996168749999999603e-01 -1.821763529999999992e-02 -2.958449999999999969e-02 -3.298393909999999818e-02 1.752431999999999948e-02 9.993022360000000104e-01 -8.924319999999999475e-03
9.990697779999999639e-01 2.035891370000000172e-02 3.801438680000000098e-02 -5.434590000000000254e-02 -1.981032719999999830e-02 9.996949120000000466e-01 -1.475239459999999961e-02 -3.321589999999999959e-02 -3.830313180000000095e-02 1.398559419999999970e-02 9.991682910000000417e-01 -9.117139999999999272e-03
9.989375830000000178e-01 1.696851799999999841e-02 4.284592949999999761e-02 -6.187720000000000026e-02 -1.631151159999999836e-02 9.997446690000000302e-01 -1.563750350000000025e-02 -3.955979999999999913e-02 -4.310033490000000217e-02 1.492200810000000009e-02 9.989593060000000468e-01 -9.608139999999999389e-03
9.988665530000000459e-01 1.275422919999999981e-02 4.585780250000000280e-02 -6.854860000000000120e-02 -1.167572430000000071e-02 9.996506979999999487e-01 -2.370989470000000113e-02 -4.052630000000000121e-02 -4.614418569999999969e-02 2.314759770000000133e-02 9.986665620000000354e-01 -1.077419999999999940e-02
9.987722700000000176e-01 8.536753969999999817e-03 4.879626909999999762e-02 -7.462100000000000677e-02 -7.172610910000000103e-03 9.995804240000000229e-01 -2.806295030000000024e-02 -4.034379999999999911e-02 -4.901536189999999849e-02 2.767849990000000038e-02 9.984144400000000141e-01 -1.202579999999999968e-02
9.986380480000000004e-01 4.547874510000000058e-03 5.197467480000000223e-02 -8.086329999999999907e-02 -3.008044230000000031e-03 9.995553270000000490e-01 -2.966646330000000109e-02 -4.296439999999999981e-02 -5.208648250000000313e-02 2.946971680000000024e-02 9.982076610000000239e-01 -1.260529999999999984e-02
9.984725530000000404e-01 2.244186159999999805e-03 5.520438589999999979e-02 -8.695740000000000414e-02 -4.549761269999999828e-04 9.994748169999999599e-01 -3.240188890000000183e-02 -4.378590000000000260e-02 -5.524810940000000198e-02 3.232728010000000124e-02 9.979491940000000394e-01 -1.342349999999999967e-02
9.983015750000000521e-01 1.427611899999999944e-03 5.824024850000000114e-02 -9.308869999999999645e-02 5.433059799999999905e-04 9.994280869999999650e-01 -3.381130229999999848e-02 -4.558100000000000346e-02 -5.825520950000000198e-02 3.378551860000000157e-02 9.977298580000000250e-01 -1.411169999999999959e-02
9.981483669999999808e-01 5.479412009999999871e-04 6.082382690000000258e-02 -9.942850000000000299e-02 1.589726330000000055e-03 9.993828470000000186e-01 -3.509127730000000112e-02 -4.615849999999999814e-02 -6.080551719999999910e-02 3.512299440000000300e-02 9.975314849999999955e-01 -1.508789999999999958e-02
9.980271010000000276e-01 -1.294372690000000076e-03 6.277125520000000070e-02 -1.050559999999999966e-01 3.550133259999999850e-03 9.993513069999999665e-01 -3.583799879999999966e-02 -4.933839999999999754e-02 -6.268414819999999776e-02 3.599014040000000220e-02 9.973842830000000381e-01 -1.576850000000000127e-02
9.978422390000000197e-01 -2.402906230000000174e-03 6.561320619999999604e-02 -1.101879999999999943e-01 4.947062349999999803e-03 9.992409439999999643e-01 -3.864017060000000253e-02 -4.973799999999999749e-02 -6.547055340000000612e-02 3.888138700000000336e-02 9.970967080000000538e-01 -1.702410000000000034e-02
9.976147269999999789e-01 -3.119063999999999951e-03 6.895743610000000523e-02 -1.159629999999999966e-01 5.891691909999999949e-03 9.991806640000000517e-01 -4.004107949999999999e-02 -5.038680000000000242e-02 -6.877604610000000174e-02 4.035184650000000345e-02 9.968157220000000152e-01 -1.816519999999999940e-02
9.974078290000000235e-01 -4.935533360000000057e-03 7.178622599999999465e-02 -1.213869999999999949e-01 7.830618140000000435e-03 9.991648300000000038e-01 -4.010391199999999851e-02 -5.302880000000000094e-02 -7.152833810000000514e-02 4.056208640000000254e-02 9.966134730000000275e-01 -1.891059999999999963e-02
9.971771200000000279e-01 -9.528636409999999279e-03 7.447816749999999764e-02 -1.263710000000000111e-01 1.269123249999999994e-02 9.990325340000000276e-01 -4.210615000000000191e-02 -5.647510000000000030e-02 -7.400489820000000218e-02 4.293250910000000198e-02 9.963333149999999971e-01 -1.974249999999999963e-02
9.968760840000000512e-01 -1.570660070000000005e-02 7.740397659999999347e-02 -1.315199999999999980e-01 1.930442590000000166e-02 9.987570000000000059e-01 -4.595426899999999898e-02 -5.930409999999999848e-02 -7.658597809999999340e-02 4.730495109999999920e-02 9.959401740000000114e-01 -2.060089999999999838e-02
9.965674650000000412e-01 -2.151575849999999915e-02 7.993973059999999464e-02 -1.368530000000000024e-01 2.563029890000000088e-02 9.983796000000000337e-01 -5.080612059999999736e-02 -6.186149999999999982e-02 -7.871706400000000325e-02 5.268060589999999654e-02 9.955040819999999568e-01 -2.158010000000000136e-02
9.962911190000000028e-01 -2.658709299999999914e-02 8.183601679999999434e-02 -1.413079999999999892e-01 3.123464199999999996e-02 9.979395650000000284e-01 -5.604481499999999783e-02 -6.223979999999999790e-02 -8.017733030000000205e-02 5.839307009999999964e-02 9.950687639999999945e-01 -2.274239999999999942e-02
9.959602429999999673e-01 -3.244125219999999948e-02 8.373028209999999749e-02 -1.459959999999999869e-01 3.742201159999999915e-02 9.975788110000000097e-01 -5.861833810000000033e-02 -6.348030000000000339e-02 -8.162590290000000526e-02 6.151488979999999995e-02 9.947628509999999480e-01 -2.354240000000000152e-02
9.956525859999999506e-01 -3.840021240000000141e-02 8.486077390000000553e-02 -1.499350000000000127e-01 4.363502240000000088e-02 9.972007170000000142e-01 -6.071831970000000217e-02 -6.417799999999999894e-02 -8.229162819999999434e-02 6.415725379999999423e-02 9.945410670000000009e-01 -2.414449999999999930e-02
9.953776389999999807e-01 -4.276078430000000014e-02 8.599343110000000345e-02 -1.536279999999999868e-01 4.814001700000000022e-02 9.969464190000000281e-01 -6.148476330000000184e-02 -6.323429999999999329e-02 -8.310170649999999715e-02 6.534028379999999581e-02 9.943966779999999783e-01 -2.488780000000000159e-02
9.951628000000000140e-01 -4.625888410000000145e-02 8.666670599999999614e-02 -1.574790000000000079e-01 5.149094209999999922e-02 9.969208619999999632e-01 -5.913947519999999958e-02 -6.234019999999999839e-02 -8.366412119999999675e-02 6.331595610000000096e-02 9.944804699999999498e-01 -2.549370000000000108e-02
9.949930719999999784e-01 -5.017453599999999875e-02 8.643670180000000147e-02 -1.611380000000000035e-01 5.499949569999999788e-02 9.970048049999999940e-01 -5.437347349999999829e-02 -6.158280000000000004e-02 -8.344964320000000657e-02 5.885520439999999964e-02 9.947724470000000041e-01 -2.614769999999999942e-02
9.949161319999999531e-01 -5.303648360000000339e-02 8.560970480000000549e-02 -1.650079999999999880e-01 5.731854170000000304e-02 9.971840269999999729e-01 -4.835909110000000122e-02 -6.221750000000000197e-02 -8.280383400000000671e-02 5.302026330000000204e-02 9.951544490000000520e-01 -2.671159999999999854e-02
9.949108899999999922e-01 -5.513492689999999891e-02 8.433540139999999574e-02 -1.691830000000000001e-01 5.891262929999999814e-02 9.973374910000000204e-01 -4.297942180000000056e-02 -6.583949999999999525e-02 -8.174119030000000230e-02 4.772911500000000251e-02 9.955100749999999943e-01 -2.710430000000000131e-02
9.949930019999999598e-01 -5.621118509999999818e-02 8.263914579999999399e-02 -1.727819999999999911e-01 5.990802259999999935e-02 9.972792200000000218e-01 -4.295562859999999678e-02 -6.886409999999999754e-02 -7.999971610000000677e-02 4.769129760000000162e-02 9.956533459999999947e-01 -2.750709999999999961e-02
9.951298710000000547e-01 -5.608586010000000260e-02 8.106119130000000172e-02 -1.761999999999999955e-01 5.978953740000000211e-02 9.972404879999999805e-01 -4.400705359999999844e-02 -6.867159999999999931e-02 -7.836932850000000172e-02 4.863934470000000343e-02 9.957371449999999902e-01 -2.786599999999999841e-02
9.952312800000000514e-01 -5.582532450000000229e-02 7.998895570000000288e-02 -1.788869999999999905e-01 5.935183620000000076e-02 9.973358949999999723e-01 -4.240840390000000237e-02 -6.933390000000000386e-02 -7.740839380000000269e-02 4.695366150000000044e-02 9.958932139999999711e-01 -2.775029999999999858e-02
9.951497790000000121e-01 -5.650170460000000089e-02 8.052623659999999517e-02 -1.813490000000000102e-01 5.990570170000000111e-02 9.973820789999999770e-01 -4.050056679999999854e-02 -7.166480000000000072e-02 -7.802707420000000449e-02 4.512811080000000280e-02 9.959293289999999743e-01 -2.688969999999999902e-02
9.950260650000000151e-01 -5.695482080000000003e-02 8.172684689999999696e-02 -1.840579999999999994e-01 6.032301030000000036e-02 9.974029300000000209e-01 -3.935135850000000268e-02 -7.300270000000000370e-02 -7.927334699999999401e-02 4.408563690000000257e-02 9.958775989999999467e-01 -2.590239999999999904e-02
9.948726850000000343e-01 -5.766932210000000336e-02 8.308182740000000233e-02 -1.858430000000000082e-01 6.096314950000000094e-02 9.974290070000000341e-01 -3.766789470000000278e-02 -7.122040000000000315e-02 -8.069594269999999514e-02 4.253968939999999699e-02 9.958305779999999663e-01 -2.477899999999999894e-02
9.943319419999999687e-01 -6.245832059999999880e-02 8.604038599999999648e-02 -1.887590000000000101e-01 6.508454449999999392e-02 9.974851230000000291e-01 -2.806119249999999843e-02 -7.726719999999999422e-02 -8.407135009999999742e-02 3.350203930000000135e-02 9.958963910000000475e-01 -2.286790000000000003e-02
9.936300260000000550e-01 -6.980363100000000487e-02 8.846933849999999433e-02 -1.908469999999999889e-01 7.236106859999999474e-02 9.970386679999999613e-01 -2.603400549999999869e-02 -8.296589999999999521e-02 -8.639008339999999786e-02 3.226990539999999991e-02 9.957386240000000166e-01 -2.101240000000000052e-02
9.925844969999999545e-01 -7.965123450000000105e-02 9.182426879999999736e-02 -1.926700000000000079e-01 8.241946310000000664e-02 9.962385580000000518e-01 -2.675382429999999950e-02 -8.734010000000000384e-02 -8.934790200000000682e-02 3.412353819999999760e-02 9.954157609999999545e-01 -1.934440000000000118e-02
9.912610600000000272e-01 -8.994214270000000511e-02 9.649830319999999628e-02 -1.951849999999999974e-01 9.297533419999999549e-02 9.952912870000000245e-01 -2.740149050000000031e-02 -9.319399999999999906e-02 -9.357937160000000254e-02 3.613399250000000340e-02 9.949558960000000063e-01 -1.748450000000000004e-02
9.898515700000000139e-01 -9.941139409999999454e-02 1.015442929999999938e-01 -1.980639999999999901e-01 1.029537340000000051e-01 9.942261249999999606e-01 -3.024797939999999963e-02 -9.975199999999999345e-02 -9.795099549999999877e-02 4.039537409999999912e-02 9.943710660000000257e-01 -1.562940000000000162e-02
9.885113079999999774e-01 -1.071487160000000050e-01 1.066046320000000047e-01 -2.012220000000000120e-01 1.114455669999999954e-01 9.931475260000000027e-01 -3.518347780000000147e-02 -1.041429999999999995e-01 -1.021042620000000012e-01 4.665987939999999973e-02 9.936788090000000517e-01 -1.408129999999999972e-02
9.872908160000000155e-01 -1.132178880000000026e-01 1.115282679999999998e-01 -2.043480000000000019e-01 1.180998889999999996e-01 9.922680440000000157e-01 -3.816470450000000042e-02 -1.055699999999999972e-01 -1.063450090000000042e-01 5.085113830000000112e-02 9.930281469999999722e-01 -1.261939999999999937e-02
9.859675329999999516e-01 -1.184897560000000016e-01 1.175933700000000026e-01 -2.066290000000000071e-01 1.235319140000000065e-01 9.916679130000000120e-01 -3.653239800000000065e-02 -1.086680000000000007e-01 -1.122848570000000018e-01 5.054629239999999801e-02 9.923896330000000487e-01 -1.060580000000000030e-02
9.844523760000000179e-01 -1.226691079999999989e-01 1.257211560000000006e-01 -2.090410000000000046e-01 1.278210200000000074e-01 9.912233480000000041e-01 -3.373516210000000043e-02 -1.125479999999999953e-01 -1.204794829999999983e-01 4.928046700000000141e-02 9.914918710000000246e-01 -8.445940000000000739e-03
9.826937780000000178e-01 -1.271633980000000108e-01 1.346937619999999947e-01 -2.120819999999999927e-01 1.325981750000000126e-01 9.906486249999999494e-01 -3.214072850000000009e-02 -1.152419999999999972e-01 -1.293470660000000105e-01 4.944464090000000311e-02 9.903658739999999794e-01 -6.466709999999999646e-03
9.806912079999999809e-01 -1.338803420000000133e-01 1.425510720000000009e-01 -2.158480000000000121e-01 1.392292790000000113e-01 9.898588910000000185e-01 -2.818837849999999978e-02 -1.188250000000000001e-01 -1.373315760000000108e-01 4.749137789999999942e-02 9.893859750000000286e-01 -4.453720000000000422e-03
9.784350779999999581e-01 -1.430225350000000062e-01 1.490280240000000089e-01 -2.206220000000000125e-01 1.485786970000000096e-01 9.885378289999999790e-01 -2.678303289999999989e-02 -1.257570000000000077e-01 -1.434892630000000058e-01 4.834784849999999856e-02 9.884701900000000263e-01 -2.145450000000000135e-03
9.767525089999999910e-01 -1.505958209999999908e-01 1.525628860000000087e-01 -2.258439999999999892e-01 1.568426810000000116e-01 9.871767949999999958e-01 -2.970435410000000012e-02 -1.286599999999999966e-01 -1.461331889999999967e-01 5.294217450000000130e-02 9.878472640000000027e-01 -5.798679999999999850e-04
9.753811340000000385e-01 -1.568457839999999881e-01 1.550194950000000071e-01 -2.290729999999999988e-01 1.635180280000000097e-01 9.860471790000000514e-01 -3.118999219999999892e-02 -1.332979999999999998e-01 -1.479645169999999899e-01 5.577061209999999852e-02 9.874189289999999453e-01 1.066069999999999908e-03
9.740561479999999550e-01 -1.600790119999999928e-01 1.599666550000000131e-01 -2.322519999999999862e-01 1.675119630000000137e-01 9.852826980000000123e-01 -3.402569789999999872e-02 -1.367780000000000107e-01 -1.521655779999999958e-01 5.993926869999999935e-02 9.865358180000000088e-01 2.392560000000000173e-03
9.727092069999999646e-01 -1.610304150000000101e-01 1.670509040000000001e-01 -2.356199999999999961e-01 1.692745069999999907e-01 9.849020459999999755e-01 -3.625054450000000233e-02 -1.393220000000000014e-01 -1.586913369999999879e-01 6.353869780000000189e-02 9.852816319999999628e-01 3.644249999999999920e-03
9.711367319999999470e-01 -1.619631940000000048e-01 1.751038900000000120e-01 -2.397279999999999966e-01 1.708330259999999989e-01 9.846153109999999931e-01 -3.672554719999999995e-02 -1.414159999999999862e-01 -1.664617840000000015e-01 6.557905519999999988e-02 9.838647579999999504e-01 4.921299999999999980e-03
9.694077330000000492e-01 -1.639556679999999989e-01 1.826668700000000090e-01 -2.438700000000000034e-01 1.732617640000000125e-01 9.842140670000000258e-01 -3.609751380000000148e-02 -1.470150000000000068e-01 -1.738649110000000109e-01 6.664239319999999689e-02 9.825119770000000363e-01 6.790019999999999910e-03
9.679732210000000503e-01 -1.649398320000000084e-01 1.892688409999999932e-01 -2.472239999999999993e-01 1.754305620000000121e-01 9.836803149999999718e-01 -3.996442230000000345e-02 -1.530900000000000039e-01 -1.795883090000000015e-01 7.188802969999999459e-02 9.811116909999999525e-01 8.312089999999999410e-03
9.665954789999999797e-01 -1.642685030000000102e-01 1.967461289999999918e-01 -2.507039999999999824e-01 1.765425780000000056e-01 9.831968260000000237e-01 -4.644048989999999960e-02 -1.525579999999999992e-01 -1.858114600000000116e-01 7.962323629999999708e-02 9.793539919999999510e-01 8.401280000000000553e-03
9.647698310000000221e-01 -1.657543509999999942e-01 2.043151179999999900e-01 -2.558949999999999836e-01 1.787413720000000095e-01 9.827868090000000389e-01 -4.670771800000000223e-02 -1.566339999999999955e-01 -1.930561950000000138e-01 8.158176170000000504e-02 9.777902240000000411e-01 9.840530000000000110e-03
9.636323150000000171e-01 -1.662657369999999968e-01 2.092091429999999863e-01 -2.608860000000000068e-01 1.801676040000000090e-01 9.824091849999999626e-01 -4.911036879999999827e-02 -1.612510000000000054e-01 -1.973636119999999938e-01 8.501704849999999758e-02 9.766369369999999828e-01 1.113169999999999958e-02
9.629103150000000166e-01 -1.659947599999999912e-01 2.127192139999999898e-01 -2.648849999999999816e-01 1.809301690000000018e-01 9.820859840000000229e-01 -5.264403919999999931e-02 -1.645469999999999988e-01 -2.001699239999999991e-01 8.917881169999999913e-02 9.756941839999999644e-01 1.219420000000000052e-02
9.619323429999999675e-01 -1.664478630000000015e-01 2.167516449999999928e-01 -2.686450000000000227e-01 1.824375689999999939e-01 9.816308000000000256e-01 -5.583463310000000290e-02 -1.686719999999999886e-01 -2.034765349999999862e-01 9.325278250000000602e-02 9.746287590000000112e-01 1.315389999999999962e-02
9.608459539999999466e-01 -1.671407749999999914e-01 2.209955080000000072e-01 -2.729849999999999777e-01 1.844347540000000063e-01 9.810155139999999774e-01 -5.993648470000000061e-02 -1.712569999999999926e-01 -2.067821910000000041e-01 9.834898100000000198e-02 9.734313549999999982e-01 1.372190000000000042e-02
9.597021629999999970e-01 -1.683722149999999917e-01 2.249945690000000054e-01 -2.773149999999999782e-01 1.866924610000000040e-01 9.804193429999999987e-01 -6.264054369999999539e-02 -1.757630000000000026e-01 -2.100421010000000088e-01 1.021210550000000022e-01 9.723443870000000322e-01 1.479660000000000003e-02
9.590048150000000104e-01 -1.671468879999999935e-01 2.288486010000000126e-01 -2.814840000000000120e-01 1.869990250000000132e-01 9.800143860000000151e-01 -6.784664719999999871e-02 -1.789270000000000027e-01 -2.129345659999999918e-01 1.078597270000000025e-01 9.710948200000000252e-01 1.538269999999999915e-02
9.586991059999999676e-01 -1.639559509999999887e-01 2.324101319999999915e-01 -2.855710000000000193e-01 1.851399290000000086e-01 9.800471349999999582e-01 -7.232440619999999654e-02 -1.803700000000000025e-01 -2.159148670000000103e-01 1.123657390000000061e-01 9.699251060000000368e-01 1.570989999999999887e-02
9.582128439999999525e-01 -1.612129959999999973e-01 2.363017480000000059e-01 -2.885130000000000194e-01 1.834712049999999983e-01 9.801367899999999800e-01 -7.530065750000000668e-02 -1.833460000000000090e-01 -2.194685919999999901e-01 1.155086240000000042e-01 9.687576039999999944e-01 1.654660000000000158e-02
9.575739979999999818e-01 -1.572140459999999962e-01 2.415280160000000120e-01 -2.922270000000000145e-01 1.808824450000000028e-01 9.803244709999999751e-01 -7.902830349999999393e-02 -1.860159999999999869e-01 -2.243514659999999994e-01 1.193636269999999999e-01 9.671704840000000525e-01 1.735209999999999878e-02
9.571601920000000208e-01 -1.520381759999999971e-01 2.464320590000000089e-01 -2.964310000000000000e-01 1.770445649999999871e-01 9.807319329999999447e-01 -8.258387970000000133e-02 -1.853090000000000015e-01 -2.291278870000000023e-01 1.226754590000000006e-01 9.656350980000000250e-01 1.762669999999999862e-02
9.565937249999999503e-01 -1.485883909999999863e-01 2.506988929999999782e-01 -3.007589999999999986e-01 1.739413350000000025e-01 9.813294599999999868e-01 -8.207863869999999784e-02 -1.852880000000000082e-01 -2.338222759999999956e-01 1.221228109999999978e-01 9.645792669999999625e-01 1.839179999999999982e-02
9.559250940000000307e-01 -1.467307509999999926e-01 2.543173260000000102e-01 -3.044990000000000197e-01 1.716698610000000069e-01 9.820065609999999445e-01 -7.869289890000000232e-02 -1.865559999999999996e-01 -2.381946139999999990e-01 1.188831369999999998e-01 9.639139620000000130e-01 1.935850000000000071e-02
9.551034739999999523e-01 -1.454664099999999904e-01 2.581024570000000073e-01 -3.084009999999999807e-01 1.700626020000000072e-01 9.825322170000000410e-01 -7.555894080000000179e-02 -1.892999999999999960e-01 -2.426026910000000092e-01 1.160601819999999978e-01 9.631583299999999515e-01 2.058799999999999866e-02
9.544598909999999492e-01 -1.442024689999999998e-01 2.611742029999999937e-01 -3.118349999999999733e-01 1.688329269999999938e-01 9.828369169999999766e-01 -7.434404740000000178e-02 -1.925370000000000137e-01 -2.459710539999999945e-01 1.150532169999999993e-01 9.624245420000000495e-01 2.110149999999999873e-02
9.541844299999999723e-01 -1.425078080000000136e-01 2.631037800000000093e-01 -3.160209999999999964e-01 1.677469420000000100e-01 9.828976689999999738e-01 -7.598114990000000291e-02 -1.935119999999999896e-01 -2.477761850000000099e-01 1.166348849999999937e-01 9.617709009999999559e-01 2.097869999999999943e-02
9.541155759999999653e-01 -1.422140490000000090e-01 2.635121109999999933e-01 -3.198369999999999824e-01 1.676077709999999887e-01 9.828876370000000362e-01 -7.641681000000000168e-02 -1.928050000000000042e-01 -2.481352520000000006e-01 1.170771460000000069e-01 9.616245829999999772e-01 2.060729999999999854e-02
9.539045170000000073e-01 -1.432903510000000102e-01 2.636930940000000168e-01 -3.224469999999999836e-01 1.680012250000000040e-01 9.830384260000000207e-01 -7.355978439999999452e-02 -1.944700000000000040e-01 -2.486800369999999927e-01 1.144697739999999964e-01 9.617977490000000351e-01 2.040760000000000143e-02
9.535619880000000270e-01 -1.426794550000000106e-01 2.652585679999999724e-01 -3.244589999999999974e-01 1.669323900000000138e-01 9.833987840000000258e-01 -7.113654569999999788e-02 -1.978820000000000023e-01 -2.507052300000000011e-01 1.121133529999999989e-01 9.615495219999999899e-01 2.040319999999999981e-02
9.530006330000000414e-01 -1.394613060000000071e-01 2.689615920000000271e-01 -3.261519999999999975e-01 1.644460000000000088e-01 9.837104349999999942e-01 -7.260367660000000001e-02 -2.002019999999999911e-01 -2.544549210000000006e-01 1.134210080000000037e-01 9.604105210000000170e-01 2.052249999999999908e-02
9.520402599999999715e-01 -1.357686579999999865e-01 2.742010469999999756e-01 -3.290219999999999811e-01 1.618787730000000036e-01 9.839680960000000143e-01 -7.484683870000000128e-02 -1.998000000000000054e-01 -2.596432269999999765e-01 1.156445329999999938e-01 9.587553060000000293e-01 2.075959999999999958e-02
9.508698450000000468e-01 -1.332456870000000015e-01 2.794496810000000053e-01 -3.328349999999999920e-01 1.599581140000000123e-01 9.842730880000000182e-01 -7.496592089999999653e-02 -1.983030000000000070e-01 -2.650659149999999853e-01 1.159830770000000039e-01 9.572293280000000459e-01 2.187110000000000096e-02
9.496986920000000110e-01 -1.324141050000000042e-01 2.837937620000000050e-01 -3.361419999999999964e-01 1.588281109999999940e-01 9.846719480000000191e-01 -7.207485909999999940e-02 -2.003429999999999933e-01 -2.699000289999999858e-01 1.135238269999999938e-01 9.561727429999999917e-01 2.391070000000000001e-02
9.488105009999999728e-01 -1.306115569999999892e-01 2.875747799999999743e-01 -3.388909999999999978e-01 1.575848880000000063e-01 9.848305349999999514e-01 -7.263483599999999429e-02 -2.015119999999999967e-01 -2.737254749999999959e-01 1.142341350000000005e-01 9.549999620000000355e-01 2.512560000000000140e-02
9.478929339999999648e-01 -1.279823380000000010e-01 2.917524759999999828e-01 -3.426379999999999981e-01 1.554739219999999866e-01 9.851404990000000028e-01 -7.297983449999999317e-02 -1.992299999999999904e-01 -2.780770499999999923e-01 1.145369710000000013e-01 9.537056339999999688e-01 2.594180000000000097e-02
9.466170680000000059e-01 -1.286945240000000046e-01 2.955568399999999873e-01 -3.464559999999999862e-01 1.557669040000000116e-01 9.853207090000000168e-01 -6.985536280000000098e-02 -2.002529999999999866e-01 -2.822282720000000023e-01 1.121642530000000054e-01 9.527677490000000526e-01 2.765810000000000143e-02
9.451511949999999995e-01 -1.306793549999999970e-01 2.993528429999999796e-01 -3.501330000000000275e-01 1.577589319999999906e-01 9.851303590000000110e-01 -6.804626519999999734e-02 -2.012799999999999867e-01 -2.860093320000000050e-01 1.115395940000000058e-01 9.517129720000000459e-01 2.921970000000000123e-02
9.434427890000000039e-01 -1.327467469999999983e-01 3.037992849999999745e-01 -3.539080000000000004e-01 1.599138370000000031e-01 9.849053549999999824e-01 -6.624957500000000499e-02 -2.025740000000000041e-01 -2.904191269999999991e-01 1.110843930000000035e-01 9.504298960000000518e-01 3.070099999999999912e-02
9.414405279999999987e-01 -1.348530810000000135e-01 3.090378269999999872e-01 -3.574510000000000187e-01 1.626505659999999964e-01 9.844805639999999469e-01 -6.590001510000000062e-02 -2.044549999999999979e-01 -2.953549140000000239e-01 1.123061229999999938e-01 9.487638320000000292e-01 3.183910000000000212e-02
9.390008850000000074e-01 -1.360914189999999913e-01 3.158424659999999884e-01 -3.607630000000000003e-01 1.647803559999999889e-01 9.841298750000000428e-01 -6.584696880000000252e-02 -2.053590000000000138e-01 -3.018687990000000210e-01 1.138749960000000061e-01 9.465240160000000236e-01 3.285699999999999732e-02
9.357685289999999600e-01 -1.378594220000000092e-01 3.245489799999999869e-01 -3.644279999999999742e-01 1.675913649999999921e-01 9.836867940000000310e-01 -6.537143530000000258e-02 -2.077309999999999990e-01 -3.102424779999999882e-01 1.155641389999999963e-01 9.436071929999999552e-01 3.388130000000000308e-02
9.319461329999999544e-01 -1.419332050000000067e-01 3.336635600000000257e-01 -3.700169999999999848e-01 1.733541789999999971e-01 9.826321009999999800e-01 -6.620031739999999998e-02 -2.089590000000000058e-01 -3.184725019999999907e-01 1.195371020000000062e-01 9.403649010000000308e-01 3.494529999999999859e-02
9.282262650000000503e-01 -1.479403910000000044e-01 3.413350880000000087e-01 -3.765069999999999806e-01 1.807923680000000088e-01 9.812811839999999730e-01 -6.634273340000000629e-02 -2.110869999999999969e-01 -3.251309290000000130e-01 1.232918459999999966e-01 9.375974609999999654e-01 3.622079999999999744e-02
9.252562069999999972e-01 -1.533895740000000008e-01 3.469475320000000029e-01 -3.837400000000000255e-01 1.877691629999999889e-01 9.798888989999999799e-01 -6.753137069999999575e-02 -2.130980000000000096e-01 -3.296114270000000124e-01 1.276298680000000074e-01 9.354501179999999971e-01 3.764800000000000091e-02
9.233797750000000137e-01 -1.567089789999999982e-01 3.504455550000000197e-01 -3.899179999999999868e-01 1.923332749999999980e-01 9.788980940000000519e-01 -6.903935519999999937e-02 -2.148190000000000099e-01 -3.322313989999999828e-01 1.311518849999999958e-01 9.340350530000000040e-01 3.852760000000000212e-02
9.215814150000000149e-01 -1.573791579999999912e-01 3.548513730000000255e-01 -3.953599999999999892e-01 1.941570669999999887e-01 9.784486230000000173e-01 -7.029456850000000145e-02 -2.160610000000000031e-01 -3.361409369999999730e-01 1.336790700000000109e-01 9.322763410000000084e-01 3.924199999999999910e-02
9.189941280000000212e-01 -1.574246699999999888e-01 3.614792749999999888e-01 -4.012299999999999756e-01 1.952872240000000092e-01 9.782110990000000283e-01 -7.046946799999999345e-02 -2.166720000000000035e-01 -3.425094060000000162e-01 1.353533110000000039e-01 9.297132830000000014e-01 4.026509999999999811e-02
9.156407119999999678e-01 -1.599473349999999960e-01 3.688074530000000073e-01 -4.074169999999999736e-01 1.986390610000000057e-01 9.776282899999999554e-01 -6.917694159999999981e-02 -2.187300000000000078e-01 -3.494919320000000051e-01 1.366007899999999997e-01 9.269280519999999468e-01 4.166199999999999765e-02
9.117467139999999581e-01 -1.643277730000000103e-01 3.764496159999999869e-01 -4.136070000000000024e-01 2.042775269999999865e-01 9.765145079999999478e-01 -6.848435640000000157e-02 -2.221349999999999991e-01 -3.563546300000000056e-01 1.393405829999999901e-01 9.239023650000000032e-01 4.298670000000000269e-02
9.074013629999999608e-01 -1.693064260000000099e-01 3.846532220000000168e-01 -4.206860000000000044e-01 2.118540819999999991e-01 9.747383549999999452e-01 -7.073180140000000227e-02 -2.246239999999999903e-01 -3.629608999999999752e-01 1.456724879999999889e-01 9.203471690000000205e-01 4.409980000000000150e-02
9.032801889999999556e-01 -1.732895249999999998e-01 3.924992250000000071e-01 -4.288350000000000217e-01 2.188704780000000072e-01 9.729327100000000339e-01 -7.414618359999999853e-02 -2.244960000000000011e-01 -3.690265770000000223e-01 1.528812720000000125e-01 9.167588020000000393e-01 4.524740000000000012e-02
8.993723289999999704e-01 -1.765180100000000030e-01 3.999635049999999969e-01 -4.367559999999999776e-01 2.240904149999999873e-01 9.716732319999999978e-01 -7.506408069999999377e-02 -2.239500000000000102e-01 -3.753836689999999754e-01 1.571385449999999906e-01 9.134520120000000354e-01 4.641979999999999718e-02
8.952927489999999988e-01 -1.789922449999999943e-01 4.079370909999999739e-01 -4.447699999999999987e-01 2.278969680000000053e-01 9.708558090000000140e-01 -7.417526589999999531e-02 -2.248920000000000086e-01 -3.827712970000000103e-01 1.593762039999999935e-01 9.099919560000000462e-01 4.812249999999999861e-02
8.910831270000000304e-01 -1.804991910000000033e-01 4.164023339999999851e-01 -4.529239999999999933e-01 2.307380390000000059e-01 9.702594749999999824e-01 -7.318816629999999601e-02 -2.245169999999999944e-01 -3.908079050000000110e-01 1.612965980000000132e-01 9.062298760000000453e-01 4.998820000000000346e-02
