1.000000000000000000e+00 -6.580830000000000386e-23 2.802279999999999890e-23 3.366609999999999881e-23 6.580830000000000386e-23 1.000000000000000000e+00 8.959630000000000337e-23 3.301930000000000174e-23 -2.802279999999999890e-23 -8.959630000000000337e-23 1.000000000000000000e+00 3.978049999999999840e-23
9.999930000000000208e-01 -1.354069999999999970e-03 3.535340000000000097e-03 -9.942400000000000543e-03 1.353910000000000053e-03 9.999989999999999712e-01 4.713200000000000207e-05 -2.608099999999999915e-03 -3.535400000000000174e-03 -4.234520000000000243e-05 9.999940000000000495e-01 -1.002070000000000087e-03
9.999930000000000208e-01 -2.539529999999999912e-03 2.911309999999999853e-03 -1.316630000000000057e-02 2.536930000000000174e-03 9.999959999999999960e-01 8.946540000000000438e-04 -5.641339999999999896e-03 -2.913569999999999875e-03 -8.872619999999999899e-04 9.999949999999999672e-01 4.379920000000000037e-04
9.999930000000000208e-01 -2.021670000000000151e-03 3.113700000000000061e-03 -1.605760000000000173e-02 2.023689999999999864e-03 9.999980000000000535e-01 -6.453669999999999893e-04 -6.873579999999999794e-03 -3.112380000000000094e-03 6.516630000000000252e-04 9.999949999999999672e-01 3.972180000000000177e-04
9.999959999999999960e-01 -6.136559999999999671e-04 2.770340000000000042e-03 -1.656030000000000002e-02 6.165329999999999465e-04 9.999989999999999712e-01 -1.037659999999999928e-03 -9.155419999999999184e-03 -2.769699999999999940e-03 1.039360000000000023e-03 9.999959999999999960e-01 -3.480059999999999881e-04
9.999930000000000208e-01 1.857860000000000024e-03 3.185340000000000046e-03 -1.878060000000000146e-02 -1.854390000000000031e-03 9.999980000000000535e-01 -1.091299999999999909e-03 -9.713360000000000744e-03 -3.187360000000000193e-03 1.085379999999999939e-03 9.999940000000000495e-01 -1.396529999999999994e-03
9.999820000000000375e-01 4.660759999999999903e-03 3.682939999999999998e-03 -1.945140000000000063e-02 -4.660629999999999808e-03 9.999890000000000168e-01 -4.409750000000000258e-05 -1.045409999999999916e-02 -3.683109999999999856e-03 2.693189999999999874e-05 9.999930000000000208e-01 -7.329129999999999673e-04
9.999630000000000463e-01 7.242550000000000376e-03 4.681969999999999708e-03 -2.206719999999999862e-02 -7.237969999999999821e-03 9.999730000000000008e-01 -9.942889999999999801e-04 -1.271380000000000079e-02 -4.689050000000000162e-03 9.603640000000000093e-04 9.999890000000000168e-01 9.343269999999999874e-04
9.999310000000000143e-01 1.069840000000000027e-02 4.911510000000000008e-03 -2.503179999999999988e-02 -1.067519999999999927e-02 9.999320000000000430e-01 -4.729780000000000269e-03 -1.462100000000000032e-02 -4.961779999999999836e-03 4.677019999999999615e-03 9.999770000000000048e-01 8.275770000000000218e-04
9.999320000000000430e-01 1.072940000000000005e-02 4.597979999999999776e-03 -2.716309999999999905e-02 -1.069559999999999955e-02 9.999160000000000270e-01 -7.314629999999999917e-03 -1.482520000000000018e-02 -4.676079999999999993e-03 7.264950000000000054e-03 9.999630000000000463e-01 9.412350000000000100e-05
9.999440000000000550e-01 9.782330000000000539e-03 4.090260000000000076e-03 -2.846999999999999878e-02 -9.744680000000000356e-03 9.999109999999999943e-01 -9.124459999999999169e-03 -1.578030000000000058e-02 -4.179150000000000399e-03 9.084089999999999526e-03 9.999500000000000055e-01 -1.409019999999999977e-03
9.999649999999999928e-01 8.016840000000000771e-03 2.578940000000000052e-03 -2.972139999999999851e-02 -7.989710000000000562e-03 9.999139999999999695e-01 -1.036370000000000000e-02 -1.706710000000000171e-02 -2.661810000000000131e-03 1.034269999999999981e-02 9.999430000000000263e-01 -3.807400000000000172e-04
9.999700000000000255e-01 7.436270000000000033e-03 2.148059999999999813e-03 -3.181280000000000219e-02 -7.409009999999999728e-03 9.998949999999999783e-01 -1.242870000000000086e-02 -1.781340000000000007e-02 -2.240259999999999994e-03 1.241240000000000052e-02 9.999200000000000310e-01 -8.078609999999999958e-04
9.999609999999999888e-01 8.760679999999999856e-03 1.370850000000000063e-03 -3.051989999999999911e-02 -8.741250000000000756e-03 9.998700000000000365e-01 -1.358430000000000054e-02 -1.821889999999999968e-02 -1.489679999999999954e-03 1.357180000000000018e-02 9.999069999999999903e-01 -1.630820000000000056e-03
9.999289999999999567e-01 1.174359999999999987e-02 2.162129999999999955e-03 -2.985739999999999922e-02 -1.171220000000000074e-02 9.998329999999999718e-01 -1.400610000000000049e-02 -1.761679999999999843e-02 -2.326250000000000193e-03 1.397980000000000056e-02 9.999000000000000110e-01 -1.197249999999999964e-03
9.998629999999999463e-01 1.600839999999999902e-02 4.245379999999999987e-03 -2.935509999999999856e-02 -1.595039999999999999e-02 9.997840000000000060e-01 -1.335880000000000054e-02 -1.862259999999999957e-02 -4.458310000000000051e-03 1.328930000000000042e-02 9.999019999999999575e-01 -9.508389999999999811e-04
9.997779999999999445e-01 1.990969999999999893e-02 6.957080000000000035e-03 -2.986549999999999969e-02 -1.981279999999999847e-02 9.997089999999999588e-01 -1.372559999999999926e-02 -2.019160000000000052e-02 -7.228339999999999765e-03 1.358479999999999931e-02 9.998820000000000485e-01 -1.684420000000000058e-03
9.997030000000000083e-01 2.223939999999999945e-02 9.930700000000000638e-03 -3.119490000000000110e-02 -2.208480000000000165e-02 9.996369999999999978e-01 -1.541329999999999957e-02 -2.106709999999999833e-02 -1.026990000000000021e-02 1.518940000000000047e-02 9.998320000000000540e-01 -1.385039999999999926e-03
9.996620000000000505e-01 2.336059999999999873e-02 1.138480000000000047e-02 -3.126620000000000094e-02 -2.316040000000000113e-02 9.995800000000000241e-01 -1.741279999999999911e-02 -2.184830000000000105e-02 -1.178680000000000005e-02 1.714320000000000080e-02 9.997840000000000060e-01 -1.748540000000000033e-03
9.996530000000000138e-01 2.342079999999999856e-02 1.204979999999999940e-02 -3.105729999999999949e-02 -2.318730000000000097e-02 9.995469999999999633e-01 -1.916119999999999976e-02 -2.317999999999999922e-02 -1.249310000000000004e-02 1.887509999999999882e-02 9.997439999999999660e-01 -2.428009999999999977e-03
9.996899999999999675e-01 2.166780000000000095e-02 1.229410000000000051e-02 -3.304920000000000080e-02 -2.139780000000000154e-02 9.995359999999999800e-01 -2.167940000000000145e-02 -2.488709999999999881e-02 -1.275809999999999965e-02 2.140960000000000085e-02 9.996890000000000498e-01 -2.742989999999999838e-03
9.996969999999999468e-01 2.159480000000000080e-02 1.183780000000000075e-02 -3.508569999999999744e-02 -2.130210000000000090e-02 9.994769999999999488e-01 -2.431840000000000043e-02 -2.486750000000000071e-02 -1.235679999999999938e-02 2.405880000000000171e-02 9.996340000000000225e-01 -3.025100000000000185e-03
9.996519999999999850e-01 2.291050000000000031e-02 1.306120000000000024e-02 -3.530910000000000298e-02 -2.256470000000000004e-02 9.994060000000000166e-01 -2.602990000000000165e-02 -2.516499999999999987e-02 -1.364980000000000013e-02 2.572609999999999827e-02 9.995760000000000201e-01 -1.772649999999999964e-03
9.996080000000000521e-01 2.354569999999999927e-02 1.517909999999999919e-02 -3.452870000000000245e-02 -2.311370000000000091e-02 9.993400000000000061e-01 -2.803299999999999889e-02 -2.601530000000000162e-02 -1.582920000000000160e-02 2.767119999999999996e-02 9.994920000000000471e-01 -2.275099999999999952e-03
9.995739999999999625e-01 2.210439999999999974e-02 1.907659999999999911e-02 -3.584020000000000261e-02 -2.155369999999999855e-02 9.993579999999999686e-01 -2.860619999999999830e-02 -2.636530000000000123e-02 -1.969660000000000161e-02 2.818280000000000091e-02 9.994089999999999918e-01 -3.692990000000000161e-03
9.995889999999999498e-01 1.912499999999999964e-02 2.133399999999999880e-02 -3.624759999999999788e-02 -1.852979999999999905e-02 9.994429999999999703e-01 -2.775410000000000030e-02 -2.706520000000000106e-02 -2.185290000000000149e-02 2.734740000000000087e-02 9.993870000000000253e-01 -3.407250000000000122e-03
9.995330000000000048e-01 1.719640000000000057e-02 2.526870000000000158e-02 -3.896419999999999745e-02 -1.653280000000000027e-02 9.995190000000000463e-01 -2.624020000000000172e-02 -2.760330000000000075e-02 -2.570779999999999940e-02 2.581019999999999842e-02 9.993360000000000021e-01 -4.812420000000000413e-03
9.995249999999999968e-01 1.297290000000000075e-02 2.794440000000000118e-02 -4.037349999999999967e-02 -1.233609999999999915e-02 9.996629999999999683e-01 -2.284179999999999891e-02 -2.848880000000000162e-02 -2.823130000000000084e-02 2.248630000000000073e-02 9.993480000000000141e-01 -6.235899999999999950e-03
9.995030000000000303e-01 1.101549999999999925e-02 2.952379999999999935e-02 -4.318170000000000341e-02 -1.043359999999999947e-02 9.997500000000000275e-01 -1.979200000000000056e-02 -3.029170000000000126e-02 -2.973450000000000051e-02 1.947420000000000054e-02 9.993680000000000341e-01 -6.003439999999999645e-03
9.994499999999999496e-01 1.013159999999999929e-02 3.158029999999999865e-02 -4.647939999999999711e-02 -9.545849999999999821e-03 9.997810000000000308e-01 -1.864309999999999926e-02 -3.039330000000000157e-02 -3.176230000000000026e-02 1.833140000000000117e-02 9.993269999999999653e-01 -6.928779999999999835e-03
9.993819999999999926e-01 9.404040000000000663e-03 3.388150000000000189e-02 -4.920130000000000337e-02 -8.846599999999999603e-03 9.998240000000000460e-01 -1.656509999999999927e-02 -3.155059999999999809e-02 -3.403130000000000044e-02 1.625510000000000149e-02 9.992889999999999828e-01 -6.967049999999999806e-03
9.993239999999999901e-01 9.266260000000000122e-03 3.557310000000000333e-02 -5.435360000000000191e-02 -8.677050000000000388e-03 9.998230000000000173e-01 -1.668230000000000060e-02 -3.654489999999999822e-02 -3.572140000000000037e-02 1.636239999999999917e-02 9.992280000000000051e-01 -4.228899999999999847e-03
9.992579999999999796e-01 9.575570000000000262e-03 3.729319999999999857e-02 -5.950339999999999796e-02 -8.676329999999999459e-03 9.996690000000000298e-01 -2.420040000000000038e-02 -3.643670000000000242e-02 -3.751260000000000011e-02 2.385889999999999886e-02 9.990109999999999824e-01 -4.976549999999999724e-03
9.991900000000000226e-01 1.050590000000000031e-02 3.885450000000000015e-02 -6.499530000000000585e-02 -9.476470000000000726e-03 9.996019999999999905e-01 -2.658330000000000068e-02 -3.653119999999999978e-02 -3.911830000000000168e-02 2.619350000000000150e-02 9.988909999999999734e-01 -7.343429999999999749e-03
9.991060000000000496e-01 1.246700000000000065e-02 4.040330000000000310e-02 -7.061800000000000022e-02 -1.146439999999999959e-02 9.996230000000000393e-01 -2.495150000000000146e-02 -3.734710000000000113e-02 -4.069910000000000194e-02 2.446600000000000164e-02 9.988719999999999821e-01 -8.434979999999999908e-03
9.989419999999999966e-01 1.450989999999999919e-02 4.364200000000000024e-02 -7.742699999999999583e-02 -1.350170000000000016e-02 9.996369999999999978e-01 -2.330760000000000123e-02 -3.724759999999999877e-02 -4.396440000000000070e-02 2.269370000000000068e-02 9.987749999999999684e-01 -8.036710000000000728e-03
9.987200000000000522e-01 1.386300000000000032e-02 4.864500000000000074e-02 -8.349059999999999815e-02 -1.291300000000000087e-02 9.997209999999999708e-01 -1.978890000000000163e-02 -3.933840000000000253e-02 -4.890579999999999927e-02 1.913540000000000033e-02 9.986199999999999521e-01 -9.072580000000000228e-03
9.984429999999999694e-01 1.393100000000000067e-02 5.400769999999999876e-02 -8.990080000000000293e-02 -1.297779999999999941e-02 9.997540000000000315e-01 -1.795940000000000036e-02 -4.054390000000000077e-02 -5.424459999999999699e-02 1.723059999999999869e-02 9.983790000000000164e-01 -8.061860000000000553e-03
9.982250000000000290e-01 1.164390000000000043e-02 5.840780000000000277e-02 -9.688030000000000252e-02 -1.056320000000000002e-02 9.997679999999999900e-01 -1.877710000000000143e-02 -4.621829999999999689e-02 -5.861290000000000250e-02 1.812679999999999847e-02 9.981160000000000032e-01 -7.850599999999999246e-03
9.980539999999999967e-01 7.143400000000000270e-03 6.194519999999999887e-02 -1.040250000000000064e-01 -5.513259999999999862e-03 9.996350000000000513e-01 -2.644699999999999829e-02 -4.784320000000000239e-02 -6.211150000000000004e-02 2.605400000000000077e-02 9.977289999999999770e-01 -8.037829999999999281e-03
9.978460000000000107e-01 2.163449999999999922e-03 6.556520000000000403e-02 -1.110779999999999962e-01 -2.073809999999999987e-04 9.995549999999999713e-01 -2.982610000000000122e-02 -4.912140000000000256e-02 -6.560050000000000603e-02 2.974819999999999895e-02 9.974020000000000108e-01 -1.033519999999999925e-02
9.976869999999999905e-01 -2.007670000000000027e-03 6.795030000000000514e-02 -1.165100000000000025e-01 4.183720000000000147e-03 9.994819999999999816e-01 -3.189700000000000174e-02 -5.121130000000000126e-02 -6.785109999999999753e-02 3.210749999999999715e-02 9.971790000000000376e-01 -9.975750000000000242e-03
9.974659999999999638e-01 -4.844120000000000370e-03 7.098599999999999355e-02 -1.226580000000000031e-01 7.308779999999999964e-03 9.993779999999999886e-01 -3.450179999999999914e-02 -5.223549999999999721e-02 -7.077469999999999595e-02 3.493319999999999759e-02 9.968799999999999883e-01 -1.085569999999999938e-02
9.972370000000000401e-01 -5.146490000000000092e-03 7.410990000000000633e-02 -1.288539999999999963e-01 7.873440000000000646e-03 9.993009999999999948e-01 -3.655110000000000303e-02 -5.305569999999999731e-02 -7.387000000000000510e-02 3.703359999999999985e-02 9.965800000000000214e-01 -1.167310000000000049e-02
9.970350000000000046e-01 -6.571079999999999977e-03 7.666860000000000341e-02 -1.351239999999999941e-01 9.448210000000000289e-03 9.992619999999999836e-01 -3.722469999999999946e-02 -5.488839999999999691e-02 -7.636740000000000195e-02 3.783870000000000289e-02 9.963619999999999699e-01 -1.277460000000000054e-02
9.968449999999999811e-01 -7.255379999999999642e-03 7.903820000000000290e-02 -1.413419999999999954e-01 1.036740000000000057e-02 9.991839999999999611e-01 -3.903449999999999975e-02 -5.612140000000000184e-02 -7.869049999999999656e-02 3.973070000000000074e-02 9.961069999999999647e-01 -1.244490000000000006e-02
9.965870000000000006e-01 -9.963659999999999184e-03 8.194049999999999945e-02 -1.466639999999999888e-01 1.335369999999999960e-02 9.990729999999999889e-01 -4.092869999999999842e-02 -5.796819999999999751e-02 -8.145679999999999588e-02 4.188329999999999831e-02 9.957960000000000145e-01 -1.408640000000000066e-02
9.962839999999999474e-01 -1.084779999999999946e-02 8.543720000000000481e-02 -1.529169999999999974e-01 1.447329999999999971e-02 9.990160000000000151e-01 -4.193079999999999724e-02 -5.960130000000000289e-02 -8.489829999999999599e-02 4.301159999999999706e-02 9.954610000000000403e-01 -1.624420000000000031e-02
9.959949999999999637e-01 -1.237700000000000085e-02 8.854439999999999533e-02 -1.586990000000000067e-01 1.613799999999999957e-02 9.989919999999999911e-01 -4.188709999999999656e-02 -6.216760000000000341e-02 -8.793670000000000653e-02 4.314830000000000054e-02 9.951910000000000478e-01 -1.679800000000000043e-02
9.956899999999999640e-01 -1.628630000000000008e-02 9.130009999999999515e-02 -1.639869999999999939e-01 2.037129999999999844e-02 9.988240000000000451e-01 -4.399020000000000014e-02 -6.501719999999999722e-02 -9.047629999999999562e-02 4.566060000000000257e-02 9.948510000000000408e-01 -1.611730000000000107e-02
9.953089999999999993e-01 -2.102990000000000068e-02 9.443690000000000417e-02 -1.689009999999999956e-01 2.559929999999999845e-02 9.985460000000000447e-01 -4.743819999999999981e-02 -6.786150000000000515e-02 -9.330199999999999605e-02 4.963309999999999944e-02 9.943999999999999506e-01 -1.689859999999999973e-02
9.949210000000000553e-01 -2.701889999999999847e-02 9.696730000000000627e-02 -1.741030000000000078e-01 3.225510000000000183e-02 9.980820000000000247e-01 -5.284439999999999971e-02 -6.940079999999999860e-02 -9.535349999999999382e-02 5.570370000000000182e-02 9.938839999999999897e-01 -1.737460000000000046e-02
9.945599999999999996e-01 -3.149350000000000066e-02 9.929269999999999763e-02 -1.791179999999999994e-01 3.727670000000000289e-02 9.976819999999999578e-01 -5.693680000000000269e-02 -7.122349999999999515e-02 -9.726940000000000586e-02 6.032839999999999731e-02 9.934279999999999777e-01 -1.870930000000000162e-02
9.941910000000000469e-01 -3.816399999999999654e-02 1.006399999999999934e-01 -1.830880000000000007e-01 4.425629999999999842e-02 9.972760000000000513e-01 -5.901399999999999701e-02 -7.322309999999999930e-02 -9.811369999999999814e-02 6.312510000000000343e-02 9.931710000000000260e-01 -2.050559999999999883e-02
9.938249999999999584e-01 -4.426460000000000117e-02 1.017519999999999952e-01 -1.870749999999999913e-01 5.063530000000000114e-02 9.968580000000000219e-01 -6.090330000000000049e-02 -7.433710000000000317e-02 -9.873650000000000482e-02 6.567939999999999889e-02 9.929440000000000488e-01 -2.119240000000000013e-02
9.934770000000000545e-01 -4.914759999999999962e-02 1.028970000000000024e-01 -1.909329999999999916e-01 5.563590000000000202e-02 9.965760000000000174e-01 -6.116499999999999715e-02 -7.416050000000000419e-02 -9.953879999999999673e-02 6.649080000000000268e-02 9.928099999999999703e-01 -2.325349999999999986e-02
9.931649999999999645e-01 -5.244630000000000125e-02 1.042730000000000046e-01 -1.954410000000000036e-01 5.876579999999999998e-02 9.965570000000000261e-01 -5.848439999999999889e-02 -7.438790000000000679e-02 -1.008470000000000061e-01 6.421240000000000281e-02 9.928280000000000438e-01 -2.444160000000000083e-02
9.931550000000000100e-01 -5.546190000000000148e-02 1.027990000000000015e-01 -1.971610000000000029e-01 6.119890000000000052e-02 9.966899999999999649e-01 -5.351899999999999713e-02 -7.431350000000000455e-02 -9.948999999999999511e-02 5.944379999999999803e-02 9.932609999999999495e-01 -2.538100000000000078e-02
9.929379999999999873e-01 -5.917290000000000050e-02 1.028239999999999987e-01 -2.027720000000000078e-01 6.432820000000000205e-02 9.967949999999999866e-01 -4.756350000000000161e-02 -7.514289999999999858e-02 -9.968029999999999946e-02 5.384209999999999691e-02 9.935619999999999452e-01 -2.638160000000000158e-02
9.928730000000000055e-01 -6.199589999999999962e-02 1.017819999999999975e-01 -2.074139999999999873e-01 6.666930000000000078e-02 9.968409999999999771e-01 -4.317209999999999798e-02 -7.716480000000000561e-02 -9.878409999999999969e-02 4.965019999999999850e-02 9.938690000000000024e-01 -2.451769999999999991e-02
9.929080000000000128e-01 -6.299019999999999619e-02 1.008270000000000000e-01 -2.121369999999999922e-01 6.767520000000000480e-02 9.967479999999999674e-01 -4.373760000000000148e-02 -7.959670000000000634e-02 -9.774399999999999755e-02 5.025090000000000112e-02 9.939419999999999922e-01 -2.429200000000000109e-02
9.931189999999999740e-01 -6.364029999999999687e-02 9.831070000000000086e-02 -2.141299999999999870e-01 6.829780000000000573e-02 9.966610000000000191e-01 -4.475549999999999667e-02 -7.983679999999999943e-02 -9.513420000000000210e-02 5.116199999999999914e-02 9.941489999999999494e-01 -2.667660000000000170e-02
9.932459999999999622e-01 -6.379880000000000273e-02 9.691669999999999452e-02 -2.159149999999999958e-01 6.828810000000000435e-02 9.967070000000000096e-01 -4.372990000000000210e-02 -8.029340000000000088e-02 -9.380760000000000487e-02 5.005280000000000146e-02 9.943309999999999649e-01 -2.601409999999999834e-02
9.931750000000000300e-01 -6.410240000000000382e-02 9.743880000000000596e-02 -2.195280000000000009e-01 6.852519999999999445e-02 9.967329999999999801e-01 -4.273919999999999803e-02 -8.069469999999999421e-02 -9.438080000000000080e-02 4.912450000000000150e-02 9.943229999999999569e-01 -2.529369999999999882e-02
9.929280000000000328e-01 -6.526500000000000357e-02 9.916609999999999314e-02 -2.225910000000000111e-01 6.958620000000000083e-02 9.967430000000000456e-01 -4.075569999999999887e-02 -8.356280000000000652e-02 -9.618319999999999648e-02 4.736810000000000326e-02 9.942360000000000086e-01 -2.421080000000000107e-02
9.927909999999999791e-01 -6.607040000000000135e-02 1.000069999999999987e-01 -2.231529999999999903e-01 7.015609999999999902e-02 9.968160000000000354e-01 -3.790029999999999788e-02 -8.371049999999999325e-02 -9.718459999999999599e-02 4.464320000000000094e-02 9.942649999999999544e-01 -2.475429999999999992e-02
9.922640000000000349e-01 -7.030970000000000275e-02 1.023189999999999933e-01 -2.257210000000000050e-01 7.360519999999999563e-02 9.968719999999999803e-01 -2.879270000000000093e-02 -8.897589999999999666e-02 -9.997469999999999968e-02 3.610109999999999708e-02 9.943349999999999689e-01 -2.141209999999999988e-02
9.914100000000000135e-01 -7.710830000000000461e-02 1.056470000000000048e-01 -2.289249999999999896e-01 8.035989999999999800e-02 9.964039999999999564e-01 -2.686859999999999943e-02 -9.455860000000000654e-02 -1.031949999999999951e-01 3.512749999999999900e-02 9.940409999999999524e-01 -1.756939999999999891e-02
9.901780000000000026e-01 -8.668700000000000017e-02 1.096909999999999968e-01 -2.318119999999999903e-01 9.019470000000000265e-02 9.955469999999999597e-01 -2.742150000000000143e-02 -9.882359999999999756e-02 -1.068250000000000033e-01 3.704570000000000085e-02 9.935869999999999980e-01 -1.560019999999999983e-02
9.887329999999999730e-01 -9.680859999999999466e-02 1.141739999999999977e-01 -2.336479999999999946e-01 1.006340000000000012e-01 9.945230000000000459e-01 -2.821699999999999903e-02 -1.041020000000000001e-01 -1.108169999999999988e-01 3.938889999999999753e-02 9.930600000000000538e-01 -1.260099999999999935e-02
9.872689999999999522e-01 -1.056180000000000035e-01 1.189299999999999941e-01 -2.364870000000000028e-01 1.099580000000000002e-01 9.934669999999999890e-01 -3.052150000000000002e-02 -1.108859999999999985e-01 -1.149300000000000044e-01 4.321030000000000010e-02 9.924330000000000096e-01 -1.059910000000000019e-02
9.860970000000000013e-01 -1.126100000000000018e-01 1.221939999999999971e-01 -2.375869999999999926e-01 1.174869999999999942e-01 9.925110000000000321e-01 -3.344189999999999663e-02 -1.175400000000000056e-01 -1.175130000000000063e-01 4.733310000000000295e-02 9.919430000000000192e-01 -9.818520000000000719e-03
9.847780000000000422e-01 -1.188899999999999957e-01 1.267969999999999930e-01 -2.406159999999999966e-01 1.242059999999999970e-01 9.916439999999999699e-01 -3.485180000000000222e-02 -1.213339999999999974e-01 -1.215939999999999938e-01 5.007020000000000221e-02 9.913159999999999750e-01 -9.528250000000000261e-03
9.830980000000000274e-01 -1.246789999999999982e-01 1.340659999999999907e-01 -2.442209999999999936e-01 1.302200000000000024e-01 9.909240000000000270e-01 -3.335860000000000214e-02 -1.243380000000000041e-01 -1.286899999999999988e-01 5.025290000000000312e-02 9.904110000000000413e-01 -7.065509999999999673e-03
9.815249999999999808e-01 -1.287750000000000006e-01 1.415150000000000019e-01 -2.460739999999999872e-01 1.343370000000000120e-01 9.904680000000000151e-01 -3.043629999999999947e-02 -1.285630000000000106e-01 -1.362460000000000060e-01 4.888460000000000027e-02 9.894680000000000142e-01 -5.039309999999999970e-03
9.793669999999999876e-01 -1.340320000000000122e-01 1.512479999999999936e-01 -2.498209999999999875e-01 1.399170000000000136e-01 9.897409999999999819e-01 -2.891540000000000082e-02 -1.311479999999999868e-01 -1.458210000000000062e-01 4.948099999999999721e-02 9.880729999999999791e-01 -2.431140000000000037e-03
9.772680000000000256e-01 -1.404960000000000098e-01 1.587729999999999975e-01 -2.533070000000000044e-01 1.462229999999999919e-01 9.889379999999999837e-01 -2.492540000000000033e-02 -1.348010000000000042e-01 -1.535150000000000126e-01 4.757499999999999923e-02 9.869999999999999885e-01 -3.100010000000000157e-04
9.749520000000000408e-01 -1.483440000000000036e-01 1.657200000000000062e-01 -2.587990000000000013e-01 1.543559999999999932e-01 9.877249999999999641e-01 -2.393429999999999863e-02 -1.409269999999999967e-01 -1.601360000000000006e-01 4.891460000000000252e-02 9.858820000000000361e-01 3.280019999999999811e-03
9.730809999999999738e-01 -1.559599999999999875e-01 1.696739999999999915e-01 -2.645529999999999826e-01 1.627029999999999865e-01 9.863189999999999458e-01 -2.650339999999999988e-02 -1.442940000000000056e-01 -1.632200000000000040e-01 5.339649999999999952e-02 9.851440000000000197e-01 5.574329999999999737e-03
9.718269999999999964e-01 -1.621170000000000111e-01 1.710859999999999881e-01 -2.665680000000000271e-01 1.691920000000000091e-01 9.851990000000000469e-01 -2.751670000000000157e-02 -1.494240000000000013e-01 -1.640929999999999889e-01 5.568789999999999851e-02 9.848719999999999697e-01 7.250669999999999858e-03
9.703810000000000491e-01 -1.657299999999999884e-01 1.757680000000000076e-01 -2.692769999999999886e-01 1.735490000000000088e-01 9.843690000000000495e-01 -2.997350000000000014e-02 -1.533490000000000131e-01 -1.680530000000000079e-01 5.958999999999999714e-02 9.839750000000000441e-01 8.453499999999999209e-03
9.685610000000000053e-01 -1.669339999999999991e-01 1.844510000000000038e-01 -2.747910000000000075e-01 1.757839999999999958e-01 9.838890000000000136e-01 -3.259949999999999654e-02 -1.554079999999999906e-01 -1.760369999999999990e-01 6.399810000000000221e-02 9.823009999999999797e-01 9.561740000000000864e-03
9.669339999999999602e-01 -1.677819999999999867e-01 1.920640000000000125e-01 -2.779639999999999889e-01 1.773289999999999866e-01 9.835810000000000386e-01 -3.352170000000000150e-02 -1.567230000000000012e-01 -1.832860000000000045e-01 6.647190000000000043e-02 9.808099999999999596e-01 1.113220000000000008e-02
9.647769999999999957e-01 -1.701060000000000072e-01 2.006709999999999883e-01 -2.837489999999999735e-01 1.800889999999999991e-01 9.831149999999999611e-01 -3.245189999999999880e-02 -1.625369999999999870e-01 -1.917619999999999880e-01 6.744740000000000457e-02 9.791210000000000191e-01 1.308609999999999982e-02
9.632469999999999644e-01 -1.720949999999999980e-01 2.062479999999999869e-01 -2.857000000000000095e-01 1.830930000000000057e-01 9.824600000000000000e-01 -3.533639999999999698e-02 -1.690840000000000121e-01 -1.965490000000000015e-01 7.180029999999999746e-02 9.778620000000000090e-01 1.486269999999999952e-02
9.617489999999999650e-01 -1.715559999999999863e-01 2.135610000000000008e-01 -2.886299999999999977e-01 1.845809999999999951e-01 9.818989999999999663e-01 -4.246810000000000168e-02 -1.678800000000000014e-01 -2.024090000000000056e-01 8.026279999999999526e-02 9.760060000000000402e-01 1.523889999999999967e-02
9.599440000000000195e-01 -1.728149999999999964e-01 2.205499999999999960e-01 -2.936619999999999786e-01 1.863579999999999959e-01 9.815840000000000121e-01 -4.198699999999999655e-02 -1.731900000000000106e-01 -2.092330000000000023e-01 8.140650000000000663e-02 9.744720000000000049e-01 1.575580000000000036e-02
9.587339999999999751e-01 -1.730899999999999939e-01 2.255429999999999935e-01 -2.982380000000000031e-01 1.876069999999999960e-01 9.812380000000000546e-01 -4.443919999999999815e-02 -1.772420000000000107e-01 -2.136200000000000043e-01 8.491899999999999449e-02 9.732189999999999452e-01 1.789110000000000006e-02
9.578670000000000240e-01 -1.729050000000000031e-01 2.293360000000000121e-01 -3.033000000000000140e-01 1.883789999999999909e-01 9.809609999999999719e-01 -4.721840000000000065e-02 -1.814769999999999994e-01 -2.168049999999999977e-01 8.843099999999999572e-02 9.722009999999999819e-01 1.825399999999999939e-02
9.566230000000000011e-01 -1.731689999999999896e-01 2.342750000000000110e-01 -3.076699999999999990e-01 1.897349999999999870e-01 9.805639999999999912e-01 -4.994830000000000103e-02 -1.858619999999999994e-01 -2.210719999999999907e-01 9.223199999999999454e-02 9.708860000000000268e-01 2.129170000000000021e-02
9.558820000000000094e-01 -1.737150000000000083e-01 2.368790000000000062e-01 -3.105749999999999900e-01 1.915090000000000126e-01 9.799980000000000357e-01 -5.411919999999999925e-02 -1.885149999999999881e-01 -2.227399999999999936e-01 9.709619999999999362e-02 9.700309999999999766e-01 2.048430000000000042e-02
9.549189999999999623e-01 -1.746890000000000109e-01 2.400279999999999914e-01 -3.131220000000000114e-01 1.935189999999999966e-01 9.794349999999999445e-01 -5.707360000000000211e-02 -1.924150000000000027e-01 -2.251209999999999878e-01 1.009509999999999991e-01 9.690870000000000317e-01 2.195980000000000154e-02
9.538510000000000044e-01 -1.748300000000000132e-01 2.441369999999999929e-01 -3.181640000000000024e-01 1.949349999999999972e-01 9.789430000000000076e-01 -6.058079999999999715e-02 -1.977929999999999966e-01 -2.284049999999999969e-01 1.053759999999999974e-01 9.678470000000000129e-01 2.180769999999999931e-02
9.536499999999999977e-01 -1.723339999999999872e-01 2.466830000000000134e-01 -3.201720000000000121e-01 1.937609999999999888e-01 9.788790000000000546e-01 -6.520950000000000357e-02 -1.990079999999999905e-01 -2.302349999999999952e-01 1.099849999999999994e-01 9.668999999999999817e-01 2.126019999999999993e-02
9.533749999999999725e-01 -1.694950000000000068e-01 2.496970000000000023e-01 -3.218799999999999994e-01 1.920509999999999995e-01 9.789740000000000109e-01 -6.874460000000000293e-02 -2.006840000000000013e-01 -2.327950000000000019e-01 1.134939999999999977e-01 9.658809999999999896e-01 2.308800000000000088e-02
9.527419999999999778e-01 -1.667599999999999916e-01 2.539150000000000018e-01 -3.243219999999999992e-01 1.907010000000000094e-01 9.789590000000000236e-01 -7.261170000000000124e-02 -2.030319999999999903e-01 -2.364640000000000075e-01 1.176019999999999982e-01 9.644970000000000487e-01 2.310829999999999829e-02
9.523570000000000091e-01 -1.607959999999999945e-01 2.591550000000000242e-01 -3.289380000000000082e-01 1.861279999999999879e-01 9.795660000000000478e-01 -7.620860000000000134e-02 -2.023310000000000108e-01 -2.416049999999999864e-01 1.208140000000000047e-01 9.628240000000000132e-01 2.474120000000000139e-02
9.518980000000000219e-01 -1.574029999999999874e-01 2.628949999999999898e-01 -3.327620000000000022e-01 1.831129999999999980e-01 9.801349999999999785e-01 -7.618519999999999459e-02 -2.016719999999999902e-01 -2.456810000000000105e-01 1.206600000000000034e-01 9.618120000000000003e-01 2.436170000000000002e-02
9.514470000000000427e-01 -1.549780000000000046e-01 2.659529999999999950e-01 -3.359679999999999889e-01 1.802999999999999881e-01 9.808649999999999869e-01 -7.344950000000000090e-02 -2.021999999999999909e-01 -2.494810000000000083e-01 1.178349999999999953e-01 9.611840000000000384e-01 2.610339999999999883e-02
9.505590000000000428e-01 -1.545239999999999947e-01 2.693699999999999983e-01 -3.390369999999999773e-01 1.796429999999999971e-01 9.811600000000000321e-01 -7.108480000000000354e-02 -2.037019999999999942e-01 -2.533110000000000084e-01 1.159609999999999946e-01 9.604099999999999859e-01 2.662149999999999933e-02
9.500769999999999493e-01 -1.539699999999999958e-01 2.713780000000000081e-01 -3.402540000000000009e-01 1.790799999999999892e-01 9.813290000000000068e-01 -7.017660000000000564e-02 -2.066189999999999971e-01 -2.555060000000000109e-01 1.152719999999999995e-01 9.599109999999999587e-01 2.727950000000000166e-02
9.495749999999999469e-01 -1.527509999999999979e-01 2.738149999999999751e-01 -3.453579999999999983e-01 1.785970000000000057e-01 9.812889999999999668e-01 -7.193829999999999669e-02 -2.076620000000000132e-01 -2.577030000000000154e-01 1.172129999999999977e-01 9.590880000000000516e-01 2.785330000000000097e-02
9.493829999999999769e-01 -1.513619999999999965e-01 2.752470000000000194e-01 -3.500469999999999970e-01 1.776419999999999944e-01 9.813800000000000301e-01 -7.305109999999999382e-02 -2.057049999999999990e-01 -2.590649999999999897e-01 1.182490000000000069e-01 9.585939999999999461e-01 2.953249999999999972e-02
9.492530000000000134e-01 -1.530710000000000126e-01 2.747510000000000230e-01 -3.520909999999999873e-01 1.785380000000000023e-01 9.814359999999999751e-01 -7.005809999999999815e-02 -2.081230000000000024e-01 -2.589259999999999895e-01 1.155560000000000059e-01 9.589600000000000346e-01 2.833739999999999870e-02
9.489490000000000425e-01 -1.531679999999999986e-01 2.757450000000000179e-01 -3.525809999999999778e-01 1.783609999999999918e-01 9.815730000000000288e-01 -6.857670000000000432e-02 -2.089799999999999991e-01 -2.601600000000000024e-01 1.142579999999999985e-01 9.587809999999999944e-01 2.847670000000000062e-02
9.480709999999999971e-01 -1.496999999999999997e-01 2.806250000000000133e-01 -3.564979999999999816e-01 1.753399999999999959e-01 9.821250000000000258e-01 -6.845710000000000683e-02 -2.141059999999999908e-01 -2.653610000000000135e-01 1.141070000000000001e-01 9.573730000000000295e-01 2.933389999999999956e-02
9.471979999999999844e-01 -1.464429999999999898e-01 2.852540000000000076e-01 -3.578299999999999814e-01 1.732660000000000033e-01 9.823100000000000165e-01 -7.104130000000000167e-02 -2.129850000000000076e-01 -2.698039999999999883e-01 1.167149999999999993e-01 9.558149999999999702e-01 2.973090000000000108e-02
9.457799999999999541e-01 -1.435170000000000057e-01 2.913799999999999724e-01 -3.632429999999999826e-01 1.708899999999999864e-01 9.827550000000000452e-01 -7.063679999999999959e-02 -2.124179999999999957e-01 -2.762180000000000191e-01 1.166009999999999963e-01 9.539959999999999551e-01 3.077859999999999971e-02
9.446980000000000377e-01 -1.432630000000000015e-01 2.949950000000000072e-01 -3.660510000000000153e-01 1.704630000000000034e-01 9.829790000000000472e-01 -6.851740000000000608e-02 -2.134709999999999941e-01 -2.801580000000000181e-01 1.150140000000000051e-01 9.530389999999999695e-01 3.192600000000000299e-02
9.437550000000000106e-01 -1.413290000000000102e-01 2.989189999999999903e-01 -3.686389999999999945e-01 1.689789999999999903e-01 9.832269999999999621e-01 -6.863759999999999306e-02 -2.151839999999999864e-01 -2.842040000000000122e-01 1.152880000000000016e-01 9.518069999999999586e-01 3.405869999999999731e-02
9.425590000000000357e-01 -1.384430000000000105e-01 3.039990000000000192e-01 -3.735479999999999912e-01 1.667510000000000103e-01 9.835749999999999771e-01 -6.909099999999999964e-02 -2.127860000000000029e-01 -2.894410000000000038e-01 1.158150000000000013e-01 9.501640000000000086e-01 3.586559999999999748e-02
9.418020000000000280e-01 -1.391310000000000047e-01 3.060260000000000202e-01 -3.750160000000000160e-01 1.669980000000000075e-01 9.836979999999999613e-01 -6.671199999999999353e-02 -2.129639999999999866e-01 -2.917549999999999866e-01 1.139349999999999946e-01 9.496830000000000549e-01 3.694089999999999874e-02
9.405459999999999932e-01 -1.401799999999999990e-01 3.093899999999999983e-01 -3.779600000000000182e-01 1.680480000000000029e-01 9.836200000000000498e-01 -6.519980000000000220e-02 -2.133240000000000136e-01 -2.951829999999999732e-01 1.133160000000000001e-01 9.486970000000000125e-01 3.833890000000000214e-02
9.385750000000000481e-01 -1.419040000000000024e-01 3.145459999999999923e-01 -3.823880000000000057e-01 1.700919999999999932e-01 9.833539999999999504e-01 -6.390769999999999784e-02 -2.139409999999999923e-01 -3.002420000000000089e-01 1.134840000000000015e-01 9.470880000000000409e-01 4.187659999999999993e-02
9.364460000000000006e-01 -1.443669999999999953e-01 3.197300000000000142e-01 -3.860000000000000098e-01 1.731850000000000056e-01 9.828430000000000222e-01 -6.345389999999999364e-02 -2.160980000000000123e-01 -3.050829999999999931e-01 1.147939999999999933e-01 9.453819999999999446e-01 4.358990000000000087e-02
9.343669999999999476e-01 -1.461159999999999959e-01 3.249739999999999851e-01 -3.871410000000000129e-01 1.756079999999999863e-01 9.824300000000000255e-01 -6.318519999999999692e-02 -2.172050000000000092e-01 -3.100319999999999743e-01 1.161060000000000009e-01 9.436099999999999488e-01 4.332169999999999771e-02
9.308459999999999512e-01 -1.471320000000000128e-01 3.344809999999999728e-01 -3.919560000000000266e-01 1.778559999999999863e-01 9.820389999999999953e-01 -6.298570000000000557e-02 -2.191339999999999955e-01 -3.192059999999999897e-01 1.181190000000000018e-01 9.402949999999999919e-01 4.622350000000000070e-02
9.269490000000000229e-01 -1.507860000000000034e-01 3.435529999999999973e-01 -3.976709999999999967e-01 1.830809999999999937e-01 9.810520000000000351e-01 -6.339019999999999377e-02 -2.208400000000000085e-01 -3.274850000000000261e-01 1.216580000000000022e-01 9.369910000000000183e-01 4.761839999999999823e-02
9.233050000000000423e-01 -1.568930000000000047e-01 3.505599999999999827e-01 -4.028939999999999744e-01 1.906509999999999871e-01 9.795880000000000143e-01 -6.372189999999999799e-02 -2.225360000000000116e-01 -3.334070000000000089e-01 1.256690000000000029e-01 9.343700000000000339e-01 4.908620000000000344e-02
9.196229999999999682e-01 -1.632409999999999972e-01 3.572759999999999825e-01 -4.117250000000000076e-01 1.986179999999999890e-01 9.779579999999999940e-01 -6.440640000000000254e-02 -2.250570000000000070e-01 -3.388869999999999938e-01 1.301910000000000012e-01 9.317760000000000487e-01 5.056030000000000246e-02
9.179479999999999862e-01 -1.658409999999999884e-01 3.603709999999999969e-01 -4.172819999999999863e-01 2.023280000000000078e-01 9.771109999999999518e-01 -6.571420000000000039e-02 -2.270000000000000073e-01 -3.412240000000000273e-01 1.332359999999999933e-01 9.304909999999999570e-01 5.147150000000000336e-02
9.160880000000000134e-01 -1.663280000000000036e-01 3.648529999999999829e-01 -4.228799999999999781e-01 2.040299999999999891e-01 9.766660000000000341e-01 -6.704699999999999549e-02 -2.284339999999999982e-01 -3.451879999999999948e-01 1.358620000000000105e-01 9.286480000000000290e-01 5.262590000000000323e-02
9.138540000000000552e-01 -1.664730000000000099e-01 3.703469999999999818e-01 -4.271420000000000217e-01 2.051510000000000000e-01 9.764119999999999466e-01 -6.732240000000000446e-02 -2.290540000000000076e-01 -3.504039999999999933e-01 1.375000000000000111e-01 9.264510000000000245e-01 5.345960000000000295e-02
9.104499999999999815e-01 -1.686400000000000121e-01 3.776789999999999869e-01 -4.333520000000000150e-01 2.082869999999999999e-01 9.758120000000000127e-01 -6.638769999999999394e-02 -2.306499999999999939e-01 -3.573479999999999990e-01 1.391080000000000094e-01 9.235539999999999861e-01 5.552270000000000122e-02
9.063989999999999547e-01 -1.726260000000000017e-01 3.855390000000000206e-01 -4.392309999999999826e-01 2.134290000000000076e-01 9.747730000000000006e-01 -6.531349999999999656e-02 -2.340559999999999863e-01 -3.645379999999999732e-01 1.414849999999999997e-01 9.203770000000000007e-01 5.890080000000000315e-02
9.018150000000000333e-01 -1.782150000000000123e-01 3.936620000000000119e-01 -4.466260000000000230e-01 2.215320000000000067e-01 9.728430000000000133e-01 -6.707739999999999536e-02 -2.371870000000000089e-01 -3.710169999999999857e-01 1.476999999999999980e-01 9.168049999999999811e-01 5.923139999999999655e-02
8.974929999999999852e-01 -1.823809999999999876e-01 4.015520000000000200e-01 -4.549400000000000110e-01 2.287540000000000129e-01 9.709440000000000293e-01 -7.028560000000000363e-02 -2.371530000000000027e-01 -3.770660000000000123e-01 1.549369999999999914e-01 9.131350000000000300e-01 6.104369999999999935e-02
8.936520000000000019e-01 -1.853090000000000015e-01 4.087129999999999930e-01 -4.624730000000000230e-01 2.334890000000000021e-01 9.697759999999999714e-01 -7.083200000000000607e-02 -2.375259999999999871e-01 -3.832340000000000191e-01 1.587290000000000090e-01 9.099099999999999966e-01 6.154010000000000036e-02
8.900630000000000486e-01 -1.877649999999999875e-01 4.153700000000000170e-01 -4.684369999999999923e-01 2.373949999999999949e-01 9.688339999999999730e-01 -7.074139999999999595e-02 -2.370389999999999997e-01 -3.891419999999999879e-01 1.615709999999999924e-01 9.068979999999999819e-01 6.381050000000000610e-02
8.857800000000000118e-01 -1.894369999999999943e-01 4.236840000000000050e-01 -4.771009999999999973e-01 2.403240000000000098e-01 9.681990000000000318e-01 -6.953810000000000546e-02 -2.370339999999999947e-01 -3.970369999999999733e-01 1.634170000000000067e-01 9.031369999999999676e-01 6.476569999999999550e-02
