1.000000000000000000e+00 1.732480000000000091e-24 -3.907580000000000232e-23 7.416499999999999664e-24 -1.732480000000000091e-24 1.000000000000000000e+00 -1.846810000000000107e-23 6.591019999999999761e-24 3.907580000000000232e-23 1.846810000000000107e-23 1.000000000000000000e+00 -3.278260000000000214e-23
9.999970000000000248e-01 -2.311029999999999942e-03 1.086729999999999944e-04 -2.503870000000000271e-04 2.310930000000000102e-03 9.999970000000000248e-01 9.061930000000000159e-04 -2.590279999999999926e-03 -1.107670000000000052e-04 -9.059390000000000281e-04 1.000000000000000000e+00 -8.617069999999999244e-03
9.999930000000000208e-01 -3.574390000000000206e-03 5.463329999999999749e-04 6.126329999999999330e-05 3.574359999999999950e-03 9.999940000000000495e-01 4.066330000000000080e-05 -4.574770000000000247e-04 -5.464750000000000423e-04 -3.871020000000000082e-05 1.000000000000000000e+00 -9.248620000000000799e-03
9.999909999999999632e-01 -3.904149999999999895e-03 1.597150000000000089e-03 -7.589460000000000347e-04 3.899380000000000034e-03 9.999879999999999880e-01 2.976289999999999925e-03 3.279660000000000106e-04 -1.608760000000000094e-03 -2.970040000000000180e-03 9.999940000000000495e-01 -1.057139999999999989e-02
9.999869999999999592e-01 -3.824870000000000179e-03 3.252899999999999976e-03 -9.639930000000000113e-04 3.807739999999999996e-03 9.999789999999999512e-01 5.257509999999999961e-03 -1.346189999999999930e-03 -3.272939999999999790e-03 -5.245050000000000233e-03 9.999810000000000088e-01 -1.432480000000000038e-02
9.999900000000000455e-01 -3.555550000000000203e-03 2.654060000000000186e-03 -1.140960000000000108e-03 3.549819999999999972e-03 9.999909999999999632e-01 2.159149999999999871e-03 -6.777019999999999702e-04 -2.661709999999999857e-03 -2.149709999999999989e-03 9.999940000000000495e-01 -1.212610000000000077e-02
9.999879999999999880e-01 -3.941110000000000273e-03 2.953900000000000189e-03 -1.891309999999999996e-03 3.935460000000000000e-03 9.999900000000000455e-01 1.915510000000000043e-03 -1.219900000000000108e-03 -2.961420000000000198e-03 -1.903860000000000057e-03 9.999940000000000495e-01 -1.547070000000000042e-02
9.999789999999999512e-01 -5.088780000000000213e-03 3.887960000000000201e-03 -2.377230000000000142e-03 5.079720000000000242e-03 9.999839999999999840e-01 2.335540000000000099e-03 -2.344730000000000165e-03 -3.899790000000000201e-03 -2.315740000000000159e-03 9.999900000000000455e-01 -1.935500000000000068e-02
9.999660000000000215e-01 -7.095159999999999662e-03 4.275100000000000428e-03 -2.942329999999999945e-03 7.086760000000000108e-03 9.999730000000000008e-01 1.978660000000000141e-03 -1.825140000000000052e-03 -4.289020000000000159e-03 -1.948290000000000091e-03 9.999890000000000168e-01 -1.879379999999999939e-02
9.999580000000000135e-01 -7.808380000000000182e-03 4.883860000000000284e-03 -2.347520000000000075e-03 7.790140000000000085e-03 9.999630000000000463e-01 3.743219999999999794e-03 -3.430149999999999866e-03 -4.912910000000000367e-03 -3.705009999999999901e-03 9.999810000000000088e-01 -1.838160000000000141e-02
9.999510000000000343e-01 -6.915229999999999641e-03 7.031779999999999628e-03 -2.615549999999999906e-03 6.897330000000000128e-03 9.999730000000000008e-01 2.567299999999999791e-03 -3.007370000000000095e-03 -7.049350000000000234e-03 -2.518680000000000137e-03 9.999719999999999720e-01 -2.275599999999999845e-02
9.999440000000000550e-01 -7.255690000000000403e-03 7.752150000000000186e-03 -2.920129999999999948e-03 7.245579999999999729e-03 9.999730000000000008e-01 1.330889999999999938e-03 -2.257690000000000131e-03 -7.761599999999999576e-03 -1.274640000000000061e-03 9.999689999999999968e-01 -1.997319999999999998e-02
9.999500000000000055e-01 -5.707639999999999936e-03 8.204150000000000331e-03 -1.524710000000000084e-03 5.706609999999999981e-03 9.999839999999999840e-01 1.493339999999999902e-04 -2.057189999999999973e-03 -8.204869999999999525e-03 -1.025080000000000018e-04 9.999660000000000215e-01 -2.084190000000000001e-02
9.999310000000000143e-01 -4.586289999999999811e-03 1.082969999999999940e-02 -1.986159999999999835e-03 4.615160000000000096e-03 9.999860000000000415e-01 -2.642080000000000210e-03 -3.623030000000000174e-03 -1.081750000000000073e-02 2.691879999999999794e-03 9.999379999999999935e-01 -2.057029999999999970e-02
9.999139999999999695e-01 -4.094210000000000037e-03 1.245609999999999946e-02 -1.102249999999999931e-03 4.213830000000000006e-03 9.999449999999999728e-01 -9.592059999999999476e-03 -2.766279999999999867e-03 -1.241620000000000050e-02 9.643719999999999723e-03 9.998759999999999870e-01 -1.880539999999999989e-02
9.998949999999999783e-01 -2.748669999999999933e-03 1.421060000000000031e-02 -1.741810000000000103e-03 2.948360000000000130e-03 9.998970000000000358e-01 -1.405039999999999935e-02 1.561869999999999925e-03 -1.417050000000000080e-02 1.409080000000000055e-02 9.998000000000000220e-01 -2.050619999999999873e-02
9.998860000000000525e-01 -1.185999999999999988e-03 1.502689999999999929e-02 -7.401460000000000114e-04 1.326109999999999919e-03 9.999559999999999560e-01 -9.317469999999999572e-03 2.698840000000000093e-03 -1.501519999999999938e-02 9.336340000000000264e-03 9.998439999999999550e-01 -2.041279999999999831e-02
9.998390000000000333e-01 -4.117489999999999909e-04 1.791449999999999987e-02 -9.806319999999999447e-04 4.666919999999999966e-04 9.999949999999999672e-01 -3.062860000000000148e-03 8.982789999999999829e-04 -1.791320000000000065e-02 3.070729999999999814e-03 9.998350000000000293e-01 -2.457629999999999884e-02
9.998110000000000053e-01 1.283000000000000069e-03 1.940909999999999858e-02 -1.186610000000000052e-03 -1.238759999999999991e-03 9.999970000000000248e-01 -2.290869999999999972e-03 1.443919999999999958e-04 -1.941189999999999929e-02 2.266400000000000012e-03 9.998089999999999478e-01 -2.218629999999999908e-02
9.998089999999999478e-01 2.691999999999999948e-03 1.935629999999999989e-02 -1.464940000000000079e-03 -2.595280000000000156e-03 9.999839999999999840e-01 -5.020189999999999896e-03 2.454229999999999953e-03 -1.936960000000000071e-02 4.968990000000000386e-03 9.998000000000000220e-01 -2.206589999999999940e-02
9.997859999999999525e-01 2.040059999999999790e-03 2.057959999999999998e-02 -3.176920000000000178e-03 -1.959980000000000055e-03 9.999900000000000455e-01 -3.910910000000000081e-03 2.170950000000000050e-03 -2.058729999999999935e-02 3.869730000000000045e-03 9.997810000000000308e-01 -2.132509999999999961e-02
9.998540000000000205e-01 1.508510000000000016e-03 1.702379999999999866e-02 -2.845059999999999950e-03 -1.363440000000000051e-03 9.999630000000000463e-01 -8.530009999999999329e-03 5.757789999999999610e-03 -1.703599999999999906e-02 8.505550000000000610e-03 9.998190000000000133e-01 -9.369429999999999772e-03
9.999230000000000063e-01 -1.544999999999999932e-03 1.229930000000000086e-02 8.473800000000000082e-04 1.628019999999999988e-03 9.999759999999999760e-01 -6.743530000000000184e-03 3.762650000000000196e-03 -1.228860000000000022e-02 6.763039999999999677e-03 9.999019999999999575e-01 -1.098730000000000019e-02
9.999280000000000390e-01 -1.887589999999999971e-03 1.183960000000000047e-02 -6.809989999999999490e-05 1.980899999999999848e-03 9.999670000000000503e-01 -7.874390000000000209e-03 6.751919999999999797e-03 -1.182429999999999939e-02 7.897279999999999578e-03 9.998989999999999823e-01 -8.997399999999999148e-03
9.999430000000000263e-01 -1.196769999999999995e-03 1.063949999999999965e-02 -2.676630000000000155e-04 1.263969999999999894e-03 9.999789999999999512e-01 -6.311409999999999937e-03 7.697680000000000147e-03 -1.063169999999999914e-02 6.324500000000000260e-03 9.999230000000000063e-01 -7.264289999999999636e-03
9.999529999999999808e-01 1.680169999999999927e-03 9.573019999999999793e-03 -2.802939999999999859e-03 -1.620209999999999966e-03 9.999789999999999512e-01 -6.267199999999999681e-03 6.242329999999999927e-03 -9.583349999999999161e-03 6.251389999999999898e-03 9.999350000000000183e-01 -6.650149999999999638e-03
9.999550000000000383e-01 7.438029999999999989e-03 5.911229999999999957e-03 -3.935980000000000381e-03 -7.375080000000000004e-03 9.999169999999999447e-01 -1.060039999999999941e-02 7.105949999999999767e-03 -5.989580000000000425e-03 1.055629999999999936e-02 9.999259999999999815e-01 -3.736800000000000191e-03
9.999519999999999520e-01 8.980089999999999600e-03 3.883559999999999877e-03 -4.456960000000000262e-03 -8.931019999999999584e-03 9.998820000000000485e-01 -1.247249999999999921e-02 9.054929999999999229e-03 -3.995099999999999693e-03 1.243720000000000069e-02 9.999149999999999983e-01 -3.643620000000000192e-03
9.999280000000000390e-01 1.141190000000000086e-02 3.810720000000000079e-03 -6.025980000000000225e-03 -1.136889999999999949e-02 9.998740000000000405e-01 -1.110839999999999918e-02 8.189639999999999767e-03 -3.937000000000000395e-03 1.106429999999999914e-02 9.999310000000000143e-01 -1.146429999999999932e-03
9.999240000000000350e-01 1.179939999999999982e-02 3.470369999999999965e-03 -6.686880000000000081e-03 -1.175600000000000082e-02 9.998550000000000493e-01 -1.229610000000000078e-02 8.055269999999999792e-03 -3.614950000000000021e-03 1.225440000000000036e-02 9.999179999999999735e-01 -1.915709999999999939e-03
9.999470000000000303e-01 9.985259999999999275e-03 2.590610000000000135e-03 -7.581209999999999685e-03 -9.950660000000000061e-03 9.998650000000000038e-01 -1.304179999999999923e-02 8.579369999999999358e-03 -2.720489999999999887e-03 1.301530000000000048e-02 9.999120000000000230e-01 -3.152820000000000188e-03
9.999449999999999728e-01 1.025490000000000082e-02 2.250550000000000033e-03 -8.514280000000000806e-03 -1.022750000000000048e-02 9.998780000000000445e-01 -1.184660000000000053e-02 8.612609999999999710e-03 -2.371760000000000101e-03 1.182290000000000077e-02 9.999270000000000103e-01 -4.252139999999999739e-03
9.999209999999999487e-01 1.169210000000000041e-02 4.673909999999999870e-03 -1.148820000000000049e-02 -1.164590000000000070e-02 9.998839999999999950e-01 -9.794360000000000219e-03 8.826799999999999230e-03 -4.787879999999999567e-03 9.739150000000000237e-03 9.999409999999999688e-01 -7.191939999999999965e-03
9.998789999999999623e-01 1.528990000000000037e-02 3.003889999999999946e-03 -1.272120000000000022e-02 -1.525649999999999923e-02 9.998249999999999638e-01 -1.081720000000000077e-02 1.149060000000000012e-02 -3.168760000000000066e-03 1.077009999999999947e-02 9.999369999999999647e-01 9.763909999999999560e-04
9.998430000000000373e-01 1.640859999999999888e-02 6.678530000000000230e-03 -1.592949999999999922e-02 -1.636639999999999970e-02 9.998460000000000125e-01 -6.327710000000000279e-03 7.948339999999999919e-03 -6.781330000000000344e-03 6.217420000000000412e-03 9.999580000000000135e-01 -8.428780000000000300e-03
9.997890000000000388e-01 1.849949999999999858e-02 8.931859999999999800e-03 -1.787800000000000153e-02 -1.843070000000000125e-02 9.998000000000000220e-01 -7.721689999999999804e-03 7.482210000000000423e-03 -9.072919999999999943e-03 7.555440000000000073e-03 9.999299999999999855e-01 -6.360910000000000002e-03
9.998010000000000508e-01 1.727829999999999991e-02 9.950999999999999776e-03 -2.144940000000000041e-02 -1.714919999999999986e-02 9.997700000000000475e-01 -1.291160000000000051e-02 7.476710000000000127e-03 -1.017179999999999994e-02 1.273840000000000042e-02 9.998669999999999503e-01 1.056829999999999922e-03
9.998369999999999758e-01 1.477340000000000077e-02 1.034589999999999989e-02 -2.471829999999999861e-02 -1.459880000000000032e-02 9.997530000000000028e-01 -1.674820000000000128e-02 5.859950000000000055e-03 -1.059079999999999917e-02 1.659450000000000161e-02 9.998059999999999725e-01 -1.705670000000000059e-03
9.998829999999999663e-01 1.190779999999999964e-02 9.609400000000000580e-03 -2.677310000000000106e-02 -1.169300000000000027e-02 9.996869999999999923e-01 -2.210859999999999909e-02 5.943969999999999809e-03 -9.869660000000000585e-03 2.199359999999999857e-02 9.997089999999999588e-01 -1.801070000000000101e-03
9.999299999999999855e-01 6.119199999999999987e-03 1.012829999999999980e-02 -2.950310000000000085e-02 -5.858760000000000183e-03 9.996559999999999890e-01 -2.554729999999999848e-02 3.782830000000000047e-03 -1.028109999999999961e-02 2.548620000000000052e-02 9.996220000000000105e-01 -5.305220000000000248e-03
9.999270000000000103e-01 2.979340000000000026e-03 1.169129999999999996e-02 -3.278869999999999701e-02 -2.589049999999999858e-03 9.994429999999999703e-01 -3.325720000000000065e-02 6.758819999999999585e-03 -1.178389999999999993e-02 3.322449999999999709e-02 9.993779999999999886e-01 -3.984480000000000313e-03
9.999289999999999567e-01 -6.734659999999999518e-04 1.191389999999999984e-02 -3.451880000000000226e-02 1.103690000000000053e-03 9.993459999999999566e-01 -3.614099999999999951e-02 6.766300000000000266e-03 -1.188179999999999965e-02 3.615159999999999901e-02 9.992760000000000531e-01 -6.159330000000000187e-03
9.998989999999999823e-01 -4.290890000000000112e-04 1.417610000000000051e-02 -3.758129999999999804e-02 9.798050000000000422e-04 9.992440000000000211e-01 -3.886400000000000271e-02 6.879429999999999747e-03 -1.414870000000000017e-02 3.887399999999999883e-02 9.991440000000000321e-01 -7.678769999999999693e-03
9.998660000000000325e-01 7.787500000000000368e-04 1.635349999999999998e-02 -3.901759999999999950e-02 -9.576640000000000521e-05 9.991290000000000449e-01 -4.172300000000000314e-02 5.635079999999999777e-03 -1.637179999999999885e-02 4.171590000000000020e-02 9.989949999999999664e-01 -1.100280000000000008e-02
9.997740000000000515e-01 1.691690000000000034e-03 2.117339999999999847e-02 -4.258630000000000054e-02 -6.972099999999999739e-04 9.989000000000000101e-01 -4.688769999999999744e-02 6.775009999999999713e-03 -2.122939999999999897e-02 4.686239999999999850e-02 9.986760000000000081e-01 -1.424229999999999940e-02
9.996810000000000418e-01 2.555330000000000188e-03 2.514500000000000068e-02 -4.597219999999999779e-02 -1.348650000000000066e-03 9.988519999999999621e-01 -4.788950000000000151e-02 7.003989999999999869e-03 -2.523850000000000052e-02 4.784030000000000227e-02 9.985359999999999792e-01 -1.616799999999999835e-02
9.996140000000000025e-01 4.841520000000000198e-03 2.736059999999999881e-02 -4.935649999999999760e-02 -3.439690000000000022e-03 9.986899999999999666e-01 -5.105230000000000185e-02 8.679469999999999894e-03 -2.757189999999999988e-02 5.093849999999999767e-02 9.983210000000000139e-01 -1.613569999999999935e-02
9.996680000000000010e-01 8.305709999999999135e-03 2.437900000000000136e-02 -5.034489999999999799e-02 -6.920299999999999889e-03 9.983859999999999957e-01 -5.637230000000000019e-02 1.107810000000000045e-02 -2.480780000000000138e-02 5.618490000000000290e-02 9.981119999999999992e-01 -1.015560000000000074e-02
9.996150000000000313e-01 1.241710000000000036e-02 2.480250000000000163e-02 -5.333929999999999921e-02 -1.088339999999999967e-02 9.980759999999999632e-01 -6.103970000000000229e-02 1.168890000000000033e-02 -2.551269999999999927e-02 6.074630000000000307e-02 9.978270000000000195e-01 -1.333860000000000080e-02
9.995889999999999498e-01 1.350920000000000072e-02 2.529230000000000020e-02 -5.616310000000000052e-02 -1.181980000000000010e-02 9.977629999999999555e-01 -6.579169999999999463e-02 1.172680000000000076e-02 -2.612449999999999842e-02 6.546570000000000167e-02 9.975129999999999830e-01 -1.645380000000000106e-02
9.995519999999999960e-01 1.548770000000000008e-02 2.562839999999999910e-02 -5.759580000000000255e-02 -1.361880000000000035e-02 9.973440000000000083e-01 -7.155699999999999561e-02 1.109259999999999934e-02 -2.666850000000000123e-02 7.117590000000000028e-02 9.971069999999999656e-01 -2.023269999999999930e-02
9.994849999999999568e-01 1.497569999999999978e-02 2.839749999999999913e-02 -6.151550000000000074e-02 -1.277280000000000082e-02 9.970090000000000341e-01 -7.622690000000000021e-02 9.907799999999999593e-03 -2.945410000000000042e-02 7.582490000000000063e-02 9.966859999999999609e-01 -2.903510000000000119e-02
9.994250000000000078e-01 1.441590000000000059e-02 3.070140000000000022e-02 -6.495460000000000123e-02 -1.181609999999999952e-02 9.964589999999999836e-01 -8.324059999999999793e-02 1.242079999999999920e-02 -3.179270000000000013e-02 8.283000000000000085e-02 9.960560000000000525e-01 -3.077219999999999955e-02
9.993880000000000541e-01 1.224369999999999972e-02 3.275909999999999933e-02 -6.659180000000000654e-02 -9.469490000000000546e-03 9.964600000000000124e-01 -8.353760000000000352e-02 1.465379999999999981e-02 -3.366589999999999860e-02 8.317629999999999468e-02 9.959660000000000180e-01 -3.433599999999999847e-02
9.992760000000000531e-01 1.477189999999999927e-02 3.506139999999999951e-02 -6.788919999999999677e-02 -1.186880000000000053e-02 9.965939999999999799e-01 -8.160839999999999761e-02 1.657559999999999936e-02 -3.614740000000000314e-02 8.113320000000000254e-02 9.960480000000000445e-01 -3.395789999999999920e-02
9.991499999999999826e-01 1.791720000000000118e-02 3.712109999999999715e-02 -6.903080000000000327e-02 -1.486379999999999993e-02 9.966070000000000206e-01 -8.095850000000000268e-02 1.783389999999999975e-02 -3.844569999999999932e-02 8.033790000000000375e-02 9.960259999999999669e-01 -3.259109999999999785e-02
9.989630000000000454e-01 1.983230000000000062e-02 4.097350000000000297e-02 -7.247049999999999326e-02 -1.651410000000000031e-02 9.966749999999999776e-01 -7.979200000000000181e-02 1.739399999999999974e-02 -4.241969999999999769e-02 7.903269999999999740e-02 9.959689999999999932e-01 -3.582869999999999805e-02
9.988920000000000021e-01 1.915149999999999839e-02 4.298210000000000225e-02 -7.389859999999999485e-02 -1.569660000000000152e-02 9.967249999999999721e-01 -7.932549999999999324e-02 1.877819999999999837e-02 -4.436060000000000003e-02 7.856290000000000495e-02 9.959219999999999740e-01 -3.894319999999999726e-02
9.986949999999999994e-01 2.005979999999999916e-02 4.697260000000000324e-02 -7.768730000000000080e-02 -1.644249999999999878e-02 9.969590000000000396e-01 -7.616879999999999484e-02 1.865730000000000166e-02 -4.835770000000000346e-02 7.529710000000000569e-02 9.959879999999999844e-01 -4.027700000000000030e-02
9.985779999999999657e-01 1.957769999999999996e-02 4.958490000000000120e-02 -8.006050000000000666e-02 -1.571490000000000040e-02 9.968970000000000331e-01 -7.712900000000000311e-02 1.867100000000000010e-02 -5.094110000000000305e-02 7.624010000000000509e-02 9.957869999999999777e-01 -3.929509999999999947e-02
9.984509999999999774e-01 1.525639999999999982e-02 5.349910000000000082e-02 -8.312440000000000107e-02 -1.097150000000000035e-02 9.967749999999999666e-01 -7.949080000000000035e-02 1.815069999999999878e-02 -5.453940000000000177e-02 7.878069999999999518e-02 9.953990000000000338e-01 -3.987550000000000122e-02
9.982929999999999859e-01 1.320739999999999935e-02 5.689059999999999950e-02 -8.801860000000000239e-02 -8.549130000000000271e-03 9.966479999999999784e-01 -8.135879999999999501e-02 1.840320000000000150e-02 -5.777439999999999659e-02 8.073360000000000258e-02 9.950599999999999445e-01 -4.150380000000000041e-02
9.981210000000000360e-01 1.251050000000000079e-02 5.998280000000000278e-02 -9.193229999999999458e-02 -7.486379999999999944e-03 9.964990000000000236e-01 -8.326319999999999555e-02 1.770750000000000102e-02 -6.081450000000000050e-02 8.265759999999999774e-02 9.947209999999999663e-01 -4.200770000000000198e-02
9.979689999999999950e-01 8.112940000000000776e-03 6.318020000000000580e-02 -9.607029999999999736e-02 -2.554410000000000014e-03 9.961550000000000127e-01 -8.756750000000000644e-02 1.804839999999999917e-02 -6.364770000000000150e-02 8.722829999999999473e-02 9.941529999999999534e-01 -4.414259999999999712e-02
9.978380000000000027e-01 3.998210000000000305e-03 6.559539999999999815e-02 -1.007289999999999991e-01 1.824150000000000077e-03 9.960780000000000189e-01 -8.846249999999999947e-02 1.884749999999999967e-02 -6.569179999999999464e-02 8.839099999999999735e-02 9.939170000000000504e-01 -4.316570000000000129e-02
9.978780000000000427e-01 1.912389999999999923e-03 6.508899999999999408e-02 -1.033850000000000047e-01 4.016160000000000389e-03 9.958580000000000210e-01 -9.083109999999999795e-02 1.955780000000000018e-02 -6.499309999999999810e-02 9.089969999999999994e-02 9.937369999999999814e-01 -3.794159999999999894e-02
9.977179999999999938e-01 -7.216109999999999593e-05 6.752289999999999681e-02 -1.079600000000000004e-01 6.399740000000000116e-03 9.955990000000000117e-01 -9.349849999999999828e-02 2.139160000000000020e-02 -6.721900000000000097e-02 9.371730000000000338e-02 9.933269999999999600e-01 -3.754620000000000180e-02
9.974840000000000373e-01 -3.167500000000000177e-03 7.081650000000000444e-02 -1.134310000000000040e-01 9.776099999999999374e-03 9.956019999999999870e-01 -9.316950000000000232e-02 2.174289999999999903e-02 -7.020990000000000564e-02 9.362739999999999951e-02 9.931290000000000395e-01 -3.686099999999999793e-02
9.972670000000000146e-01 -2.866449999999999988e-03 7.383069999999999911e-02 -1.190319999999999989e-01 9.705129999999999313e-03 9.956709999999999727e-01 -9.243529999999999802e-02 2.050839999999999955e-02 -7.324609999999999455e-02 9.289909999999999834e-02 9.929780000000000273e-01 -3.595969999999999722e-02
9.970510000000000206e-01 -3.277560000000000109e-03 7.667200000000000404e-02 -1.244640000000000052e-01 1.064629999999999917e-02 9.953340000000000520e-01 -9.589709999999999901e-02 2.272479999999999986e-02 -7.599999999999999811e-02 9.643050000000000233e-02 9.924340000000000384e-01 -3.349579999999999919e-02
9.967559999999999754e-01 -3.503060000000000115e-03 8.040239999999999887e-02 -1.316070000000000018e-01 1.118689999999999962e-02 9.953840000000000465e-01 -9.531699999999999895e-02 2.292229999999999962e-02 -7.969729999999999870e-02 9.590719999999999801e-02 9.921950000000000491e-01 -3.342060000000000169e-02
9.964119999999999644e-01 -6.013219999999999676e-03 8.442080000000000417e-02 -1.407549999999999912e-01 1.377579999999999950e-02 9.956939999999999680e-01 -9.167190000000000061e-02 1.956290000000000112e-02 -8.350609999999999977e-02 9.250600000000000489e-02 9.922039999999999749e-01 -3.988289999999999891e-02
9.962999999999999634e-01 -7.441599999999999604e-03 8.561770000000000491e-02 -1.450700000000000045e-01 1.569979999999999987e-02 9.952389999999999848e-01 -9.618989999999999485e-02 2.160590000000000080e-02 -8.449429999999999441e-02 9.717820000000000624e-02 9.916740000000000554e-01 -2.919640000000000082e-02
9.959149999999999947e-01 -1.291149999999999937e-02 8.937100000000000599e-02 -1.537459999999999938e-01 2.171700000000000019e-02 9.949230000000000018e-01 -9.826819999999999999e-02 2.252579999999999860e-02 -8.764850000000000418e-02 9.980769999999999920e-02 9.911389999999999922e-01 -2.888910000000000089e-02
9.955180000000000140e-01 -2.063709999999999850e-02 9.229320000000000579e-02 -1.614780000000000104e-01 2.955640000000000003e-02 9.949090000000000433e-01 -9.634429999999999383e-02 2.197419999999999929e-02 -8.983510000000000106e-02 9.864030000000000020e-02 9.910600000000000520e-01 -2.838879999999999876e-02
9.950569999999999693e-01 -2.741120000000000015e-02 9.545159999999999756e-02 -1.695899999999999908e-01 3.647650000000000198e-02 9.948500000000000121e-01 -9.456280000000000241e-02 2.235149999999999984e-02 -9.236800000000000566e-02 9.757709999999999995e-02 9.909320000000000350e-01 -2.725259999999999835e-02
9.945690000000000364e-01 -3.336209999999999870e-02 9.858640000000000458e-02 -1.775269999999999904e-01 4.256259999999999905e-02 9.947799999999999976e-01 -9.274699999999999611e-02 2.196680000000000160e-02 -9.497750000000000636e-02 9.643939999999999457e-02 9.907970000000000388e-01 -2.559950000000000073e-02
9.940120000000000067e-01 -3.522020000000000012e-02 1.034380000000000022e-01 -1.846629999999999938e-01 4.482699999999999879e-02 9.947430000000000438e-01 -9.206949999999999856e-02 2.228679999999999897e-02 -9.965150000000000396e-02 9.615509999999999335e-02 9.903650000000000508e-01 -2.282769999999999938e-02
9.931980000000000253e-01 -3.920529999999999848e-02 1.096369999999999983e-01 -1.924069999999999947e-01 4.929750000000000104e-02 9.946380000000000221e-01 -9.091009999999999369e-02 2.143199999999999966e-02 -1.054849999999999954e-01 9.569660000000000666e-02 9.898059999999999636e-01 -2.221240000000000020e-02
9.923619999999999663e-01 -4.131350000000000300e-02 1.162389999999999951e-01 -1.988969999999999905e-01 5.217780000000000334e-02 9.943880000000000496e-01 -9.203100000000000169e-02 2.218159999999999923e-02 -1.117849999999999955e-01 9.739319999999999922e-02 9.889480000000000492e-01 -2.101679999999999868e-02
9.913440000000000030e-01 -4.228239999999999776e-02 1.242970000000000047e-01 -2.064600000000000046e-01 5.399199999999999833e-02 9.942569999999999464e-01 -9.240030000000000465e-02 2.213479999999999961e-02 -1.196760000000000046e-01 9.831149999999999611e-02 9.879329999999999501e-01 -2.021589999999999845e-02
9.904239999999999711e-01 -4.373459999999999848e-02 1.309520000000000128e-01 -2.137729999999999908e-01 5.635450000000000181e-02 9.939500000000000002e-01 -9.427030000000000132e-02 2.199339999999999976e-02 -1.260370000000000101e-01 1.007470000000000032e-01 9.868970000000000242e-01 -1.872439999999999868e-02
9.892800000000000482e-01 -4.770049999999999985e-02 1.380180000000000018e-01 -2.216170000000000084e-01 6.112750000000000128e-02 9.936230000000000340e-01 -9.474119999999999764e-02 2.166039999999999979e-02 -1.326180000000000136e-01 1.021620000000000028e-01 9.858879999999999866e-01 -1.942239999999999939e-02
9.882149999999999546e-01 -5.223139999999999727e-02 1.438859999999999861e-01 -2.269069999999999976e-01 6.647279999999999855e-02 9.931579999999999853e-01 -9.601640000000000175e-02 2.232750000000000012e-02 -1.378870000000000096e-01 1.044490000000000002e-01 9.849250000000000504e-01 -1.813400000000000081e-02
9.867150000000000087e-01 -5.683780000000000082e-02 1.521909999999999930e-01 -2.339040000000000008e-01 7.244589999999999363e-02 9.924410000000000176e-01 -9.905509999999999315e-02 2.094290000000000040e-02 -1.454110000000000125e-01 1.087650000000000006e-01 9.833749999999999991e-01 -1.974769999999999998e-02
9.848259999999999792e-01 -6.289140000000000008e-02 1.617470000000000019e-01 -2.403200000000000058e-01 7.994930000000000092e-02 9.916479999999999739e-01 -1.012070000000000053e-01 2.104479999999999892e-02 -1.540310000000000012e-01 1.126029999999999948e-01 9.816289999999999738e-01 -1.923280000000000128e-02
9.829999999999999849e-01 -6.789910000000000390e-02 1.705919999999999936e-01 -2.464310000000000112e-01 8.572580000000000477e-02 9.913480000000000070e-01 -9.939979999999999649e-02 2.035939999999999972e-02 -1.623670000000000113e-01 1.123340000000000033e-01 9.803150000000000475e-01 -1.983760000000000037e-02
9.811320000000000041e-01 -6.815809999999999924e-02 1.809290000000000065e-01 -2.531809999999999894e-01 8.720169999999999311e-02 9.912119999999999820e-01 -9.947090000000000098e-02 1.941539999999999933e-02 -1.725599999999999912e-01 1.133709999999999996e-01 9.784530000000000172e-01 -1.881069999999999964e-02
9.792279999999999873e-01 -7.088619999999999644e-02 1.899689999999999990e-01 -2.590930000000000177e-01 9.152670000000000250e-02 9.905469999999999553e-01 -1.021719999999999989e-01 1.900260000000000143e-02 -1.809310000000000085e-01 1.174359999999999987e-01 9.764589999999999659e-01 -1.984079999999999872e-02
9.774599999999999955e-01 -7.149049999999999849e-02 1.986469999999999902e-01 -2.667640000000000011e-01 9.320710000000000106e-02 9.903870000000000173e-01 -1.022060000000000052e-01 1.901390000000000025e-02 -1.894309999999999883e-01 1.184179999999999955e-01 9.747270000000000101e-01 -2.179189999999999947e-02
9.756759999999999877e-01 -7.010039999999999327e-02 2.077060000000000017e-01 -2.738619999999999943e-01 9.298249999999999571e-02 9.903750000000000053e-01 -1.025260000000000060e-01 1.926960000000000131e-02 -1.985200000000000020e-01 1.193450000000000066e-01 9.728040000000000020e-01 -2.183119999999999852e-02
9.740689999999999626e-01 -7.035550000000000137e-02 2.150340000000000029e-01 -2.812359999999999860e-01 9.454919999999999991e-02 9.900339999999999696e-01 -1.043700000000000044e-01 1.888520000000000129e-02 -2.055480000000000085e-01 1.219940000000000052e-01 9.710140000000000438e-01 -2.415039999999999895e-02
9.725840000000000041e-01 -7.462589999999999502e-02 2.202510000000000023e-01 -2.871739999999999848e-01 9.998830000000000218e-02 9.892900000000000027e-01 -1.063349999999999990e-01 2.092159999999999853e-02 -2.099570000000000047e-01 1.254419999999999980e-01 9.696299999999999919e-01 -2.148479999999999834e-02
9.706399999999999473e-01 -7.863770000000000482e-02 2.273179999999999923e-01 -2.975900000000000212e-01 1.044400000000000051e-01 9.891010000000000080e-01 -1.037899999999999934e-01 2.035959999999999853e-02 -2.166780000000000095e-01 1.244839999999999974e-01 9.682739999999999680e-01 -2.448070000000000107e-02
9.700560000000000294e-01 -7.962160000000000071e-02 2.294579999999999953e-01 -3.015039999999999942e-01 1.056020000000000014e-01 9.890339999999999687e-01 -1.032480000000000064e-01 2.066420000000000062e-02 -2.187209999999999988e-01 1.243869999999999976e-01 9.678269999999999929e-01 -2.133629999999999902e-02
9.687869999999999537e-01 -8.063779999999999559e-02 2.344110000000000082e-01 -3.107579999999999787e-01 1.072039999999999937e-01 9.889000000000000012e-01 -1.028759999999999952e-01 2.144319999999999907e-02 -2.235139999999999905e-01 1.247950000000000031e-01 9.666789999999999550e-01 -2.393819999999999976e-02
9.681929999999999703e-01 -7.941470000000000473e-02 2.372690000000000077e-01 -3.164009999999999878e-01 1.062150000000000039e-01 9.890590000000000215e-01 -1.023779999999999968e-01 2.388790000000000011e-02 -2.265419999999999934e-01 1.243230000000000030e-01 9.660339999999999483e-01 -1.929619999999999946e-02
9.666160000000000307e-01 -7.843419999999999559e-02 2.439300000000000079e-01 -3.271680000000000144e-01 1.052580000000000043e-01 9.895119999999999472e-01 -9.893230000000000079e-02 2.091389999999999916e-02 -2.336119999999999863e-01 1.213049999999999962e-01 9.647329999999999517e-01 -2.640709999999999932e-02
9.657179999999999653e-01 -7.391989999999999672e-02 2.488470000000000126e-01 -3.342629999999999768e-01 1.021849999999999981e-01 9.894560000000000022e-01 -1.026389999999999941e-01 2.202099999999999891e-02 -2.386359999999999870e-01 1.245490000000000069e-01 9.630889999999999729e-01 -2.526770000000000058e-02
9.642910000000000093e-01 -7.799150000000000527e-02 2.531010000000000204e-01 -3.429159999999999986e-01 1.073260000000000047e-01 9.887460000000000138e-01 -1.042280000000000012e-01 1.890110000000000054e-02 -2.421240000000000059e-01 1.276700000000000057e-01 9.618090000000000250e-01 -2.990779999999999827e-02
9.625059999999999727e-01 -7.799359999999999626e-02 2.598059999999999814e-01 -3.500980000000000203e-01 1.082250000000000018e-01 9.886559999999999793e-01 -1.041470000000000035e-01 1.921259999999999982e-02 -2.487360000000000126e-01 1.283600000000000019e-01 9.600279999999999925e-01 -2.977770000000000070e-02
9.603340000000000209e-01 -7.755209999999999881e-02 2.678519999999999790e-01 -3.555479999999999752e-01 1.092469999999999969e-01 9.883990000000000276e-01 -1.055090000000000056e-01 1.812489999999999934e-02 -2.565620000000000123e-01 1.305860000000000076e-01 9.576649999999999885e-01 -2.950219999999999926e-02
9.577480000000000437e-01 -7.594180000000000375e-02 2.774019999999999819e-01 -3.631679999999999908e-01 1.106749999999999956e-01 9.875530000000000141e-01 -1.117589999999999972e-01 1.620390000000000025e-02 -2.654619999999999758e-01 1.377390000000000003e-01 9.542319999999999691e-01 -2.965500000000000080e-02
9.554669999999999552e-01 -7.626259999999999983e-02 2.850719999999999921e-01 -3.716829999999999856e-01 1.145120000000000027e-01 9.861480000000000246e-01 -1.199920000000000014e-01 1.523090000000000034e-02 -2.719719999999999915e-01 1.472930000000000073e-01 9.509659999999999780e-01 -2.961089999999999903e-02
9.543390000000000484e-01 -7.696089999999999876e-02 2.886429999999999829e-01 -3.778679999999999817e-01 1.176409999999999956e-01 9.849879999999999747e-01 -1.263269999999999949e-01 1.569600000000000162e-02 -2.745879999999999987e-01 1.545150000000000134e-01 9.490659999999999652e-01 -2.724239999999999995e-02
9.539220000000000477e-01 -7.816589999999999649e-02 2.896949999999999803e-01 -3.837139999999999995e-01 1.201839999999999992e-01 9.841769999999999685e-01 -1.301950000000000052e-01 1.901850000000000068e-02 -2.749349999999999850e-01 1.590119999999999867e-01 9.482230000000000381e-01 -2.445929999999999979e-02
9.538640000000000452e-01 -8.012930000000000053e-02 2.893499999999999961e-01 -3.892510000000000137e-01 1.224670000000000064e-01 9.837500000000000133e-01 -1.312919999999999920e-01 1.806510000000000060e-02 -2.741279999999999828e-01 1.606700000000000073e-01 9.481770000000000476e-01 -2.489469999999999877e-02
9.537710000000000354e-01 -8.051550000000000373e-02 2.895490000000000008e-01 -3.954920000000000102e-01 1.238550000000000068e-01 9.831299999999999484e-01 -1.345959999999999934e-01 1.814429999999999862e-02 -2.738269999999999871e-01 1.642359999999999931e-01 9.476529999999999676e-01 -2.435419999999999946e-02
9.536189999999999944e-01 -7.854220000000000645e-02 2.905880000000000130e-01 -4.018459999999999810e-01 1.230809999999999960e-01 9.827129999999999477e-01 -1.382980000000000043e-01 2.114310000000000148e-02 -2.747020000000000017e-01 1.676489999999999925e-01 9.468010000000000037e-01 -2.379049999999999915e-02
9.538619999999999877e-01 -7.852670000000000483e-02 2.897930000000000228e-01 -4.064999999999999725e-01 1.228889999999999982e-01 9.827519999999999589e-01 -1.381920000000000093e-01 2.259279999999999969e-02 -2.739429999999999921e-01 1.674279999999999935e-01 9.470600000000000129e-01 -2.324259999999999868e-02
9.535439999999999472e-01 -7.826400000000000023e-02 2.909100000000000019e-01 -4.129530000000000145e-01 1.225310000000000010e-01 9.829369999999999497e-01 -1.371890000000000054e-01 2.263949999999999990e-02 -2.752089999999999814e-01 1.664609999999999979e-01 9.468640000000000390e-01 -2.389209999999999945e-02
9.539100000000000357e-01 -7.680710000000000315e-02 2.900980000000000225e-01 -4.156420000000000115e-01 1.216310000000000030e-01 9.826850000000000307e-01 -1.397730000000000083e-01 2.238980000000000137e-02 -2.743389999999999995e-01 1.686149999999999871e-01 9.467349999999999932e-01 -2.517070000000000071e-02
9.531079999999999552e-01 -7.391019999999999535e-02 2.934669999999999779e-01 -4.193560000000000065e-01 1.210920000000000052e-01 9.818459999999999965e-01 -1.459979999999999889e-01 2.255290000000000072e-02 -2.773479999999999834e-01 1.746890000000000109e-01 9.447550000000000114e-01 -2.690789999999999849e-02
9.512770000000000392e-01 -7.237540000000000640e-02 2.997230000000000172e-01 -4.237079999999999735e-01 1.229190000000000005e-01 9.804950000000000054e-01 -1.533619999999999983e-01 2.442789999999999892e-02 -2.827770000000000006e-01 1.827310000000000045e-01 9.416189999999999838e-01 -2.790640000000000134e-02
9.499830000000000219e-01 -6.990540000000000642e-02 3.043770000000000087e-01 -4.274910000000000099e-01 1.228500000000000009e-01 9.796989999999999865e-01 -1.584210000000000063e-01 2.678989999999999844e-02 -2.871230000000000171e-01 1.878900000000000015e-01 9.392859999999999543e-01 -2.923440000000000066e-02
9.487430000000000030e-01 -7.027690000000000325e-02 3.081360000000000210e-01 -4.332329999999999792e-01 1.244859999999999994e-01 9.792440000000000033e-01 -1.599520000000000108e-01 2.908200000000000021e-02 -2.904990000000000072e-01 1.901120000000000032e-01 9.377990000000000492e-01 -3.200329999999999842e-02
9.479030000000000511e-01 -7.033399999999999375e-02 3.106970000000000010e-01 -4.383739999999999859e-01 1.249839999999999979e-01 9.792309999999999626e-01 -1.596410000000000051e-01 3.122480000000000047e-02 -2.930159999999999987e-01 1.901559999999999917e-01 9.370070000000000343e-01 -3.467819999999999930e-02
9.478360000000000118e-01 -6.980849999999999556e-02 3.110189999999999899e-01 -4.414980000000000016e-01 1.244330000000000019e-01 9.793410000000000171e-01 -1.593980000000000119e-01 3.455930000000000113e-02 -2.934660000000000046e-01 1.897840000000000082e-01 9.369410000000000238e-01 -3.675459999999999838e-02
9.473719999999999919e-01 -6.881890000000000229e-02 3.126519999999999855e-01 -4.460950000000000193e-01 1.231720000000000037e-01 9.797979999999999468e-01 -1.575590000000000046e-01 3.689219999999999999e-02 -2.954919999999999769e-01 1.877769999999999995e-01 9.367090000000000138e-01 -4.056320000000000064e-02
9.469619999999999704e-01 -6.871159999999999768e-02 3.139140000000000263e-01 -4.494699999999999807e-01 1.227879999999999944e-01 9.801159999999999872e-01 -1.558720000000000105e-01 4.037170000000000342e-02 -2.969620000000000037e-01 1.861490000000000089e-01 9.365689999999999849e-01 -4.378309999999999841e-02
9.463049999999999518e-01 -6.924399999999999999e-02 3.157719999999999971e-01 -4.527820000000000178e-01 1.235750000000000043e-01 9.800900000000000167e-01 -1.554099999999999926e-01 4.309099999999999736e-02 -2.987239999999999895e-01 1.860870000000000024e-01 9.360209999999999919e-01 -4.886279999999999790e-02
9.453570000000000029e-01 -6.875240000000000518e-02 3.187059999999999893e-01 -4.571749999999999980e-01 1.236609999999999931e-01 9.800839999999999552e-01 -1.553799999999999903e-01 4.663250000000000034e-02 -3.016759999999999997e-01 1.863009999999999944e-01 9.350309999999999455e-01 -5.405660000000000326e-02
9.446069999999999744e-01 -6.849550000000000083e-02 3.209750000000000103e-01 -4.615210000000000146e-01 1.232199999999999962e-01 9.804519999999999902e-01 -1.534000000000000086e-01 4.968519999999999881e-02 -3.041929999999999912e-01 1.844530000000000058e-01 9.345820000000000238e-01 -5.990689999999999904e-02
9.439750000000000085e-01 -6.971239999999999382e-02 3.225689999999999946e-01 -4.646950000000000247e-01 1.244640000000000052e-01 9.804599999999999982e-01 -1.523410000000000042e-01 5.344940000000000108e-02 -3.056459999999999733e-01 1.839540000000000064e-01 9.342070000000000096e-01 -6.319110000000000005e-02
9.435529999999999751e-01 -7.034229999999999650e-02 3.236649999999999805e-01 -4.708300000000000263e-01 1.248739999999999989e-01 9.806280000000000552e-01 -1.509149999999999936e-01 5.663460000000000022e-02 -3.067790000000000239e-01 1.828130000000000033e-01 9.340589999999999726e-01 -6.875059999999999505e-02
9.439849999999999630e-01 -7.388640000000000485e-02 3.216089999999999782e-01 -4.733530000000000237e-01 1.285979999999999901e-01 9.799280000000000213e-01 -1.523309999999999942e-01 5.999220000000000247e-02 -3.038980000000000015e-01 1.851559999999999873e-01 9.345390000000000086e-01 -7.147280000000000300e-02
9.438569999999999460e-01 -7.474179999999999713e-02 3.217869999999999897e-01 -4.804849999999999954e-01 1.295020000000000060e-01 9.798179999999999668e-01 -1.522699999999999887e-01 6.271680000000000310e-02 -3.039120000000000155e-01 1.853930000000000022e-01 9.344879999999999853e-01 -7.977209999999999857e-02
9.442380000000000217e-01 -7.343120000000000203e-02 3.209710000000000063e-01 -4.853009999999999824e-01 1.278289999999999982e-01 9.801069999999999505e-01 -1.518230000000000135e-01 6.675709999999999977e-02 -3.034370000000000123e-01 1.843869999999999953e-01 9.348410000000000331e-01 -8.416849999999999332e-02
9.443000000000000282e-01 -6.878660000000000330e-02 3.218170000000000197e-01 -4.899020000000000041e-01 1.221679999999999988e-01 9.813030000000000364e-01 -1.487249999999999961e-01 7.145210000000000450e-02 -3.055689999999999795e-01 1.797570000000000001e-01 9.350479999999999903e-01 -9.025969999999999827e-02
9.437069999999999625e-01 -6.295359999999999845e-02 3.247360000000000246e-01 -4.951139999999999985e-01 1.162630000000000052e-01 9.822119999999999740e-01 -1.474570000000000047e-01 7.458349999999999702e-02 -3.096760000000000068e-01 1.769110000000000127e-01 9.342390000000000416e-01 -9.702109999999999901e-02
9.436879999999999713e-01 -5.630809999999999982e-02 3.260100000000000220e-01 -4.987349999999999839e-01 1.105109999999999981e-01 9.824600000000000000e-01 -1.502010000000000012e-01 7.812170000000000225e-02 -3.118349999999999733e-01 1.777700000000000113e-01 9.333580000000000210e-01 -1.032190000000000052e-01
