1.000000000000000000e+00 5.321559999999999884e-24 3.613540000000000073e-23 -3.982039999999999856e-24 -5.321559999999999884e-24 1.000000000000000000e+00 2.182529999999999928e-23 2.582139999999999871e-24 -3.613540000000000073e-23 -2.182529999999999928e-23 1.000000000000000000e+00 2.555550000000000028e-23
9.999890000000000168e-01 -1.476400000000000108e-03 -4.560190000000000424e-03 3.576820000000000086e-03 1.461849999999999998e-03 9.999940000000000495e-01 -3.193200000000000205e-03 8.164900000000000109e-04 4.564880000000000326e-03 3.186500000000000096e-03 9.999850000000000128e-01 7.857400000000000495e-04
9.999799999999999800e-01 -3.904139999999999954e-03 -4.954100000000000344e-03 4.685869999999999966e-03 3.887859999999999927e-03 9.999869999999999592e-01 -3.291469999999999899e-03 2.394449999999999790e-03 4.966889999999999847e-03 3.272140000000000205e-03 9.999820000000000375e-01 1.195810000000000059e-03
9.999789999999999512e-01 -4.415149999999999630e-03 -4.662709999999999598e-03 5.071950000000000416e-03 4.412590000000000089e-03 9.999900000000000455e-01 -5.584259999999999962e-04 2.776869999999999859e-03 4.665129999999999971e-03 5.378400000000000411e-04 9.999890000000000168e-01 1.553799999999999929e-03
9.999799999999999800e-01 -5.008600000000000205e-03 -3.856950000000000049e-03 4.955460000000000073e-03 5.011520000000000211e-03 9.999869999999999592e-01 7.459170000000000210e-04 2.326899999999999802e-03 3.853169999999999946e-03 -7.652320000000000216e-04 9.999919999999999920e-01 1.538370000000000059e-03
9.999740000000000295e-01 -5.642470000000000124e-03 -4.556769999999999918e-03 4.783650000000000402e-03 5.639510000000000356e-03 9.999839999999999840e-01 -6.615759999999999827e-04 1.595550000000000050e-03 4.560429999999999866e-03 6.358610000000000434e-04 9.999890000000000168e-01 8.458889999999999508e-04
9.999639999999999640e-01 -6.081210000000000088e-03 -5.999550000000000195e-03 5.741330000000000218e-03 6.069119999999999897e-03 9.999799999999999800e-01 -2.031690000000000058e-03 2.134570000000000130e-03 6.011790000000000363e-03 1.995199999999999925e-03 9.999799999999999800e-01 4.283800000000000151e-04
9.999529999999999808e-01 -7.182049999999999719e-03 -6.520149999999999731e-03 5.639060000000000426e-03 7.158450000000000230e-03 9.999679999999999680e-01 -3.635279999999999848e-03 2.807179999999999832e-03 6.546050000000000306e-03 3.588430000000000092e-03 9.999719999999999720e-01 3.447370000000000165e-04
9.999449999999999728e-01 -8.530350000000000779e-03 -6.114969999999999954e-03 6.239459999999999625e-03 8.514549999999999202e-03 9.999599999999999600e-01 -2.605960000000000047e-03 2.594770000000000149e-03 6.136960000000000331e-03 2.553750000000000030e-03 9.999780000000000335e-01 5.097539999999999987e-05
9.999409999999999688e-01 -9.255529999999999660e-03 -5.770619999999999743e-03 7.215639999999999728e-03 9.236539999999999681e-03 9.999519999999999520e-01 -3.308170000000000034e-03 3.111300000000000003e-03 5.800959999999999971e-03 3.254679999999999813e-03 9.999780000000000335e-01 2.831120000000000229e-04
9.999379999999999935e-01 -9.740729999999999528e-03 -5.344540000000000055e-03 7.844699999999999590e-03 9.717959999999999446e-03 9.999440000000000550e-01 -4.269649999999999834e-03 3.261619999999999797e-03 5.385820000000000364e-03 4.217440000000000251e-03 9.999770000000000048e-01 7.436100000000000175e-04
9.999240000000000350e-01 -8.941990000000000355e-03 -8.460050000000000209e-03 1.093069999999999979e-02 8.890010000000000273e-03 9.999409999999999688e-01 -6.161909999999999610e-03 5.193380000000000045e-03 8.514660000000000284e-03 6.086229999999999765e-03 9.999449999999999728e-01 1.789779999999999930e-03
9.999209999999999487e-01 -9.809780000000000583e-03 -7.910079999999999889e-03 1.133280000000000051e-02 9.751110000000000333e-03 9.999249999999999527e-01 -7.422429999999999826e-03 5.514950000000000234e-03 7.982299999999999465e-03 7.344709999999999954e-03 9.999409999999999688e-01 1.778929999999999964e-03
9.999179999999999735e-01 -1.009889999999999920e-02 -7.935309999999999239e-03 1.374030000000000043e-02 1.002149999999999916e-02 9.999019999999999575e-01 -9.732670000000000557e-03 3.717859999999999915e-03 8.032819999999999544e-03 9.652340000000000572e-03 9.999209999999999487e-01 2.234879999999999853e-03
9.999219999999999775e-01 -1.014190000000000057e-02 -7.314499999999999821e-03 1.481230000000000047e-02 1.002079999999999985e-02 9.998150000000000093e-01 -1.639989999999999851e-02 4.178959999999999793e-03 7.479470000000000215e-03 1.632530000000000092e-02 9.998390000000000333e-01 4.481249999999999990e-03
9.999449999999999728e-01 -8.539210000000000203e-03 -6.084560000000000142e-03 1.509500000000000078e-02 8.411280000000000145e-03 9.997489999999999988e-01 -2.074929999999999830e-02 8.411319999999999908e-03 6.260220000000000368e-03 2.069700000000000012e-02 9.997660000000000435e-01 2.879360000000000079e-03
9.999519999999999520e-01 -7.691400000000000146e-03 -5.994120000000000351e-03 1.667659999999999976e-02 7.591960000000000028e-03 9.998359999999999470e-01 -1.643910000000000163e-02 9.980710000000000276e-03 6.119580000000000332e-03 1.639279999999999904e-02 9.998470000000000413e-01 4.574220000000000369e-03
9.999679999999999680e-01 -5.866699999999999866e-03 -5.427699999999999712e-03 1.819710000000000077e-02 5.804740000000000073e-03 9.999190000000000023e-01 -1.136140000000000067e-02 8.845250000000000681e-03 5.493910000000000286e-03 1.132960000000000043e-02 9.999209999999999487e-01 5.784430000000000127e-03
9.999730000000000008e-01 -6.115970000000000087e-03 -3.981550000000000367e-03 1.770909999999999845e-02 6.075289999999999684e-03 9.999299999999999855e-01 -1.015150000000000080e-02 8.553599999999999745e-03 4.043360000000000183e-03 1.012700000000000058e-02 9.999409999999999688e-01 5.076810000000000177e-03
9.999829999999999552e-01 -5.145339999999999983e-03 -2.653509999999999983e-03 1.694089999999999832e-02 5.111740000000000034e-03 9.999090000000000478e-01 -1.251490000000000068e-02 9.610699999999999799e-03 2.717660000000000214e-03 1.250109999999999937e-02 9.999179999999999735e-01 5.123540000000000212e-03
9.999770000000000048e-01 -5.542290000000000064e-03 -3.788010000000000075e-03 1.729440000000000144e-02 5.497010000000000091e-03 9.999149999999999983e-01 -1.186070000000000006e-02 9.925160000000000579e-03 3.853420000000000196e-03 1.183960000000000047e-02 9.999219999999999775e-01 5.011510000000000270e-03
9.999390000000000223e-01 -6.174439999999999790e-03 -9.111249999999999558e-03 1.995109999999999939e-02 6.052939999999999710e-03 9.998930000000000318e-01 -1.330270000000000064e-02 1.043589999999999969e-02 9.192409999999999817e-03 1.324670000000000014e-02 9.998700000000000365e-01 6.558450000000000391e-03
9.999160000000000270e-01 -6.796019999999999839e-03 -1.106679999999999990e-02 1.975270000000000151e-02 6.652500000000000427e-03 9.998939999999999495e-01 -1.295430000000000019e-02 1.077039999999999942e-02 1.115370000000000077e-02 1.287950000000000032e-02 9.998550000000000493e-01 7.823099999999999499e-03
9.998879999999999990e-01 -8.294539999999999552e-03 -1.249109999999999977e-02 2.010079999999999853e-02 8.114339999999999400e-03 9.998629999999999463e-01 -1.440890000000000053e-02 1.331820000000000052e-02 1.260889999999999928e-02 1.430589999999999987e-02 9.998179999999999845e-01 9.698210000000000511e-03
9.998850000000000238e-01 -7.678940000000000418e-03 -1.304729999999999952e-02 1.904120000000000118e-02 7.516430000000000160e-03 9.998939999999999495e-01 -1.245880000000000078e-02 1.393750000000000024e-02 1.314159999999999981e-02 1.235930000000000015e-02 9.998369999999999758e-01 1.141419999999999935e-02
9.998669999999999503e-01 -4.564809999999999875e-03 -1.568210000000000090e-02 1.755630000000000038e-02 4.373850000000000307e-03 9.999160000000000270e-01 -1.218980000000000063e-02 1.246459999999999929e-02 1.573640000000000108e-02 1.211959999999999947e-02 9.998029999999999973e-01 1.262390000000000040e-02
9.998270000000000213e-01 -6.806750000000000517e-05 -1.858630000000000004e-02 1.705600000000000172e-02 -2.493190000000000163e-04 9.998540000000000205e-01 -1.707349999999999840e-02 1.406379999999999957e-02 1.858479999999999854e-02 1.707509999999999931e-02 9.996810000000000418e-01 1.214080000000000020e-02
9.997859999999999525e-01 3.206239999999999958e-03 -2.041940000000000074e-02 1.606940000000000104e-02 -3.572370000000000059e-03 9.998329999999999718e-01 -1.791939999999999852e-02 1.454090000000000070e-02 2.035860000000000100e-02 1.798850000000000102e-02 9.996310000000000473e-01 1.331309999999999959e-02
9.997420000000000195e-01 3.326299999999999917e-03 -2.246889999999999998e-02 1.592259999999999856e-02 -3.712270000000000153e-03 9.998460000000000125e-01 -1.715799999999999964e-02 1.465520000000000017e-02 2.240839999999999846e-02 1.723699999999999885e-02 9.996000000000000441e-01 1.491020000000000019e-02
9.997669999999999613e-01 5.374460000000000175e-03 -2.092170000000000141e-02 1.408000000000000050e-02 -5.752089999999999634e-03 9.998209999999999598e-01 -1.803159999999999832e-02 1.367050000000000036e-02 2.082109999999999864e-02 1.814769999999999925e-02 9.996180000000000065e-01 1.437669999999999920e-02
9.997519999999999740e-01 2.640570000000000070e-03 -2.209459999999999896e-02 1.287690000000000015e-02 -3.079989999999999898e-03 9.997979999999999645e-01 -1.987809999999999924e-02 1.529750000000000033e-02 2.203760000000000094e-02 1.994119999999999920e-02 9.995579999999999465e-01 1.541840000000000051e-02
9.996749999999999803e-01 3.068790000000000059e-03 -2.532500000000000029e-02 1.446970000000000027e-02 -3.571780000000000094e-03 9.997970000000000468e-01 -1.984019999999999881e-02 1.646529999999999869e-02 2.525900000000000020e-02 1.992419999999999955e-02 9.994819999999999816e-01 1.798280000000000017e-02
9.996840000000000170e-01 5.003569999999999719e-03 -2.464529999999999846e-02 1.235739999999999929e-02 -5.474940000000000188e-03 9.998029999999999973e-01 -1.909570000000000017e-02 1.773599999999999829e-02 2.454490000000000144e-02 1.922449999999999853e-02 9.995140000000000136e-01 1.884879999999999889e-02
9.996629999999999683e-01 7.733359999999999887e-03 -2.476760000000000073e-02 1.039110000000000034e-02 -8.159339999999999302e-03 9.998200000000000420e-01 -1.714440000000000061e-02 1.752199999999999938e-02 2.463059999999999902e-02 1.734070000000000056e-02 9.995460000000000456e-01 1.892349999999999935e-02
9.996859999999999635e-01 8.079110000000000458e-03 -2.372120000000000131e-02 8.320900000000000865e-03 -8.467380000000000045e-03 9.998310000000000253e-01 -1.631379999999999983e-02 1.744619999999999851e-02 2.358539999999999942e-02 1.650949999999999987e-02 9.995849999999999458e-01 1.984870000000000037e-02
9.997249999999999748e-01 9.679919999999999844e-03 -2.135130000000000014e-02 6.257460000000000279e-03 -1.005050000000000041e-02 9.998000000000000220e-01 -1.731769999999999837e-02 1.648509999999999906e-02 2.117940000000000100e-02 1.752750000000000141e-02 9.996220000000000105e-01 1.970490000000000089e-02
9.997880000000000100e-01 8.849670000000000453e-03 -1.857359999999999914e-02 1.769200000000000069e-03 -9.243559999999999624e-03 9.997319999999999540e-01 -2.122910000000000075e-02 1.525929999999999995e-02 1.838069999999999982e-02 2.139630000000000004e-02 9.996019999999999905e-01 2.097250000000000156e-02
9.997930000000000428e-01 7.724919999999999703e-03 -1.883299999999999905e-02 -1.109430000000000008e-03 -8.209030000000000840e-03 9.996340000000000225e-01 -2.576519999999999852e-02 1.422889999999999919e-02 1.862710000000000060e-02 2.591440000000000063e-02 9.994910000000000183e-01 1.960210000000000077e-02
9.997979999999999645e-01 3.895140000000000061e-03 -1.970449999999999979e-02 -3.084690000000000175e-03 -4.511819999999999720e-03 9.994979999999999976e-01 -3.134920000000000068e-02 1.472790000000000037e-02 1.957249999999999962e-02 3.143180000000000279e-02 9.993140000000000356e-01 1.886559999999999973e-02
9.998310000000000253e-01 -9.764939999999999514e-04 -1.834799999999999973e-02 -6.219739999999999644e-03 3.014919999999999926e-04 9.993239999999999901e-01 -3.675570000000000226e-02 1.473569999999999915e-02 1.837149999999999894e-02 3.674399999999999888e-02 9.991560000000000441e-01 1.742619999999999933e-02
9.998460000000000125e-01 -4.711289999999999922e-03 -1.687759999999999955e-02 -9.299760000000000665e-03 3.991299999999999709e-03 9.990909999999999513e-01 -4.244180000000000175e-02 1.504759999999999952e-02 1.706229999999999900e-02 4.236790000000000000e-02 9.989559999999999551e-01 1.613859999999999947e-02
9.997779999999999445e-01 -7.200889999999999722e-03 -1.977850000000000094e-02 -8.978430000000000785e-03 6.231050000000000130e-03 9.987960000000000171e-01 -4.866639999999999855e-02 1.833850000000000063e-02 2.010510000000000075e-02 4.853240000000000332e-02 9.986190000000000344e-01 1.649619999999999906e-02
9.998200000000000420e-01 -7.178050000000000055e-03 -1.757090000000000041e-02 -1.208689999999999938e-02 6.265970000000000047e-03 9.986570000000000169e-01 -5.142440000000000205e-02 1.824670000000000111e-02 1.791649999999999840e-02 5.130500000000000338e-02 9.985220000000000207e-01 1.582830000000000001e-02
9.998620000000000285e-01 -5.981420000000000313e-03 -1.551149999999999925e-02 -1.371400000000000050e-02 5.103060000000000408e-03 9.984140000000000237e-01 -5.606049999999999922e-02 1.892249999999999835e-02 1.582230000000000095e-02 5.597359999999999836e-02 9.983070000000000555e-01 1.341789999999999997e-02
9.998949999999999783e-01 -5.259609999999999633e-03 -1.349209999999999993e-02 -1.457710000000000082e-02 4.422350000000000239e-03 9.981060000000000487e-01 -6.135109999999999869e-02 1.983499999999999847e-02 1.378930000000000086e-02 6.128499999999999920e-02 9.980250000000000510e-01 1.364989999999999953e-02
9.999419999999999975e-01 -3.469260000000000052e-03 -1.023750000000000007e-02 -1.739599999999999827e-02 2.804780000000000207e-03 9.979320000000000412e-01 -6.422129999999999506e-02 2.230499999999999844e-02 1.043909999999999977e-02 6.418880000000000419e-02 9.978829999999999645e-01 1.375469999999999991e-02
9.999730000000000008e-01 -1.567569999999999901e-03 -7.130459999999999923e-03 -2.155529999999999946e-02 1.090550000000000026e-03 9.977909999999999835e-01 -6.641669999999999519e-02 2.286550000000000041e-02 7.218829999999999865e-03 6.640719999999999956e-02 9.977660000000000418e-01 1.108029999999999952e-02
9.999639999999999640e-01 -1.574040000000000129e-04 -8.514890000000000653e-03 -2.301819999999999908e-02 -4.291429999999999941e-04 9.976279999999999593e-01 -6.883930000000000604e-02 2.249030000000000126e-02 8.505530000000000729e-03 6.884039999999999604e-02 9.975910000000000055e-01 8.313150000000000053e-03
9.999609999999999888e-01 3.617410000000000157e-03 -8.116589999999999916e-03 -2.637520000000000142e-02 -4.202990000000000198e-03 9.972990000000000466e-01 -7.332969999999999766e-02 2.304729999999999973e-02 7.829400000000000248e-03 7.336090000000000666e-02 9.972750000000000226e-01 5.673059999999999735e-03
9.999500000000000055e-01 6.491089999999999707e-03 -7.587420000000000102e-03 -2.910870000000000124e-02 -7.073430000000000342e-03 9.968150000000000066e-01 -7.942939999999999723e-02 2.435839999999999880e-02 7.047669999999999803e-03 7.947909999999999697e-02 9.968120000000000314e-01 4.068379999999999913e-03
9.999489999999999768e-01 6.573550000000000053e-03 -7.710940000000000329e-03 -3.018900000000000056e-02 -7.209329999999999905e-03 9.963079999999999714e-01 -8.555110000000000492e-02 2.429459999999999953e-02 7.120099999999999867e-03 8.560230000000000616e-02 9.963039999999999674e-01 1.062240000000000103e-03
9.999419999999999975e-01 6.791850000000000318e-03 -8.384269999999999223e-03 -3.131459999999999799e-02 -7.545520000000000005e-03 9.956000000000000405e-01 -9.340260000000000229e-02 2.633869999999999961e-02 7.713000000000000238e-03 9.346050000000000191e-02 9.955929999999999502e-01 1.740350000000000100e-03
9.999649999999999928e-01 5.387969999999999739e-03 -6.413559999999999574e-03 -3.442200000000000121e-02 -6.004210000000000276e-03 9.949390000000000178e-01 -1.003020000000000023e-01 2.828869999999999996e-02 5.840680000000000004e-03 1.003369999999999956e-01 9.949360000000000426e-01 -9.479859999999999459e-04
9.999780000000000335e-01 4.184929999999999900e-03 -5.237079999999999860e-03 -3.507350000000000051e-02 -4.696849999999999810e-03 9.947840000000000016e-01 -1.018980000000000025e-01 3.153650000000000203e-02 4.783329999999999700e-03 1.019199999999999967e-01 9.947810000000000263e-01 -2.176729999999999984e-03
9.999730000000000008e-01 6.476690000000000225e-03 -3.534100000000000089e-03 -3.601560000000000178e-02 -6.796729999999999959e-03 9.949970000000000203e-01 -9.967669999999999308e-02 3.341750000000000276e-02 2.870839999999999937e-03 9.969799999999999496e-02 9.950139999999999540e-01 -1.979939999999999912e-03
9.999559999999999560e-01 9.258809999999999263e-03 -1.436680000000000075e-03 -3.730610000000000176e-02 -9.355590000000000434e-03 9.950379999999999781e-01 -9.905429999999999791e-02 3.463940000000000075e-02 5.124240000000000392e-04 9.906339999999999590e-02 9.950809999999999933e-01 -1.686860000000000095e-03
9.999470000000000303e-01 1.027460000000000005e-02 1.135570000000000026e-03 -3.983180000000000054e-02 -1.011459999999999963e-02 9.951699999999999990e-01 -9.764449999999999519e-02 3.405529999999999669e-02 -2.133350000000000003e-03 9.762780000000000069e-02 9.952210000000000223e-01 -3.640899999999999866e-03
9.999360000000000470e-01 1.093270000000000006e-02 2.895780000000000142e-03 -4.072060000000000263e-02 -1.059569999999999956e-02 9.951140000000000541e-01 -9.816579999999999750e-02 3.682719999999999744e-02 -3.954850000000000206e-03 9.812890000000000501e-02 9.951659999999999950e-01 -3.521770000000000022e-03
9.999059999999999615e-01 1.172379999999999950e-02 7.120160000000000378e-03 -4.512460000000000082e-02 -1.098340000000000080e-02 9.952849999999999753e-01 -9.637479999999999658e-02 3.776870000000000227e-02 -8.216460000000000083e-03 9.628749999999999809e-02 9.953199999999999825e-01 -4.948280000000000213e-03
9.998920000000000030e-01 1.105740000000000021e-02 9.685390000000000318e-03 -4.757469999999999755e-02 -1.006489999999999989e-02 9.952210000000000223e-01 -9.712769999999999737e-02 3.781240000000000295e-02 -1.071309999999999971e-02 9.701970000000000038e-02 9.952250000000000263e-01 -5.637419999999999758e-03
9.998989999999999823e-01 6.660430000000000170e-03 1.253759999999999944e-02 -4.969670000000000337e-02 -5.375949999999999999e-03 9.949900000000000411e-01 -9.983150000000000357e-02 3.743169999999999831e-02 -1.313970000000000068e-02 9.975399999999999545e-02 9.949249999999999483e-01 -5.874759999999999704e-03
9.998860000000000525e-01 5.055630000000000193e-03 1.426129999999999932e-02 -5.235329999999999845e-02 -3.573189999999999960e-03 9.947650000000000103e-01 -1.021220000000000044e-01 3.814170000000000060e-02 -1.470289999999999965e-02 1.020589999999999969e-01 9.946700000000000541e-01 -8.464430000000000218e-03
9.998709999999999543e-01 2.466760000000000133e-03 1.586809999999999957e-02 -5.521580000000000238e-02 -7.989069999999999592e-04 9.945490000000000164e-01 -1.042659999999999976e-01 3.741450000000000331e-02 -1.603879999999999889e-02 1.042399999999999993e-01 9.944229999999999459e-01 -9.999970000000000386e-03
9.998169999999999558e-01 -1.422590000000000052e-03 1.908220000000000055e-02 -5.905320000000000014e-02 3.509229999999999901e-03 9.939510000000000289e-01 -1.097680000000000045e-01 3.896329999999999932e-02 -1.881060000000000024e-02 1.098139999999999949e-01 9.937740000000000462e-01 -9.888169999999999946e-03
9.997549999999999493e-01 -4.406740000000000136e-03 2.167060000000000167e-02 -6.376300000000000023e-02 6.790029999999999850e-03 9.937789999999999679e-01 -1.111670000000000019e-01 4.034299999999999692e-02 -2.104589999999999933e-02 1.112869999999999970e-01 9.935650000000000315e-01 -1.124190000000000085e-02
9.997169999999999668e-01 -7.872509999999999231e-03 2.245159999999999864e-02 -6.812089999999999812e-02 1.037030000000000070e-02 9.934950000000000170e-01 -1.134030000000000038e-01 4.077419999999999656e-02 -2.141279999999999920e-02 1.136029999999999957e-01 9.932950000000000390e-01 -1.102030000000000023e-02
9.996469999999999523e-01 -1.066800000000000040e-02 2.431439999999999990e-02 -7.214450000000000029e-02 1.338130000000000049e-02 9.933549999999999880e-01 -1.143129999999999979e-01 4.070229999999999682e-02 -2.293330000000000021e-02 1.145980000000000054e-01 9.931470000000000020e-01 -1.145149999999999987e-02
9.995530000000000248e-01 -1.187760000000000031e-02 2.741980000000000112e-02 -7.725940000000000585e-02 1.493200000000000083e-02 9.933659999999999712e-01 -1.140240000000000004e-01 4.153509999999999841e-02 -2.588359999999999966e-02 1.143819999999999976e-01 9.930999999999999828e-01 -1.128780000000000061e-02
9.994669999999999943e-01 -1.262379999999999926e-02 3.010430000000000050e-02 -8.270059999999999911e-02 1.601129999999999914e-02 9.932269999999999710e-01 -1.150830000000000047e-01 4.174909999999999732e-02 -2.844759999999999997e-02 1.155039999999999956e-01 9.929000000000000048e-01 -8.955289999999999431e-03
9.993579999999999686e-01 -1.371679999999999948e-02 3.310210000000000236e-02 -8.851439999999999308e-02 1.754980000000000082e-02 9.928069999999999951e-01 -1.184339999999999976e-01 4.356020000000000031e-02 -3.123940000000000050e-02 1.189380000000000021e-01 9.924100000000000144e-01 -8.260270000000000112e-03
9.992330000000000378e-01 -1.398839999999999979e-02 3.656329999999999997e-02 -9.554940000000000655e-02 1.819780000000000009e-02 9.929109999999999880e-01 -1.174589999999999940e-01 4.338120000000000170e-02 -3.466099999999999737e-02 1.180340000000000000e-01 9.924039999999999528e-01 -7.907759999999999789e-03
9.991870000000000474e-01 -1.431269999999999938e-02 3.769750000000000184e-02 -1.010670000000000041e-01 1.862959999999999963e-02 9.929829999999999490e-01 -1.167780000000000068e-01 4.336340000000000333e-02 -3.576150000000000162e-02 1.173850000000000032e-01 9.924420000000000464e-01 -5.982450000000000268e-03
9.990069999999999784e-01 -1.876919999999999977e-02 4.040799999999999947e-02 -1.083240000000000036e-01 2.343889999999999862e-02 9.926909999999999901e-01 -1.183820000000000011e-01 4.171840000000000270e-02 -3.789069999999999938e-02 1.192109999999999975e-01 9.921459999999999724e-01 -4.991620000000000432e-03
9.987549999999999484e-01 -2.530440000000000120e-02 4.298239999999999700e-02 -1.152620000000000033e-01 3.039999999999999994e-02 9.920189999999999841e-01 -1.223680000000000045e-01 4.416230000000000155e-02 -3.954289999999999888e-02 1.235229999999999939e-01 9.915540000000000465e-01 -3.775639999999999812e-03
9.984530000000000349e-01 -2.943820000000000117e-02 4.716560000000000197e-02 -1.241870000000000057e-01 3.499490000000000239e-02 9.919510000000000272e-01 -1.216890000000000055e-01 4.490210000000000035e-02 -4.320369999999999766e-02 1.231519999999999976e-01 9.914469999999999672e-01 -1.634500000000000102e-03
9.980259999999999687e-01 -3.909130000000000243e-02 4.915690000000000337e-02 -1.313310000000000033e-01 4.470020000000000243e-02 9.919200000000000239e-01 -1.187320000000000042e-01 4.376490000000000241e-02 -4.411829999999999918e-02 1.206949999999999967e-01 9.917089999999999517e-01 -1.653839999999999954e-03
9.976310000000000455e-01 -4.508619999999999989e-02 5.195009999999999906e-02 -1.390730000000000022e-01 5.096980000000000260e-02 9.916869999999999852e-01 -1.181450000000000000e-01 4.508270000000000333e-02 -4.619150000000000339e-02 1.205129999999999951e-01 9.916369999999999907e-01 -1.324040000000000015e-04
9.972830000000000306e-01 -4.614639999999999714e-02 5.742280000000000301e-02 -1.473039999999999905e-01 5.259939999999999755e-02 9.918000000000000149e-01 -1.164769999999999972e-01 4.421409999999999924e-02 -5.157690000000000191e-02 1.191809999999999953e-01 9.915319999999999689e-01 2.324280000000000183e-03
9.967430000000000456e-01 -4.965809999999999669e-02 6.354070000000000551e-02 -1.545070000000000054e-01 5.673799999999999677e-02 9.917479999999999629e-01 -1.149649999999999977e-01 4.306449999999999861e-02 -5.730740000000000139e-02 1.181959999999999955e-01 9.913349999999999662e-01 2.471950000000000102e-03
9.961590000000000167e-01 -5.270190000000000291e-02 6.992950000000000554e-02 -1.600860000000000061e-01 6.063059999999999977e-02 9.913279999999999870e-01 -1.165869999999999962e-01 4.402550000000000213e-02 -6.317870000000000430e-02 1.203789999999999999e-01 9.907160000000000410e-01 2.996340000000000114e-03
9.955070000000000308e-01 -5.428829999999999767e-02 7.757590000000000319e-02 -1.682150000000000034e-01 6.317899999999999905e-02 9.910989999999999522e-01 -1.171760000000000024e-01 4.418829999999999980e-02 -7.052410000000000623e-02 1.215510000000000063e-01 9.900769999999999849e-01 3.881030000000000157e-03
9.951050000000000173e-01 -5.492530000000000329e-02 8.215169999999999417e-02 -1.732029999999999959e-01 6.461709999999999676e-02 9.906209999999999738e-01 -1.203950000000000020e-01 4.522020000000000206e-02 -7.476839999999999875e-02 1.251140000000000030e-01 9.893210000000000059e-01 6.203740000000000122e-03
9.943239999999999856e-01 -5.981129999999999780e-02 8.799289999999999889e-02 -1.791439999999999977e-01 7.035299999999999887e-02 9.900290000000000479e-01 -1.220409999999999967e-01 4.562560000000000227e-02 -7.981610000000000094e-02 1.275380000000000125e-01 9.886169999999999680e-01 8.019649999999999695e-03
9.935929999999999485e-01 -6.333289999999999753e-02 9.360580000000000289e-02 -1.846039999999999903e-01 7.458049999999999402e-02 9.897230000000000194e-01 -1.220080000000000053e-01 4.532030000000000086e-02 -8.491669999999999774e-02 1.282069999999999876e-01 9.881050000000000111e-01 1.011049999999999970e-02
9.925899999999999723e-01 -6.837690000000000434e-02 1.004469999999999946e-01 -1.897649999999999892e-01 8.091679999999999706e-02 9.886479999999999713e-01 -1.265979999999999883e-01 4.511749999999999788e-02 -9.065059999999999785e-02 1.337879999999999903e-01 9.868550000000000377e-01 1.052449999999999913e-02
9.913370000000000237e-01 -7.335880000000000178e-02 1.089490000000000042e-01 -1.956370000000000053e-01 8.730150000000000410e-02 9.877580000000000249e-01 -1.292760000000000020e-01 4.540809999999999985e-02 -9.813180000000000514e-02 1.376670000000000116e-01 9.856049999999999534e-01 1.245420000000000034e-02
9.900400000000000311e-01 -8.061429999999999985e-02 1.154189999999999938e-01 -1.987079999999999957e-01 9.552800000000000180e-02 9.868839999999999835e-01 -1.301309999999999967e-01 4.725189999999999946e-02 -1.034150000000000069e-01 1.398610000000000131e-01 9.847559999999999647e-01 1.392350000000000011e-02
9.886939999999999618e-01 -8.200970000000000482e-02 1.255360000000000087e-01 -2.058899999999999897e-01 9.834170000000000411e-02 9.866279999999999495e-01 -1.299760000000000082e-01 4.586400000000000199e-02 -1.131979999999999931e-01 1.408520000000000050e-01 9.835380000000000233e-01 1.372480000000000054e-02
9.873490000000000322e-01 -8.327310000000000267e-02 1.349349999999999994e-01 -2.119399999999999895e-01 1.011539999999999939e-01 9.861299999999999510e-01 -1.315880000000000105e-01 4.460940000000000044e-02 -1.221060000000000062e-01 1.435720000000000052e-01 9.820780000000000065e-01 1.435769999999999928e-02
9.862980000000000080e-01 -8.516100000000000059e-02 1.412940000000000029e-01 -2.164329999999999865e-01 1.042399999999999993e-01 9.855319999999999636e-01 -1.336450000000000138e-01 4.633009999999999906e-02 -1.278680000000000094e-01 1.465420000000000056e-01 9.809050000000000269e-01 1.436920000000000038e-02
9.848360000000000447e-01 -8.537150000000000294e-02 1.510299999999999976e-01 -2.238110000000000099e-01 1.059210000000000013e-01 9.853439999999999976e-01 -1.337109999999999965e-01 4.653510000000000285e-02 -1.374019999999999964e-01 1.476810000000000067e-01 9.794439999999999813e-01 1.277649999999999966e-02
9.841149999999999620e-01 -8.569259999999999378e-02 1.554810000000000081e-01 -2.287959999999999994e-01 1.072619999999999962e-01 9.848700000000000232e-01 -1.361070000000000058e-01 4.684130000000000238e-02 -1.414650000000000074e-01 1.506220000000000059e-01 9.784169999999999812e-01 1.034960000000000047e-02
9.828230000000000022e-01 -9.010990000000000666e-02 1.610560000000000047e-01 -2.353790000000000049e-01 1.126410000000000050e-01 9.841830000000000300e-01 -1.367299999999999904e-01 4.769759999999999972e-02 -1.461880000000000124e-01 1.525229999999999919e-01 9.774279999999999635e-01 8.378069999999999615e-03
9.813830000000000053e-01 -9.458679999999999866e-02 1.671559999999999990e-01 -2.439340000000000119e-01 1.179179999999999950e-01 9.837139999999999773e-01 -1.356569999999999998e-01 4.856350000000000250e-02 -1.516019999999999868e-01 1.528420000000000056e-01 9.765530000000000044e-01 5.736370000000000184e-03
9.804739999999999567e-01 -9.590619999999999701e-02 1.716749999999999943e-01 -2.513859999999999983e-01 1.196939999999999948e-01 9.837209999999999566e-01 -1.340419999999999945e-01 4.829590000000000272e-02 -1.560249999999999970e-01 1.519729999999999970e-01 9.759919999999999707e-01 3.335090000000000190e-03
9.796409999999999840e-01 -9.641139999999999433e-02 1.760929999999999995e-01 -2.594870000000000232e-01 1.206030000000000019e-01 9.838479999999999448e-01 -1.322800000000000087e-01 4.771260000000000084e-02 -1.604949999999999988e-01 1.508240000000000136e-01 9.754450000000000065e-01 2.128040000000000042e-04
9.790799999999999503e-01 -9.416700000000000070e-02 1.803740000000000065e-01 -2.666129999999999889e-01 1.190879999999999994e-01 9.839740000000000153e-01 -1.327149999999999996e-01 5.122970000000000301e-02 -1.649859999999999938e-01 1.514189999999999980e-01 9.746029999999999971e-01 -3.302110000000000136e-04
9.782629999999999937e-01 -9.228359999999999341e-02 1.857030000000000070e-01 -2.751250000000000084e-01 1.177659999999999957e-01 9.843340000000000423e-01 -1.312200000000000033e-01 5.048500000000000210e-02 -1.706850000000000034e-01 1.502370000000000094e-01 9.738050000000000317e-01 -6.103729999999999919e-04
9.776110000000000078e-01 -8.852680000000000271e-02 1.908940000000000081e-01 -2.832109999999999905e-01 1.154229999999999978e-01 9.841400000000000148e-01 -1.347109999999999974e-01 5.091819999999999680e-02 -1.759409999999999863e-01 1.537280000000000035e-01 9.723230000000000484e-01 -2.850369999999999748e-04
9.768799999999999706e-01 -8.687000000000000277e-02 1.953429999999999889e-01 -2.892339999999999911e-01 1.153170000000000028e-01 9.835120000000000529e-01 -1.393089999999999884e-01 5.259790000000000298e-02 -1.800209999999999866e-01 1.586140000000000050e-01 9.707900000000000418e-01 -8.522179999999999643e-04
9.758670000000000400e-01 -8.486699999999999799e-02 2.011979999999999880e-01 -2.948669999999999902e-01 1.145680000000000032e-01 9.833730000000000526e-01 -1.408939999999999915e-01 5.467860000000000081e-02 -1.858950000000000047e-01 1.605449999999999933e-01 9.693650000000000322e-01 2.547939999999999732e-04
9.746660000000000323e-01 -8.144329999999999625e-02 2.083089999999999942e-01 -3.001980000000000204e-01 1.129610000000000058e-01 9.830830000000000402e-01 -1.441800000000000026e-01 5.512890000000000151e-02 -1.930429999999999924e-01 1.640580000000000094e-01 9.673779999999999601e-01 2.754009999999999878e-03
9.732309999999999572e-01 -8.000580000000000191e-02 2.154530000000000056e-01 -3.047929999999999806e-01 1.145130000000000037e-01 9.816049999999999498e-01 -1.527660000000000129e-01 5.536100000000000049e-02 -1.992680000000000007e-01 1.733490000000000031e-01 9.644909999999999872e-01 5.373870000000000209e-03
9.717810000000000059e-01 -7.965170000000000583e-02 2.220310000000000061e-01 -3.119169999999999998e-01 1.172890000000000044e-01 9.798210000000000530e-01 -1.618449999999999889e-01 5.539410000000000167e-02 -2.046590000000000076e-01 1.833190000000000097e-01 9.615139999999999798e-01 4.613650000000000390e-03
9.702420000000000488e-01 -7.978889999999999594e-02 2.286140000000000116e-01 -3.223269999999999746e-01 1.198739999999999944e-01 9.786080000000000334e-01 -1.672019999999999895e-01 5.552270000000000122e-02 -2.103829999999999867e-01 1.896309999999999940e-01 9.590509999999999868e-01 1.114160000000000107e-03
9.695129999999999582e-01 -8.023800000000000376e-02 2.315300000000000136e-01 -3.315609999999999946e-01 1.216170000000000029e-01 9.778430000000000177e-01 -1.703860000000000097e-01 5.856680000000000219e-02 -2.127280000000000004e-01 1.933499999999999941e-01 9.577900000000000302e-01 -1.550750000000000045e-03
9.692180000000000240e-01 -8.372200000000000475e-02 2.315300000000000136e-01 -3.376560000000000117e-01 1.254309999999999869e-01 9.771239999999999926e-01 -1.717420000000000058e-01 5.797109999999999763e-02 -2.118549999999999878e-01 1.954960000000000031e-01 9.575479999999999547e-01 -3.674489999999999874e-03
9.691840000000000455e-01 -8.399729999999999697e-02 2.315730000000000011e-01 -3.436009999999999898e-01 1.263950000000000073e-01 9.764559999999999906e-01 -1.748069999999999902e-01 5.774769999999999903e-02 -2.114370000000000138e-01 1.986900000000000055e-01 9.569830000000000281e-01 -2.941079999999999996e-03
9.691130000000000022e-01 -8.288729999999999709e-02 2.322690000000000032e-01 -3.496699999999999808e-01 1.262530000000000041e-01 9.757970000000000255e-01 -1.785519999999999885e-01 6.062780000000000252e-02 -2.118470000000000075e-01 2.023619999999999863e-01 9.561229999999999452e-01 -3.019560000000000126e-03
9.692370000000000152e-01 -8.245439999999999714e-02 2.319060000000000010e-01 -3.547440000000000038e-01 1.257530000000000037e-01 9.758510000000000240e-01 -1.786109999999999920e-01 6.225630000000000053e-02 -2.115779999999999883e-01 2.022799999999999876e-01 9.562000000000000499e-01 -2.954319999999999863e-03
9.690940000000000110e-01 -8.120869999999999478e-02 2.329430000000000112e-01 -3.610800000000000121e-01 1.244309999999999999e-01 9.762560000000000127e-01 -1.773180000000000034e-01 6.185700000000000226e-02 -2.130130000000000079e-01 2.008230000000000015e-01 9.561880000000000379e-01 -3.216609999999999955e-03
9.692790000000000017e-01 -7.489600000000000424e-02 2.342829999999999913e-01 -3.678690000000000015e-01 1.193469999999999948e-01 9.760790000000000299e-01 -1.817280000000000006e-01 6.367929999999999424e-02 -2.150680000000000092e-01 2.041070000000000106e-01 9.550319999999999920e-01 -5.278920000000000314e-03
9.690429999999999877e-01 -7.157510000000000261e-02 2.362889999999999990e-01 -3.688150000000000039e-01 1.183899999999999952e-01 9.745570000000000066e-01 -1.903229999999999922e-01 6.616879999999999984e-02 -2.166549999999999865e-01 2.124060000000000115e-01 9.528609999999999580e-01 -5.346560000000000201e-03
9.679780000000000051e-01 -7.024900000000000588e-02 2.410049999999999970e-01 -3.721740000000000048e-01 1.196819999999999967e-01 9.730590000000000073e-01 -1.970619999999999872e-01 6.765939999999999455e-02 -2.206690000000000040e-01 2.195960000000000134e-01 9.503070000000000128e-01 -4.810749999999999922e-03
9.668360000000000287e-01 -6.862340000000000106e-02 2.460070000000000034e-01 -3.757750000000000257e-01 1.206279999999999991e-01 9.717149999999999954e-01 -2.030230000000000090e-01 7.069409999999999583e-02 -2.251160000000000105e-01 2.259649999999999992e-01 9.477670000000000261e-01 -3.978200000000000312e-03
9.660549999999999971e-01 -6.815740000000000687e-02 2.491839999999999888e-01 -3.809159999999999768e-01 1.212980000000000030e-01 9.713049999999999740e-01 -2.045820000000000138e-01 7.318700000000000205e-02 -2.280899999999999872e-01 2.278630000000000100e-01 9.466010000000000257e-01 -6.988669999999999778e-03
9.653599999999999959e-01 -6.848129999999999495e-02 2.517750000000000266e-01 -3.856419999999999848e-01 1.222629999999999967e-01 9.711739999999999817e-01 -2.046280000000000043e-01 7.616330000000000322e-02 -2.305039999999999867e-01 2.283219999999999972e-01 9.459049999999999958e-01 -1.088850000000000061e-02
9.651920000000000499e-01 -6.806299999999999850e-02 2.525319999999999787e-01 -3.892220000000000124e-01 1.220299999999999996e-01 9.711999999999999522e-01 -2.046459999999999946e-01 7.997550000000000492e-02 -2.313300000000000078e-01 2.283389999999999864e-01 9.456999999999999851e-01 -1.605070000000000108e-02
9.651480000000000059e-01 -6.732960000000000333e-02 2.528949999999999809e-01 -3.918969999999999954e-01 1.209510000000000030e-01 9.717010000000000369e-01 -2.028969999999999940e-01 8.260280000000000400e-02 -2.320770000000000055e-01 2.264140000000000041e-01 9.459790000000000143e-01 -1.876970000000000027e-02
9.645340000000000025e-01 -6.613589999999999747e-02 2.555390000000000161e-01 -3.970520000000000160e-01 1.197010000000000018e-01 9.724279999999999591e-01 -2.001380000000000103e-01 8.562400000000000566e-02 -2.352569999999999939e-01 2.236279999999999935e-01 9.458569999999999478e-01 -2.167950000000000085e-02
9.641349999999999643e-01 -6.681739999999999902e-02 2.568639999999999812e-01 -3.990509999999999891e-01 1.208850000000000063e-01 9.721330000000000249e-01 -2.008610000000000118e-01 8.932049999999999712e-02 -2.362849999999999950e-01 2.247079999999999911e-01 9.453439999999999621e-01 -2.369220000000000007e-02
9.636400000000000521e-01 -6.473489999999999800e-02 2.592430000000000012e-01 -4.024739999999999984e-01 1.196490000000000054e-01 9.720440000000000191e-01 -2.020240000000000091e-01 9.429540000000000144e-02 -2.389179999999999915e-01 2.256970000000000087e-01 9.444470000000000365e-01 -2.549210000000000018e-02
9.633220000000000116e-01 -6.378709999999999936e-02 2.606550000000000256e-01 -4.051420000000000021e-01 1.187050000000000050e-01 9.724270000000000413e-01 -2.007359999999999978e-01 9.764810000000000156e-02 -2.406639999999999890e-01 2.243149999999999866e-01 9.443329999999999780e-01 -2.909880000000000105e-02
9.628940000000000277e-01 -6.481030000000000124e-02 2.619810000000000194e-01 -4.076370000000000271e-01 1.198550000000000032e-01 9.724479999999999791e-01 -1.999479999999999869e-01 1.017320000000000030e-01 -2.418039999999999912e-01 2.239289999999999892e-01 9.441330000000000000e-01 -3.214639999999999859e-02
9.626080000000000192e-01 -6.567610000000000114e-02 2.628150000000000208e-01 -4.125949999999999895e-01 1.204680000000000056e-01 9.727400000000000491e-01 -1.981539999999999968e-01 1.051430000000000003e-01 -2.426369999999999916e-01 2.224049999999999916e-01 9.442789999999999795e-01 -3.918429999999999830e-02
9.627400000000000402e-01 -6.830790000000000473e-02 2.616589999999999749e-01 -4.165679999999999938e-01 1.228220000000000006e-01 9.724690000000000278e-01 -1.980379999999999918e-01 1.076119999999999993e-01 -2.409280000000000033e-01 2.227959999999999940e-01 9.446250000000000480e-01 -4.650950000000000223e-02
9.627719999999999612e-01 -7.021869999999999501e-02 2.610350000000000170e-01 -4.218770000000000020e-01 1.248210000000000014e-01 9.720389999999999864e-01 -1.988979999999999915e-01 1.118040000000000006e-01 -2.397700000000000109e-01 2.240759999999999974e-01 9.446170000000000400e-01 -5.414460000000000106e-02
9.629769999999999719e-01 -6.894359999999999378e-02 2.606169999999999876e-01 -4.269310000000000049e-01 1.232629999999999976e-01 9.723749999999999893e-01 -1.982230000000000103e-01 1.162200000000000039e-01 -2.397519999999999929e-01 2.230090000000000128e-01 9.448739999999999917e-01 -6.108679999999999666e-02
9.631619999999999626e-01 -6.362009999999999887e-02 2.612869999999999915e-01 -4.310510000000000175e-01 1.171539999999999943e-01 9.738329999999999487e-01 -1.947389999999999954e-01 1.204179999999999973e-01 -2.420609999999999984e-01 2.181760000000000088e-01 9.454129999999999479e-01 -6.541210000000000080e-02
9.630790000000000184e-01 -5.866629999999999762e-02 2.627470000000000083e-01 -4.337440000000000184e-01 1.123050000000000020e-01 9.745420000000000194e-01 -1.940489999999999993e-01 1.239370000000000055e-01 -2.446740000000000026e-01 2.163920000000000010e-01 9.451500000000000457e-01 -6.839459999999999984e-02
9.632279999999999731e-01 -5.234119999999999745e-02 2.635390000000000232e-01 -4.363219999999999876e-01 1.068700000000000067e-01 9.745500000000000274e-01 -1.970540000000000069e-01 1.281750000000000111e-01 -2.465179999999999871e-01 2.179719999999999991e-01 9.443080000000000362e-01 -7.412820000000000520e-02
