1.000000000000000000e+00 -1.430380000000000119e-23 1.482710000000000054e-24 -3.080960000000000093e-23 1.430380000000000119e-23 1.000000000000000000e+00 -9.427269999999999858e-24 -2.352560000000000025e-23 -1.482710000000000054e-24 9.427269999999999858e-24 1.000000000000000000e+00 1.855279999999999963e-23
9.999949999999999672e-01 -1.996949999999999940e-03 -2.295719999999999792e-03 1.679979999999999972e-03 1.991909999999999948e-03 9.999959999999999960e-01 -2.196050000000000172e-03 2.088079999999999971e-04 2.300099999999999801e-03 2.191470000000000050e-03 9.999949999999999672e-01 -3.121889999999999886e-04
9.999919999999999920e-01 -3.254850000000000104e-03 -2.216559999999999798e-03 2.191069999999999823e-03 3.251289999999999996e-03 9.999930000000000208e-01 -1.605979999999999908e-03 1.098790000000000096e-03 2.221770000000000082e-03 1.598760000000000068e-03 9.999959999999999960e-01 1.108410000000000048e-04
9.999879999999999880e-01 -4.275639999999999823e-03 -2.495990000000000014e-03 3.487609999999999929e-03 4.279050000000000388e-03 9.999900000000000455e-01 1.361460000000000101e-03 1.948029999999999901e-03 2.490140000000000062e-03 -1.372119999999999894e-03 9.999959999999999960e-01 7.287650000000000605e-05
9.999900000000000455e-01 -4.374740000000000226e-03 -1.318170000000000019e-03 2.978279999999999816e-03 4.377849999999999971e-03 9.999879999999999880e-01 2.366009999999999988e-03 1.732800000000000052e-03 1.307809999999999962e-03 -2.371760000000000101e-03 9.999959999999999960e-01 4.800560000000000265e-04
9.999829999999999552e-01 -5.160969999999999967e-03 -2.585580000000000083e-03 3.505780000000000007e-03 5.165209999999999940e-03 9.999850000000000128e-01 1.637549999999999987e-03 1.756000000000000128e-04 2.577090000000000197e-03 -1.650879999999999969e-03 9.999949999999999672e-01 3.448349999999999875e-04
9.999829999999999552e-01 -4.980759999999999875e-03 -2.897890000000000188e-03 3.146019999999999806e-03 4.982529999999999772e-03 9.999869999999999592e-01 6.054990000000000112e-04 6.532190000000000218e-04 2.894830000000000146e-03 -6.199270000000000431e-04 9.999959999999999960e-01 1.936499999999999908e-04
9.999829999999999552e-01 -5.389630000000000289e-03 -2.248299999999999951e-03 2.651070000000000162e-03 5.389549999999999896e-03 9.999850000000000128e-01 -4.553480000000000320e-05 5.444259999999999811e-04 2.248519999999999946e-03 3.341670000000000144e-05 9.999970000000000248e-01 -1.688959999999999984e-03
9.999630000000000463e-01 -8.251700000000000701e-03 -2.502330000000000092e-03 3.599499999999999835e-03 8.251200000000000201e-03 9.999660000000000215e-01 -2.109419999999999872e-04 8.775690000000000270e-04 2.503979999999999834e-03 1.902870000000000028e-04 9.999970000000000248e-01 -1.585899999999999897e-03
9.999639999999999640e-01 -8.065889999999999171e-03 -2.720329999999999970e-03 5.544109999999999663e-03 8.066979999999999637e-03 9.999670000000000503e-01 3.889920000000000053e-04 5.815910000000000090e-04 2.717100000000000071e-03 -4.109229999999999957e-04 9.999959999999999960e-01 -2.096610000000000108e-04
9.999649999999999928e-01 -8.290300000000000447e-03 -1.495809999999999978e-03 5.437189999999999732e-03 8.289190000000000100e-03 9.999649999999999928e-01 -7.459609999999999548e-04 1.039980000000000028e-03 1.501940000000000002e-03 7.335360000000000187e-04 9.999989999999999712e-01 -1.365530000000000053e-04
9.999670000000000503e-01 -7.554240000000000260e-03 -2.910069999999999844e-03 7.046890000000000098e-03 7.549049999999999858e-03 9.999700000000000255e-01 -1.792900000000000049e-03 1.943220000000000060e-03 2.923520000000000198e-03 1.770880000000000067e-03 9.999940000000000495e-01 -7.813609999999999479e-04
9.999670000000000503e-01 -7.702999999999999778e-03 -2.527859999999999829e-03 7.899770000000000403e-03 7.694659999999999868e-03 9.999649999999999928e-01 -3.291039999999999851e-03 2.735689999999999823e-03 2.553119999999999869e-03 3.271479999999999787e-03 9.999909999999999632e-01 -5.080730000000000532e-04
9.999719999999999720e-01 -7.169919999999999766e-03 -2.068480000000000145e-03 1.010420000000000068e-02 7.158000000000000300e-03 9.999580000000000135e-01 -5.711179999999999729e-03 8.536140000000000437e-04 2.109339999999999913e-03 5.696220000000000103e-03 9.999820000000000375e-01 1.038740000000000019e-03
9.999730000000000008e-01 -7.293509999999999577e-03 -8.977160000000000088e-04 1.040439999999999941e-02 7.281980000000000397e-03 9.998989999999999823e-01 -1.223939999999999924e-02 1.224959999999999981e-03 9.868929999999999716e-04 1.223250000000000032e-02 9.999249999999999527e-01 2.542449999999999918e-03
9.999749999999999472e-01 -7.077139999999999993e-03 -8.559369999999999739e-04 1.210020000000000019e-02 7.062689999999999940e-03 9.998489999999999878e-01 -1.584750000000000048e-02 5.204320000000000127e-03 9.679639999999999772e-04 1.584110000000000032e-02 9.998740000000000405e-01 1.461279999999999914e-03
9.999829999999999552e-01 -5.749790000000000283e-03 -4.443539999999999946e-04 1.364710000000000055e-02 5.744649999999999583e-03 9.999249999999999527e-01 -1.081569999999999927e-02 5.877109999999999626e-03 5.065090000000000391e-04 1.081290000000000029e-02 9.999409999999999688e-01 9.948559999999999088e-04
9.999919999999999920e-01 -3.223580000000000195e-03 2.451560000000000197e-03 1.279680000000000054e-02 3.238350000000000083e-03 9.999759999999999760e-01 -6.046669999999999649e-03 4.937839999999999764e-03 -2.432010000000000075e-03 6.054559999999999630e-03 9.999789999999999512e-01 1.078259999999999939e-03
9.999869999999999592e-01 -3.578319999999999852e-03 3.547540000000000068e-03 1.295579999999999996e-02 3.597599999999999843e-03 9.999789999999999512e-01 -5.442190000000000395e-03 5.171000000000000249e-03 -3.527989999999999945e-03 5.454890000000000433e-03 9.999789999999999512e-01 1.571099999999999971e-03
9.999909999999999632e-01 -2.901830000000000208e-03 3.011569999999999872e-03 1.365339999999999956e-02 2.922419999999999792e-03 9.999719999999999720e-01 -6.854640000000000385e-03 5.839099999999999846e-03 -2.991600000000000075e-03 6.863379999999999655e-03 9.999719999999999720e-01 -2.897110000000000118e-05
9.999839999999999840e-01 -3.825589999999999807e-03 4.149439999999999899e-03 1.218200000000000012e-02 3.854170000000000079e-03 9.999689999999999968e-01 -6.901639999999999685e-03 6.573090000000000183e-03 -4.122909999999999596e-03 6.917519999999999919e-03 9.999679999999999680e-01 1.419429999999999954e-03
9.999900000000000455e-01 -4.275880000000000132e-03 1.021269999999999904e-03 1.319159999999999951e-02 4.283600000000000255e-03 9.999609999999999888e-01 -7.680349999999999851e-03 6.817619999999999930e-03 -9.883879999999999836e-04 7.684650000000000335e-03 9.999700000000000255e-01 1.399470000000000098e-03
9.999839999999999840e-01 -5.505720000000000405e-03 -1.577199999999999956e-03 1.379539999999999933e-02 5.492040000000000116e-03 9.999479999999999480e-01 -8.548470000000000721e-03 6.902300000000000102e-03 1.624189999999999965e-03 8.539669999999999206e-03 9.999620000000000175e-01 3.569140000000000160e-03
9.999740000000000295e-01 -6.581880000000000022e-03 -2.844109999999999954e-03 1.401340000000000051e-02 6.558669999999999951e-03 9.999460000000000015e-01 -8.091839999999999450e-03 8.432389999999999677e-03 2.897219999999999830e-03 8.072980000000000433e-03 9.999630000000000463e-01 4.055060000000000088e-03
9.999689999999999968e-01 -7.189560000000000221e-03 -3.362280000000000043e-03 1.298269999999999980e-02 7.169309999999999919e-03 9.999559999999999560e-01 -5.996839999999999810e-03 9.232070000000000207e-03 3.405239999999999916e-03 5.972540000000000140e-03 9.999759999999999760e-01 5.449230000000000219e-03
9.999780000000000335e-01 -3.969849999999999594e-03 -5.401559999999999695e-03 1.111619999999999969e-02 3.940189999999999665e-03 9.999770000000000048e-01 -5.489800000000000409e-03 7.612690000000000082e-03 5.423230000000000238e-03 5.468399999999999997e-03 9.999700000000000255e-01 6.400229999999999808e-03
9.999630000000000463e-01 1.385429999999999995e-03 -8.465890000000000221e-03 1.001200000000000007e-02 -1.467290000000000001e-03 9.999519999999999520e-01 -9.671700000000000089e-03 8.205459999999999490e-03 8.452090000000000644e-03 9.683769999999999531e-03 9.999169999999999447e-01 8.074359999999999177e-03
9.999369999999999647e-01 3.187059999999999806e-03 -1.074050000000000005e-02 9.484920000000000850e-03 -3.311960000000000078e-03 9.999270000000000103e-01 -1.163100000000000071e-02 1.010929999999999988e-02 1.070270000000000075e-02 1.166589999999999988e-02 9.998749999999999583e-01 7.877699999999999633e-03
9.999179999999999735e-01 5.605210000000000227e-03 -1.155040000000000060e-02 9.157500000000000709e-03 -5.715350000000000118e-03 9.999379999999999935e-01 -9.524940000000000836e-03 8.527679999999999289e-03 1.149629999999999923e-02 9.590170000000000292e-03 9.998879999999999990e-01 9.519249999999999934e-03
9.999219999999999775e-01 5.732560000000000260e-03 -1.108499999999999937e-02 7.186670000000000037e-03 -5.839800000000000026e-03 9.999360000000000470e-01 -9.666219999999999674e-03 7.473729999999999610e-03 1.102889999999999947e-02 9.730199999999999613e-03 9.998920000000000030e-01 9.092640000000000791e-03
9.999179999999999735e-01 5.386990000000000355e-03 -1.157610000000000063e-02 6.169009999999999945e-03 -5.522299999999999952e-03 9.999160000000000270e-01 -1.168929999999999969e-02 9.408539999999999959e-03 1.151210000000000080e-02 1.175230000000000025e-02 9.998650000000000038e-01 1.000090000000000007e-02
9.999019999999999575e-01 4.599540000000000052e-03 -1.322639999999999927e-02 6.567619999999999708e-03 -4.750749999999999765e-03 9.999230000000000063e-01 -1.142409999999999953e-02 1.025389999999999982e-02 1.317289999999999954e-02 1.148579999999999914e-02 9.998470000000000413e-01 1.081599999999999923e-02
9.998989999999999823e-01 6.997459999999999618e-03 -1.239069999999999928e-02 4.279569999999999902e-03 -7.123110000000000205e-03 9.999230000000000063e-01 -1.012539999999999968e-02 1.079850000000000081e-02 1.231890000000000068e-02 1.021269999999999990e-02 9.998719999999999830e-01 1.206349999999999957e-02
9.998829999999999663e-01 9.554909999999999792e-03 -1.195230000000000077e-02 2.018729999999999830e-03 -9.651009999999999797e-03 9.999209999999999487e-01 -8.008309999999999387e-03 1.039600000000000073e-02 1.187479999999999959e-02 8.122719999999999940e-03 9.998960000000000070e-01 1.339019999999999967e-02
9.998939999999999495e-01 1.087729999999999947e-02 -9.720740000000000283e-03 -8.362200000000000405e-04 -1.094359999999999951e-02 9.999169999999999447e-01 -6.790459999999999899e-03 1.045500000000000075e-02 9.646079999999999585e-03 6.896120000000000375e-03 9.999299999999999855e-01 1.270740000000000064e-02
9.998989999999999823e-01 1.184409999999999977e-02 -7.879300000000000540e-03 -2.650159999999999929e-03 -1.189699999999999959e-02 9.999069999999999903e-01 -6.698720000000000022e-03 8.158530000000000643e-03 7.799229999999999878e-03 6.791779999999999866e-03 9.999470000000000303e-01 1.168280000000000013e-02
9.999240000000000350e-01 1.118010000000000011e-02 -5.186220000000000066e-03 -6.991530000000000140e-03 -1.124080000000000044e-02 9.998669999999999503e-01 -1.182700000000000071e-02 8.571260000000000684e-03 5.053300000000000153e-03 1.188439999999999983e-02 9.999169999999999447e-01 1.299460000000000025e-02
9.999409999999999688e-01 9.481019999999999726e-03 -5.279410000000000006e-03 -1.001930000000000008e-02 -9.562809999999999713e-03 9.998310000000000253e-01 -1.568920000000000037e-02 6.600510000000000405e-03 5.129769999999999643e-03 1.573870000000000130e-02 9.998629999999999463e-01 1.182099999999999991e-02
9.999660000000000215e-01 5.666560000000000173e-03 -6.026019999999999988e-03 -1.202570000000000028e-02 -5.791329999999999915e-03 9.997650000000000148e-01 -2.089279999999999957e-02 6.709579999999999711e-03 5.906220000000000220e-03 2.092700000000000116e-02 9.997639999999999860e-01 1.197819999999999961e-02
9.999860000000000415e-01 -5.498350000000000373e-04 -5.297689999999999864e-03 -1.477589999999999980e-02 4.136179999999999826e-04 9.996699999999999475e-01 -2.567940000000000153e-02 5.890989999999999595e-03 5.310060000000000127e-03 2.567679999999999962e-02 9.996559999999999890e-01 9.437589999999999174e-03
9.999879999999999880e-01 -2.959069999999999843e-03 -3.962529999999999698e-03 -1.793600000000000055e-02 2.833440000000000004e-03 9.995049999999999768e-01 -3.134379999999999805e-02 6.371970000000000238e-03 4.053320000000000013e-03 3.133219999999999755e-02 9.995009999999999728e-01 8.502569999999999226e-03
9.999710000000000543e-01 -5.413979999999999661e-03 -5.340089999999999594e-03 -1.850889999999999827e-02 5.216659999999999700e-03 9.993269999999999653e-01 -3.629709999999999881e-02 8.790670000000000428e-03 5.533009999999999665e-03 3.626820000000000044e-02 9.993269999999999653e-01 8.850389999999999646e-03
9.999799999999999800e-01 -5.435399999999999954e-03 -3.163350000000000103e-03 -2.146460000000000035e-02 5.307550000000000288e-03 9.992210000000000258e-01 -3.910770000000000218e-02 9.048769999999999383e-03 3.373450000000000060e-03 3.909010000000000262e-02 9.992299999999999516e-01 9.278269999999999920e-03
9.999860000000000415e-01 -5.265070000000000167e-03 -8.969769999999999740e-04 -2.364969999999999919e-02 5.220810000000000207e-03 9.990299999999999736e-01 -4.372790000000000010e-02 9.237910000000000219e-03 1.126339999999999980e-03 4.372260000000000035e-02 9.990430000000000144e-01 7.876660000000000605e-03
9.999890000000000168e-01 -4.603890000000000239e-03 9.040709999999999979e-04 -2.408110000000000112e-02 4.642740000000000235e-03 9.987819999999999476e-01 -4.911340000000000150e-02 1.045680000000000047e-02 -6.768570000000000012e-04 4.911709999999999687e-02 9.987930000000000419e-01 8.088369999999999241e-03
9.999829999999999552e-01 -2.026109999999999804e-03 5.444049999999999757e-03 -2.810009999999999938e-02 2.301529999999999982e-03 9.986920000000000242e-01 -5.107069999999999665e-02 1.221129999999999959e-02 -5.333449999999999996e-03 5.108229999999999715e-02 9.986800000000000122e-01 6.044390000000000179e-03
9.999630000000000463e-01 1.599770000000000101e-05 8.548820000000000377e-03 -3.220769999999999883e-02 4.336070000000000245e-04 9.986159999999999481e-01 -5.258809999999999873e-02 1.161689999999999945e-02 -8.537829999999999725e-03 5.258990000000000192e-02 9.985800000000000232e-01 3.883900000000000026e-03
9.999700000000000255e-01 2.019700000000000141e-03 7.457949999999999649e-03 -3.403319999999999956e-02 -1.608669999999999978e-03 9.985009999999999719e-01 -5.471329999999999943e-02 1.140200000000000068e-02 -7.557269999999999613e-03 5.469969999999999694e-02 9.984739999999999727e-01 1.361100000000000070e-03
9.999599999999999600e-01 5.201700000000000074e-03 7.247690000000000209e-03 -3.672969999999999707e-02 -4.753590000000000246e-03 9.981550000000000145e-01 -6.053010000000000335e-02 1.330839999999999974e-02 -7.549170000000000012e-03 6.049319999999999697e-02 9.981400000000000272e-01 -2.186360000000000040e-03
9.999369999999999647e-01 7.896169999999999231e-03 7.954400000000000359e-03 -3.938950000000000090e-02 -7.355210000000000047e-03 9.978000000000000203e-01 -6.588230000000000475e-02 1.371209999999999964e-02 -8.457120000000000262e-03 6.581960000000000588e-02 9.977960000000000163e-01 -3.052039999999999788e-03
9.999259999999999815e-01 8.849459999999999965e-03 8.374760000000000190e-03 -4.167370000000000102e-02 -8.225319999999999507e-03 9.973830000000000195e-01 -7.183349999999999458e-02 1.322929999999999939e-02 -8.988529999999999784e-03 7.175929999999999809e-02 9.973809999999999620e-01 -4.440790000000000015e-03
9.999120000000000230e-01 9.252089999999999273e-03 9.472080000000000777e-03 -4.372070000000000123e-02 -8.475339999999999610e-03 9.968390000000000306e-01 -7.899449999999999528e-02 1.482769999999999921e-02 -1.017299999999999975e-02 7.890729999999999966e-02 9.968299999999999939e-01 -7.190450000000000140e-03
9.998960000000000070e-01 8.987480000000000815e-03 1.124499999999999979e-02 -4.657990000000000047e-02 -7.989220000000000002e-03 9.962739999999999929e-01 -8.587019999999999376e-02 1.732219999999999940e-02 -1.197480000000000072e-02 8.577150000000000052e-02 9.962429999999999897e-01 -9.384089999999999446e-03
9.998920000000000030e-01 7.782050000000000425e-03 1.245360000000000043e-02 -4.735530000000000295e-02 -6.662060000000000030e-03 9.961360000000000214e-01 -8.757570000000000632e-02 2.024540000000000020e-02 -1.308699999999999967e-02 8.748329999999999995e-02 9.960799999999999654e-01 -1.003919999999999986e-02
9.998620000000000285e-01 8.656590000000000465e-03 1.419890000000000041e-02 -4.836399999999999727e-02 -7.412720000000000246e-03 9.963170000000000082e-01 -8.542969999999999731e-02 2.182809999999999959e-02 -1.488620000000000047e-02 8.531270000000000520e-02 9.962429999999999897e-01 -1.188589999999999959e-02
9.997989999999999933e-01 1.145769999999999948e-02 1.643119999999999997e-02 -4.971609999999999918e-02 -1.004389999999999970e-02 9.964420000000000499e-01 -8.368349999999999400e-02 2.203789999999999916e-02 -1.733159999999999909e-02 8.350169999999999815e-02 9.963570000000000482e-01 -1.200329999999999973e-02
9.997289999999999788e-01 1.331249999999999968e-02 1.908860000000000071e-02 -5.155350000000000210e-02 -1.167400000000000035e-02 9.964380000000000459e-01 -8.351569999999999827e-02 2.265299999999999953e-02 -2.013240000000000168e-02 8.327020000000000255e-02 9.963239999999999874e-01 -1.276079999999999923e-02
9.996859999999999635e-01 1.317720000000000002e-02 2.131699999999999914e-02 -5.396839999999999971e-02 -1.134330000000000060e-02 9.964030000000000387e-01 -8.397590000000000610e-02 2.538580000000000003e-02 -2.234680000000000000e-02 8.370769999999999600e-02 9.962400000000000144e-01 -1.402179999999999920e-02
9.995910000000000073e-01 1.388409999999999991e-02 2.502079999999999929e-02 -5.745290000000000119e-02 -1.181489999999999971e-02 9.966420000000000279e-01 -8.102900000000000380e-02 2.528400000000000092e-02 -2.606179999999999955e-02 8.070019999999999971e-02 9.963980000000000059e-01 -1.488910000000000060e-02
9.995140000000000136e-01 1.341359999999999948e-02 2.814720000000000069e-02 -6.013770000000000227e-02 -1.108579999999999982e-02 9.966289999999999871e-01 -8.128649999999999765e-02 2.475219999999999851e-02 -2.914260000000000114e-02 8.093500000000000694e-02 9.962929999999999842e-01 -1.499179999999999957e-02
9.994589999999999863e-01 9.448889999999999720e-03 3.150719999999999910e-02 -6.308940000000000381e-02 -6.778600000000000077e-03 9.964589999999999836e-01 -8.380640000000000311e-02 2.406439999999999968e-02 -3.218750000000000083e-02 8.354749999999999677e-02 9.959839999999999804e-01 -1.593400000000000025e-02
9.994079999999999631e-01 6.455630000000000396e-03 3.378310000000000340e-02 -6.642879999999999618e-02 -3.521090000000000157e-03 9.962699999999999889e-01 -8.621310000000000084e-02 2.479409999999999947e-02 -3.421369999999999967e-02 8.604309999999999736e-02 9.957040000000000335e-01 -1.869180000000000147e-02
9.993049999999999988e-01 6.315890000000000219e-03 3.674970000000000320e-02 -7.001179999999999903e-02 -3.028750000000000192e-03 9.960430000000000117e-01 -8.882410000000000305e-02 2.465430000000000052e-02 -3.716529999999999834e-02 8.865099999999999369e-02 9.953689999999999483e-01 -1.919679999999999997e-02
9.992259999999999476e-01 8.243350000000000417e-04 3.933419999999999972e-02 -7.360229999999999551e-02 2.868170000000000181e-03 9.955939999999999790e-01 -9.372659999999999325e-02 2.543749999999999831e-02 -3.923809999999999798e-02 9.376679999999999737e-02 9.948209999999999553e-01 -2.005679999999999963e-02
9.990729999999999889e-01 -1.982789999999999900e-03 4.299460000000000087e-02 -7.904460000000000652e-02 6.012589999999999948e-03 9.955730000000000413e-01 -9.380259999999999987e-02 2.560859999999999873e-02 -4.261829999999999785e-02 9.397419999999999385e-02 9.946620000000000461e-01 -2.116880000000000150e-02
9.990310000000000024e-01 -4.224839999999999672e-03 4.379910000000000053e-02 -8.366339999999999888e-02 8.399739999999999290e-03 9.953859999999999930e-01 -9.557859999999999967e-02 2.607719999999999830e-02 -4.319320000000000104e-02 9.585399999999999476e-02 9.944579999999999531e-01 -2.127839999999999940e-02
9.989339999999999886e-01 -7.270610000000000267e-03 4.557789999999999758e-02 -8.740470000000000184e-02 1.165210000000000030e-02 9.952530000000000543e-01 -9.661709999999999743e-02 2.584559999999999982e-02 -4.465910000000000019e-02 9.704519999999999813e-02 9.942779999999999951e-01 -2.057010000000000088e-02
9.987610000000000099e-01 -9.103270000000000112e-03 4.893170000000000158e-02 -9.296580000000000121e-02 1.382700000000000075e-02 9.951799999999999535e-01 -9.708390000000000075e-02 2.747259999999999980e-02 -4.781210000000000321e-02 9.764019999999999644e-02 9.940729999999999844e-01 -1.963600000000000068e-02
9.986049999999999649e-01 -9.752959999999999754e-03 5.189169999999999894e-02 -9.844169999999999310e-02 1.479489999999999972e-02 9.951069999999999638e-01 -9.768440000000000456e-02 2.718589999999999895e-02 -5.068509999999999682e-02 9.831579999999999486e-02 9.938639999999999697e-01 -1.871830000000000022e-02
9.984340000000000437e-01 -9.928050000000000763e-03 5.504769999999999802e-02 -1.043749999999999956e-01 1.536410000000000033e-02 9.949459999999999971e-01 -9.922559999999999714e-02 2.784750000000000072e-02 -5.378440000000000304e-02 9.991600000000000481e-02 9.935410000000000075e-01 -1.734619999999999912e-02
9.982170000000000210e-01 -1.023699999999999957e-02 5.879689999999999916e-02 -1.115290000000000031e-01 1.605499999999999983e-02 9.949230000000000018e-01 -9.934640000000000137e-02 2.843570000000000125e-02 -5.748140000000000194e-02 1.001129999999999937e-01 9.933140000000000303e-01 -1.738630000000000037e-02
9.980580000000000007e-01 -1.120370000000000046e-02 6.128080000000000332e-02 -1.183099999999999985e-01 1.723059999999999869e-02 9.949660000000000171e-01 -9.872450000000000669e-02 2.868029999999999885e-02 -5.986620000000000136e-02 9.958870000000000222e-02 9.932260000000000533e-01 -1.591359999999999997e-02
9.977909999999999835e-01 -1.518790000000000071e-02 6.467720000000000413e-02 -1.265689999999999871e-01 2.165069999999999842e-02 9.947089999999999543e-01 -1.004260000000000014e-01 2.728289999999999882e-02 -6.280969999999999609e-02 1.016050000000000009e-01 9.928399999999999448e-01 -1.538169999999999989e-02
9.975150000000000405e-01 -2.127679999999999849e-02 6.716239999999999710e-02 -1.331700000000000106e-01 2.811769999999999894e-02 9.943239999999999856e-01 -1.026129999999999959e-01 2.820759999999999934e-02 -6.459789999999999976e-02 1.042470000000000063e-01 9.924509999999999721e-01 -1.452909999999999965e-02
9.970759999999999623e-01 -2.685869999999999924e-02 7.154280000000000361e-02 -1.421479999999999966e-01 3.410860000000000281e-02 9.941870000000000429e-01 -1.021259999999999946e-01 2.957469999999999891e-02 -6.838400000000000034e-02 1.042679999999999996e-01 9.921959999999999669e-01 -1.318169999999999932e-02
9.966289999999999871e-01 -3.545090000000000047e-02 7.398449999999999471e-02 -1.496999999999999997e-01 4.271790000000000309e-02 9.941630000000000189e-01 -9.907440000000000691e-02 2.815020000000000022e-02 -7.004029999999999978e-02 1.019010000000000055e-01 9.923260000000000414e-01 -1.247129999999999940e-02
9.962029999999999497e-01 -4.088739999999999736e-02 7.686700000000000477e-02 -1.576380000000000003e-01 4.835520000000000096e-02 9.940160000000000107e-01 -9.794680000000000053e-02 2.858130000000000046e-02 -7.240230000000000277e-02 1.012919999999999932e-01 9.922189999999999621e-01 -1.013660000000000082e-02
9.957190000000000207e-01 -4.313050000000000217e-02 8.175540000000000584e-02 -1.650550000000000073e-01 5.105490000000000028e-02 9.939289999999999514e-01 -9.745710000000000484e-02 2.943240000000000092e-02 -7.705570000000000475e-02 1.012139999999999984e-01 9.918759999999999799e-01 -8.529230000000000492e-03
9.950170000000000403e-01 -4.653380000000000016e-02 8.817890000000000450e-02 -1.731689999999999896e-01 5.509839999999999877e-02 9.937259999999999982e-01 -9.732540000000000635e-02 2.905249999999999846e-02 -8.309679999999999844e-02 1.016989999999999977e-01 9.913389999999999702e-01 -7.336020000000000388e-03
9.943119999999999736e-01 -4.946629999999999777e-02 9.432260000000000644e-02 -1.784600000000000075e-01 5.873330000000000217e-02 9.934370000000000145e-01 -9.814760000000000151e-02 2.951869999999999841e-02 -8.884859999999999980e-02 1.031289999999999984e-01 9.906920000000000170e-01 -4.894130000000000008e-03
9.934509999999999730e-01 -5.026049999999999962e-02 1.026100000000000068e-01 -1.871420000000000028e-01 6.042809999999999848e-02 9.932990000000000430e-01 -9.851580000000000059e-02 2.924540000000000126e-02 -9.697050000000000114e-02 1.040709999999999968e-01 9.898310000000000164e-01 -3.862780000000000120e-03
9.928730000000000055e-01 -5.322690000000000060e-02 1.066330000000000056e-01 -1.913630000000000053e-01 6.408419999999999395e-02 9.928080000000000238e-01 -1.011259999999999937e-01 3.021630000000000149e-02 -1.004830000000000029e-01 1.072390000000000010e-01 9.891429999999999945e-01 -3.174029999999999994e-03
9.919130000000000447e-01 -5.661820000000000047e-02 1.135929999999999995e-01 -1.996449999999999891e-01 6.837340000000000084e-02 9.923899999999999944e-01 -1.024100000000000010e-01 3.074829999999999924e-02 -1.069309999999999983e-01 1.093490000000000018e-01 9.882349999999999746e-01 -1.994329999999999888e-03
9.909679999999999600e-01 -6.258589999999999987e-02 1.185979999999999951e-01 -2.035770000000000080e-01 7.500940000000000385e-02 9.918109999999999982e-01 -1.033619999999999955e-01 3.068380000000000066e-02 -1.111580000000000068e-01 1.113240000000000063e-01 9.875479999999999814e-01 3.696690000000000007e-05
9.898860000000000436e-01 -6.628100000000000658e-02 1.254280000000000117e-01 -2.086850000000000094e-01 7.989259999999999418e-02 9.910649999999999737e-01 -1.068009999999999932e-01 3.019269999999999940e-02 -1.172279999999999989e-01 1.157409999999999967e-01 9.863370000000000193e-01 2.440410000000000062e-03
9.884739999999999638e-01 -7.260489999999999999e-02 1.328429999999999889e-01 -2.132539999999999991e-01 8.751290000000000457e-02 9.900649999999999729e-01 -1.100600000000000050e-01 3.077109999999999915e-02 -1.235320000000000029e-01 1.204169999999999963e-01 9.850069999999999659e-01 4.287329999999999787e-03
9.871069999999999567e-01 -7.809689999999999688e-02 1.397180000000000089e-01 -2.168859999999999955e-01 9.384869999999999324e-02 9.894960000000000422e-01 -1.099509999999999932e-01 3.149140000000000272e-02 -1.296640000000000015e-01 1.216450000000000031e-01 9.840680000000000538e-01 6.063820000000000147e-03
9.855979999999999741e-01 -7.847469999999999446e-02 1.497970000000000135e-01 -2.239289999999999892e-01 9.544950000000000656e-02 9.893699999999999717e-01 -1.097100000000000020e-01 3.052689999999999917e-02 -1.395949999999999969e-01 1.224279999999999952e-01 9.826110000000000122e-01 6.616620000000000140e-03
9.839310000000000000e-01 -8.067570000000000296e-02 1.592830000000000079e-01 -2.296600000000000030e-01 9.935130000000000350e-02 9.886160000000000503e-01 -1.129899999999999932e-01 3.047209999999999849e-02 -1.483549999999999869e-01 1.269990000000000008e-01 9.807460000000000067e-01 6.331559999999999966e-03
9.824960000000000360e-01 -8.222210000000000629e-02 1.671559999999999990e-01 -2.361449999999999938e-01 1.019899999999999973e-01 9.883079999999999643e-01 -1.133330000000000032e-01 3.080010000000000039e-02 -1.558829999999999938e-01 1.283980000000000121e-01 9.793950000000000156e-01 4.732379999999999573e-03
9.811290000000000289e-01 -8.132309999999999539e-02 1.754229999999999956e-01 -2.417779999999999929e-01 1.020760000000000001e-01 9.883699999999999708e-01 -1.127139999999999947e-01 2.961919999999999831e-02 -1.642170000000000019e-01 1.284939999999999971e-01 9.780189999999999717e-01 5.663020000000000380e-03
9.800550000000000095e-01 -8.278670000000000473e-02 1.806629999999999903e-01 -2.469399999999999928e-01 1.046369999999999939e-01 9.878440000000000554e-01 -1.149619999999999947e-01 2.995650000000000049e-02 -1.689489999999999881e-01 1.315729999999999955e-01 9.768029999999999768e-01 3.139269999999999994e-03
9.786610000000000031e-01 -8.702070000000000638e-02 1.861450000000000049e-01 -2.533699999999999841e-01 1.098679999999999934e-01 9.871349999999999847e-01 -1.161610000000000004e-01 3.136880000000000224e-02 -1.736419999999999908e-01 1.341340000000000032e-01 9.756310000000000260e-01 2.082670000000000007e-03
9.772359999999999935e-01 -9.083159999999999845e-02 1.917280000000000095e-01 -2.624319999999999986e-01 1.140540000000000026e-01 9.869390000000000107e-01 -1.137650000000000050e-01 3.093370000000000147e-02 -1.788909999999999945e-01 1.330429999999999946e-01 9.748320000000000318e-01 -9.692919999999999618e-04
9.760370000000000434e-01 -9.264100000000000112e-02 1.968989999999999907e-01 -2.705350000000000255e-01 1.163600000000000051e-01 9.868139999999999690e-01 -1.125069999999999959e-01 3.136449999999999655e-02 -1.838799999999999879e-01 1.327230000000000076e-01 9.739470000000000072e-01 -2.771369999999999997e-03
9.751729999999999565e-01 -9.344860000000000666e-02 2.007599999999999940e-01 -2.778820000000000179e-01 1.179499999999999993e-01 9.864829999999999988e-01 -1.137480000000000019e-01 3.298740000000000006e-02 -1.874170000000000003e-01 1.346040000000000014e-01 9.730140000000000455e-01 -4.507139999999999758e-03
9.742870000000000141e-01 -9.086790000000000145e-02 2.061729999999999952e-01 -2.864670000000000272e-01 1.156770000000000020e-01 9.869930000000000092e-01 -1.116370000000000001e-01 3.391079999999999789e-02 -1.933469999999999911e-01 1.326160000000000116e-01 9.721269999999999634e-01 -3.475230000000000159e-03
9.736010000000000497e-01 -8.924840000000000551e-02 2.100829999999999920e-01 -2.928129999999999900e-01 1.145000000000000046e-01 9.871729999999999672e-01 -1.112599999999999978e-01 3.407509999999999706e-02 -1.974589999999999956e-01 1.323769999999999947e-01 9.713319999999999732e-01 -4.145359999999999844e-03
9.727789999999999493e-01 -8.505719999999999947e-02 2.155610000000000026e-01 -3.013959999999999972e-01 1.117139999999999939e-01 9.871050000000000102e-01 -1.146429999999999949e-01 3.486240000000000172e-02 -2.030309999999999893e-01 1.356030000000000013e-01 9.697369999999999601e-01 -4.397080000000000259e-03
9.718350000000000044e-01 -8.332000000000000517e-02 2.204419999999999991e-01 -3.081150000000000277e-01 1.115450000000000053e-01 9.866279999999999495e-01 -1.188430000000000042e-01 3.583179999999999699e-02 -2.075919999999999987e-01 1.400849999999999873e-01 9.681330000000000213e-01 -4.990160000000000429e-03
9.703889999999999461e-01 -8.165980000000000461e-02 2.273249999999999993e-01 -3.148070000000000035e-01 1.111990000000000062e-01 9.864889999999999493e-01 -1.203100000000000003e-01 3.765500000000000097e-02 -2.144290000000000085e-01 1.420260000000000133e-01 9.663580000000000503e-01 -3.822610000000000157e-03
9.690670000000000117e-01 -7.949760000000000160e-02 2.336439999999999906e-01 -3.186910000000000021e-01 1.108800000000000063e-01 9.860179999999999501e-01 -1.243930000000000036e-01 3.890190000000000314e-02 -2.204889999999999906e-01 1.464509999999999978e-01 9.643319999999999670e-01 -4.263350000000000169e-04
9.674249999999999794e-01 -7.785319999999999740e-02 2.408909999999999940e-01 -3.235990000000000255e-01 1.121400000000000036e-01 9.848780000000000312e-01 -1.320570000000000077e-01 3.840790000000000176e-02 -2.269670000000000021e-01 1.547689999999999899e-01 9.615259999999999918e-01 1.930569999999999942e-03
9.657620000000000093e-01 -7.831490000000000673e-02 2.473279999999999923e-01 -3.296720000000000206e-01 1.157569999999999988e-01 9.832680000000000309e-01 -1.406600000000000072e-01 3.790949999999999875e-02 -2.321739999999999915e-01 1.644740000000000091e-01 9.586679999999999646e-01 2.797979999999999825e-03
9.641370000000000218e-01 -7.942570000000000185e-02 2.532420000000000226e-01 -3.390790000000000193e-01 1.192959999999999993e-01 9.820389999999999953e-01 -1.461780000000000024e-01 3.780510000000000120e-02 -2.370829999999999882e-01 1.711469999999999936e-01 9.562950000000000061e-01 -1.130129999999999969e-05
9.632709999999999884e-01 -8.209829999999999905e-02 2.556749999999999856e-01 -3.484070000000000222e-01 1.229599999999999999e-01 9.812889999999999668e-01 -1.481639999999999902e-01 3.912170000000000231e-02 -2.387269999999999948e-01 1.741600000000000092e-01 9.553420000000000245e-01 -3.854409999999999954e-03
9.632380000000000386e-01 -8.448999999999999566e-02 2.550180000000000224e-01 -3.529390000000000027e-01 1.256849999999999912e-01 9.806930000000000369e-01 -1.498160000000000047e-01 3.874509999999999760e-02 -2.374370000000000092e-01 1.763609999999999900e-01 9.552589999999999693e-01 -1.681870000000000023e-03
9.629699999999999926e-01 -8.367979999999999863e-02 2.562949999999999950e-01 -3.605499999999999816e-01 1.262159999999999949e-01 9.799320000000000253e-01 -1.542820000000000025e-01 3.999869999999999814e-02 -2.382410000000000083e-01 1.809179999999999955e-01 9.542059999999999986e-01 -1.646050000000000030e-03
9.628769999999999829e-01 -8.172799999999999510e-02 2.572690000000000254e-01 -3.667630000000000057e-01 1.250280000000000002e-01 9.796979999999999578e-01 -1.567139999999999922e-01 4.207860000000000072e-02 -2.392380000000000062e-01 1.830630000000000035e-01 9.535479999999999512e-01 -2.110059999999999974e-03
9.630710000000000104e-01 -8.132150000000000489e-02 2.566720000000000113e-01 -3.716280000000000139e-01 1.245499999999999940e-01 9.797259999999999858e-01 -1.569240000000000079e-01 4.391860000000000208e-02 -2.387060000000000015e-01 1.830970000000000097e-01 9.536740000000000217e-01 -1.503180000000000011e-03
9.631790000000000074e-01 -7.987030000000000518e-02 2.567220000000000057e-01 -3.766479999999999828e-01 1.231300000000000033e-01 9.798759999999999692e-01 -1.571069999999999967e-01 4.555270000000000152e-02 -2.390079999999999982e-01 1.829320000000000113e-01 9.536299999999999777e-01 -1.908830000000000032e-03
9.632469999999999644e-01 -7.488509999999999611e-02 2.579679999999999751e-01 -3.819569999999999910e-01 1.192970000000000003e-01 9.797090000000000520e-01 -1.610550000000000037e-01 4.681479999999999669e-02 -2.406729999999999980e-01 1.859099999999999919e-01 9.526350000000000096e-01 -3.239619999999999913e-03
9.626930000000000209e-01 -7.288200000000000234e-02 2.605950000000000211e-01 -3.845239999999999769e-01 1.193659999999999999e-01 9.786610000000000031e-01 -1.672579999999999900e-01 4.679060000000000163e-02 -2.428440000000000043e-01 1.921239999999999892e-01 9.508499999999999730e-01 -3.265029999999999929e-03
9.615899999999999448e-01 -6.995410000000000517e-02 2.654259999999999953e-01 -3.875239999999999796e-01 1.193410000000000026e-01 9.773509999999999698e-01 -1.747660000000000047e-01 4.923519999999999980e-02 -2.471889999999999921e-01 1.997289999999999899e-01 9.481589999999999741e-01 -2.185519999999999824e-03
9.603669999999999707e-01 -6.836889999999999634e-02 2.702240000000000197e-01 -3.911209999999999964e-01 1.202820000000000000e-01 9.761940000000000062e-01 -1.804939999999999878e-01 5.195040000000000074e-02 -2.514509999999999801e-01 2.058429999999999982e-01 9.457280000000000131e-01 -1.737290000000000058e-03
9.594909999999999828e-01 -6.790730000000000377e-02 2.734320000000000084e-01 -3.959289999999999754e-01 1.209009999999999946e-01 9.758569999999999744e-01 -1.818960000000000021e-01 5.421360000000000068e-02 -2.544779999999999820e-01 2.075859999999999927e-01 9.445360000000000422e-01 -5.074549999999999721e-03
9.585810000000000164e-01 -6.837360000000000659e-02 2.764909999999999868e-01 -4.013979999999999770e-01 1.220709999999999990e-01 9.757050000000000445e-01 -1.819320000000000104e-01 5.691770000000000163e-02 -2.573349999999999804e-01 2.081479999999999997e-01 9.436379999999999768e-01 -8.474660000000000179e-03
9.585059999999999691e-01 -6.856130000000000557e-02 2.767049999999999788e-01 -4.044139999999999957e-01 1.220640000000000058e-01 9.758729999999999905e-01 -1.810309999999999975e-01 5.948490000000000028e-02 -2.576169999999999849e-01 2.072950000000000070e-01 9.437489999999999490e-01 -1.325570000000000047e-02
9.583279999999999577e-01 -6.660169999999999979e-02 2.777959999999999874e-01 -4.077430000000000221e-01 1.200230000000000047e-01 9.763209999999999944e-01 -1.799779999999999991e-01 6.295050000000000645e-02 -2.592320000000000180e-01 2.058200000000000029e-01 9.436299999999999688e-01 -1.509399999999999978e-02
9.577710000000000390e-01 -6.540229999999999655e-02 2.799949999999999939e-01 -4.119039999999999924e-01 1.187140000000000001e-01 9.768609999999999793e-01 -1.779010000000000036e-01 6.582910000000000150e-02 -2.618809999999999749e-01 2.036280000000000034e-01 9.433740000000000459e-01 -1.790140000000000134e-02
9.572739999999999583e-01 -6.651310000000000555e-02 2.814309999999999867e-01 -4.140969999999999929e-01 1.201009999999999994e-01 9.767329999999999623e-01 -1.776780000000000026e-01 6.877460000000000517e-02 -2.630649999999999933e-01 2.038860000000000117e-01 9.429889999999999661e-01 -1.943370000000000167e-02
9.568539999999999823e-01 -6.491189999999999460e-02 2.832259999999999778e-01 -4.163250000000000006e-01 1.191050000000000025e-01 9.766970000000000374e-01 -1.785410000000000053e-01 7.358389999999999376e-02 -2.650359999999999938e-01 2.045710000000000028e-01 9.422880000000000145e-01 -2.117580000000000157e-02
9.562969999999999526e-01 -6.467760000000000176e-02 2.851540000000000186e-01 -4.197899999999999965e-01 1.187620000000000064e-01 9.770799999999999486e-01 -1.766629999999999867e-01 7.641430000000000444e-02 -2.671919999999999851e-01 2.028079999999999883e-01 9.420600000000000085e-01 -2.606539999999999899e-02
9.556400000000000450e-01 -6.533120000000000593e-02 2.871989999999999821e-01 -4.242219999999999880e-01 1.192409999999999998e-01 9.774239999999999595e-01 -1.744269999999999987e-01 7.932409999999999461e-02 -2.693189999999999751e-01 2.009350000000000025e-01 9.418560000000000265e-01 -3.188429999999999737e-02
9.555409999999999737e-01 -6.621370000000000033e-02 2.873269999999999991e-01 -4.278170000000000028e-01 1.197730000000000045e-01 9.776059999999999750e-01 -1.730339999999999934e-01 8.262139999999999762e-02 -2.694360000000000088e-01 1.997559999999999891e-01 9.420730000000000492e-01 -3.679310000000000219e-02
9.554099999999999815e-01 -7.016479999999999939e-02 2.868269999999999986e-01 -4.332269999999999732e-01 1.237729999999999941e-01 9.770659999999999901e-01 -1.732680000000000053e-01 8.518599999999999783e-02 -2.680910000000000237e-01 2.010440000000000005e-01 9.421829999999999927e-01 -4.375239999999999685e-02
9.555329999999999657e-01 -7.124790000000000290e-02 2.861469999999999847e-01 -4.383730000000000127e-01 1.251009999999999900e-01 9.766660000000000341e-01 -1.745690000000000019e-01 8.976939999999999920e-02 -2.670319999999999916e-01 2.026030000000000053e-01 9.421490000000000142e-01 -5.077419999999999850e-02
9.556959999999999900e-01 -7.028270000000000350e-02 2.858419999999999850e-01 -4.438360000000000083e-01 1.238940000000000041e-01 9.769149999999999778e-01 -1.740299999999999903e-01 9.397089999999999610e-02 -2.670120000000000271e-01 2.017339999999999967e-01 9.423420000000000130e-01 -5.723779999999999840e-02
9.558470000000000022e-01 -6.507029999999999759e-02 2.865699999999999914e-01 -4.480450000000000266e-01 1.176510000000000056e-01 9.783479999999999954e-01 -1.702730000000000077e-01 9.783390000000000142e-02 -2.692860000000000253e-01 1.964700000000000057e-01 9.428069999999999506e-01 -6.213830000000000048e-02
9.557020000000000515e-01 -6.008000000000000146e-02 2.881380000000000052e-01 -4.506760000000000210e-01 1.126609999999999973e-01 9.790649999999999631e-01 -1.695290000000000130e-01 1.012819999999999970e-01 -2.719199999999999950e-01 1.944809999999999872e-01 9.424630000000000507e-01 -6.553920000000000579e-02
9.558149999999999702e-01 -5.337469999999999715e-02 2.890829999999999789e-01 -4.533960000000000212e-01 1.068029999999999952e-01 9.792319999999999913e-01 -1.723290000000000100e-01 1.050230000000000052e-01 -2.738820000000000143e-01 1.955890000000000128e-01 9.416649999999999743e-01 -7.143670000000000575e-02
