1.000000000000000000e+00 -5.469550000000000080e-24 -7.569380000000000039e-23 1.450860000000000061e-23 5.469550000000000080e-24 1.000000000000000000e+00 2.507199999999999954e-23 1.325709999999999911e-23 7.569380000000000039e-23 -2.507199999999999954e-23 1.000000000000000000e+00 -9.209830000000000326e-23
9.999940000000000495e-01 -2.023399999999999851e-03 -2.726600000000000031e-03 2.195289999999999915e-03 2.022139999999999962e-03 9.999980000000000535e-01 -4.652580000000000235e-04 -1.770089999999999988e-03 2.727540000000000086e-03 4.597420000000000174e-04 9.999959999999999960e-01 -1.479620000000000067e-03
9.999879999999999880e-01 -3.658359999999999824e-03 -3.277930000000000080e-03 3.453589999999999872e-03 3.658549999999999996e-03 9.999930000000000208e-01 4.998199999999999681e-05 -8.842369999999999571e-04 3.277720000000000026e-03 -6.197379999999999946e-05 9.999949999999999672e-01 -1.547820000000000099e-03
9.999730000000000008e-01 -6.043009999999999701e-03 -4.100209999999999966e-03 5.274369999999999579e-03 6.061949999999999977e-03 9.999710000000000543e-01 4.622990000000000432e-03 -1.211459999999999924e-03 4.072160000000000016e-03 -4.647730000000000090e-03 9.999810000000000088e-01 -2.163159999999999909e-03
9.999759999999999760e-01 -6.314039999999999930e-03 -2.966129999999999982e-03 4.785659999999999741e-03 6.333469999999999898e-03 9.999580000000000135e-01 6.588069999999999690e-03 -2.947749999999999850e-03 2.924400000000000176e-03 -6.606700000000000073e-03 9.999740000000000295e-01 -1.941800000000000036e-03
9.999649999999999928e-01 -7.109579999999999893e-03 -4.409249999999999975e-03 5.831249999999999628e-03 7.139500000000000013e-03 9.999510000000000343e-01 6.809169999999999806e-03 -5.021600000000000195e-03 4.360629999999999888e-03 -6.840409999999999893e-03 9.999670000000000503e-01 -4.120719999999999592e-03
9.999649999999999928e-01 -7.254090000000000364e-03 -4.145580000000000272e-03 4.703399999999999942e-03 7.276819999999999816e-03 9.999580000000000135e-01 5.494869999999999789e-03 -4.697429999999999835e-03 4.105550000000000345e-03 -5.524839999999999612e-03 9.999759999999999760e-01 -3.757519999999999871e-03
9.999559999999999560e-01 -7.843420000000000253e-03 -5.196710000000000218e-03 5.760290000000000375e-03 7.870079999999999784e-03 9.999559999999999560e-01 5.128869999999999783e-03 -5.141920000000000344e-03 5.156250000000000243e-03 -5.169540000000000246e-03 9.999730000000000008e-01 -4.600990000000000114e-03
9.999409999999999688e-01 -9.763920000000000585e-03 -4.755220000000000106e-03 6.084589999999999964e-03 9.786120000000000582e-03 9.999409999999999688e-01 4.666739999999999951e-03 -4.226609999999999569e-03 4.709379999999999990e-03 -4.713000000000000175e-03 9.999780000000000335e-01 -4.167099999999999971e-03
9.999320000000000430e-01 -1.076799999999999979e-02 -4.414740000000000331e-03 7.481340000000000386e-03 1.079139999999999960e-02 9.999280000000000390e-01 5.300769999999999788e-03 -4.304320000000000368e-03 4.357340000000000345e-03 -5.348050000000000026e-03 9.999759999999999760e-01 -3.498919999999999982e-03
9.999390000000000223e-01 -1.061529999999999939e-02 -2.952999999999999896e-03 7.149420000000000081e-03 1.062689999999999989e-02 9.999360000000000470e-01 3.939250000000000043e-03 -3.958380000000000058e-03 2.910990000000000019e-03 -3.970389999999999857e-03 9.999879999999999880e-01 -3.561159999999999846e-03
9.999149999999999983e-01 -1.206139999999999990e-02 -4.953579999999999962e-03 9.127049999999999400e-03 1.209469999999999990e-02 9.999040000000000150e-01 6.760290000000000396e-03 -6.589330000000000014e-03 4.871559999999999606e-03 -6.819630000000000136e-03 9.999649999999999928e-01 -4.492839999999999681e-03
9.999099999999999655e-01 -1.276189999999999963e-02 -4.205829999999999812e-03 9.345179999999999806e-03 1.278989999999999988e-02 9.998960000000000070e-01 6.684830000000000112e-03 -7.602349999999999906e-03 4.120079999999999923e-03 -6.738010000000000006e-03 9.999689999999999968e-01 -4.300240000000000312e-03
9.999029999999999863e-01 -1.329649999999999929e-02 -4.074300000000000317e-03 1.160210000000000061e-02 1.331889999999999984e-02 9.998960000000000070e-01 5.512269999999999670e-03 -1.024519999999999945e-02 4.000590000000000049e-03 -5.565999999999999767e-03 9.999770000000000048e-01 -4.007430000000000193e-03
9.998920000000000030e-01 -1.434689999999999924e-02 -3.329130000000000023e-03 1.259509999999999970e-02 1.434410000000000025e-02 9.998970000000000358e-01 -8.505929999999999654e-04 -1.002639999999999955e-02 3.340989999999999845e-03 8.027470000000000308e-04 9.999940000000000495e-01 -1.876470000000000091e-03
9.999010000000000398e-01 -1.394019999999999981e-02 -2.024540000000000020e-03 1.276339999999999940e-02 1.393400000000000021e-02 9.998979999999999535e-01 -3.060220000000000214e-03 -7.381409999999999708e-03 2.066989999999999886e-03 3.031709999999999960e-03 9.999930000000000208e-01 -3.180650000000000144e-03
9.999059999999999615e-01 -1.354980000000000073e-02 -1.976840000000000108e-03 1.474469999999999947e-02 1.355420000000000062e-02 9.999059999999999615e-01 2.248940000000000054e-03 -6.531379999999999825e-03 1.946180000000000045e-03 -2.275520000000000060e-03 9.999959999999999960e-01 -3.129980000000000089e-03
9.999200000000000310e-01 -1.267109999999999938e-02 -1.719040000000000130e-04 1.531710000000000016e-02 1.267199999999999924e-02 9.998949999999999783e-01 7.091639999999999749e-03 -7.265689999999999996e-03 8.202720000000000638e-05 -7.093249999999999729e-03 9.999749999999999472e-01 -2.920840000000000068e-03
9.999169999999999447e-01 -1.289539999999999957e-02 -1.258730000000000059e-04 1.624729999999999924e-02 1.289599999999999948e-02 9.998799999999999910e-01 8.549199999999999855e-03 -8.295649999999999899e-03 1.561250000000000002e-05 -8.550109999999999655e-03 9.999630000000000463e-01 -3.585169999999999937e-03
9.999160000000000270e-01 -1.297509999999999983e-02 6.542530000000000394e-04 1.561700000000000067e-02 1.296980000000000008e-02 9.998879999999999990e-01 7.503280000000000192e-03 -7.979949999999999544e-03 -7.515350000000000068e-04 -7.494159999999999711e-03 9.999719999999999720e-01 -4.385420000000000117e-03
9.999109999999999943e-01 -1.332269999999999982e-02 1.448259999999999988e-04 1.537939999999999967e-02 1.332099999999999951e-02 9.998780000000000445e-01 8.188060000000000477e-03 -7.977599999999999622e-03 -2.538950000000000213e-04 -8.185400000000000661e-03 9.999660000000000215e-01 -4.358850000000000051e-03
9.998709999999999543e-01 -1.578960000000000086e-02 -2.903339999999999914e-03 1.577430000000000151e-02 1.581859999999999863e-02 9.998219999999999885e-01 1.025550000000000073e-02 -1.011950000000000002e-02 2.740890000000000166e-03 -1.030009999999999953e-02 9.999430000000000263e-01 -4.164560000000000310e-03
9.998340000000000005e-01 -1.763369999999999868e-02 -4.571829999999999818e-03 1.538460000000000001e-02 1.768499999999999933e-02 9.997779999999999445e-01 1.141660000000000071e-02 -1.191019999999999926e-02 4.369500000000000120e-03 -1.149550000000000051e-02 9.999240000000000350e-01 -4.679899999999999859e-03
9.997759999999999980e-01 -2.030859999999999957e-02 -5.936330000000000079e-03 1.533769999999999925e-02 2.038200000000000081e-02 9.997129999999999628e-01 1.257579999999999983e-02 -1.122070000000000012e-02 5.679230000000000389e-03 -1.269400000000000042e-02 9.999029999999999863e-01 -3.377540000000000056e-03
9.997700000000000475e-01 -2.033540000000000000e-02 -6.809840000000000164e-03 1.448280000000000053e-02 2.043690000000000090e-02 9.996760000000000090e-01 1.518800000000000011e-02 -1.113749999999999983e-02 6.498770000000000067e-03 -1.532370000000000086e-02 9.998609999999999998e-01 -2.915870000000000094e-03
9.997970000000000468e-01 -1.844550000000000009e-02 -8.148000000000000728e-03 1.225910000000000021e-02 1.858109999999999970e-02 9.996850000000000458e-01 1.689210000000000017e-02 -1.385770000000000057e-02 7.833839999999999901e-03 -1.704009999999999900e-02 9.998240000000000460e-01 -2.836500000000000046e-03
9.998280000000000500e-01 -1.431379999999999979e-02 -1.176190000000000048e-02 1.158269999999999959e-02 1.446049999999999940e-02 9.998169999999999558e-01 1.248660000000000048e-02 -1.248229999999999999e-02 1.158099999999999928e-02 -1.265450000000000082e-02 9.998529999999999918e-01 -2.085529999999999936e-03
9.998320000000000540e-01 -1.197080000000000019e-02 -1.385499999999999926e-02 1.108929999999999985e-02 1.212700000000000063e-02 9.998629999999999463e-01 1.124320000000000007e-02 -1.149619999999999982e-02 1.371849999999999979e-02 -1.140930000000000069e-02 9.998409999999999798e-01 -1.298920000000000066e-03
9.998350000000000293e-01 -1.030410000000000006e-02 -1.494290000000000028e-02 1.006849999999999933e-02 1.049839999999999975e-02 9.998609999999999998e-01 1.298149999999999998e-02 -1.266590000000000077e-02 1.480700000000000072e-02 -1.313620000000000065e-02 9.998040000000000260e-01 -2.045230000000000068e-05
9.998359999999999470e-01 -1.110760000000000046e-02 -1.431130000000000076e-02 8.990770000000000359e-03 1.129179999999999941e-02 9.998540000000000205e-01 1.285279999999999929e-02 -1.369680000000000029e-02 1.416640000000000087e-02 -1.301229999999999921e-02 9.998150000000000093e-01 -2.325339999999999959e-03
9.998139999999999805e-01 -1.216189999999999979e-02 -1.495589999999999940e-02 7.764300000000000021e-03 1.234020000000000082e-02 9.998529999999999918e-01 1.188789999999999986e-02 -1.331060000000000056e-02 1.480919999999999979e-02 -1.207019999999999968e-02 9.998169999999999558e-01 -1.632650000000000030e-03
9.997540000000000315e-01 -1.340940000000000014e-02 -1.764140000000000152e-02 9.058979999999999463e-03 1.366120000000000008e-02 9.998050000000000548e-01 1.422889999999999919e-02 -1.419040000000000058e-02 1.744710000000000011e-02 -1.446640000000000079e-02 9.997430000000000483e-01 -2.750550000000000044e-03
9.997599999999999820e-01 -1.439550000000000031e-02 -1.650920000000000165e-02 6.720929999999999960e-03 1.470160000000000043e-02 9.997190000000000243e-01 1.857050000000000020e-02 -1.660400000000000070e-02 1.623729999999999965e-02 -1.880880000000000052e-02 9.996909999999999963e-01 -4.818929999999999915e-03
9.997559999999999780e-01 -1.257020000000000012e-02 -1.816100000000000006e-02 6.028890000000000290e-03 1.294769999999999949e-02 9.996990000000000043e-01 2.082080000000000042e-02 -1.682710000000000108e-02 1.789380000000000137e-02 -2.105080000000000146e-02 9.996180000000000065e-01 -4.374320000000000118e-03
9.997869999999999813e-01 -1.248960000000000001e-02 -1.641029999999999919e-02 4.124680000000000360e-03 1.284850000000000055e-02 9.996760000000000090e-01 2.195099999999999829e-02 -1.710810000000000108e-02 1.613090000000000010e-02 -2.215719999999999842e-02 9.996239999999999570e-01 -5.009229999999999933e-03
9.998059999999999725e-01 -1.294389999999999950e-02 -1.486700000000000001e-02 2.386210000000000154e-03 1.327919999999999968e-02 9.996549999999999603e-01 2.268150000000000027e-02 -1.982290000000000094e-02 1.456829999999999931e-02 -2.287459999999999841e-02 9.996319999999999650e-01 -5.804420000000000239e-03
9.998150000000000093e-01 -1.436950000000000033e-02 -1.278959999999999993e-02 -1.125719999999999976e-03 1.461729999999999974e-02 9.997030000000000083e-01 1.950150000000000147e-02 -2.184430000000000052e-02 1.250560000000000040e-02 -1.968479999999999883e-02 9.997279999999999500e-01 -5.094170000000000295e-03
9.997789999999999733e-01 -1.670740000000000072e-02 -1.277110000000000051e-02 -4.070930000000000382e-03 1.690499999999999989e-02 9.997359999999999580e-01 1.553039999999999976e-02 -2.313310000000000019e-02 1.250829999999999997e-02 -1.574280000000000124e-02 9.997979999999999645e-01 -7.181169999999999741e-03
9.997009999999999508e-01 -2.039039999999999950e-02 -1.347220000000000015e-02 -6.147309999999999580e-03 2.052889999999999923e-02 9.997369999999999868e-01 1.022630000000000067e-02 -2.301380000000000092e-02 1.326010000000000036e-02 -1.049989999999999951e-02 9.998569999999999958e-01 -7.009360000000000070e-03
9.995939999999999825e-01 -2.579530000000000017e-02 -1.209919999999999919e-02 -9.190359999999999849e-03 2.586149999999999907e-02 9.996509999999999563e-01 5.349869999999999626e-03 -2.382930000000000118e-02 1.195700000000000061e-02 -5.660600000000000007e-03 9.999120000000000230e-01 -8.248609999999999970e-03
9.994760000000000311e-01 -3.055799999999999836e-02 -1.070959999999999968e-02 -1.236270000000000077e-02 3.056839999999999904e-02 9.995319999999999760e-01 8.132210000000000393e-04 -2.433569999999999831e-02 1.067970000000000030e-02 -1.140170000000000029e-03 9.999419999999999975e-01 -1.007989999999999928e-02
9.992910000000000403e-01 -3.555930000000000202e-02 -1.238219999999999946e-02 -1.251419999999999963e-02 3.554620000000000002e-02 9.993670000000000053e-01 -1.280579999999999913e-03 -2.488339999999999996e-02 1.241989999999999934e-02 8.395329999999999460e-04 9.999230000000000063e-01 -1.149889999999999940e-02
9.992560000000000331e-01 -3.698010000000000186e-02 -1.097580000000000083e-02 -1.449019999999999996e-02 3.694390000000000174e-02 9.993109999999999493e-01 -3.477070000000000074e-03 -2.513730000000000131e-02 1.109680000000000041e-02 3.068990000000000173e-03 9.999339999999999895e-01 -1.319120000000000015e-02
9.992779999999999996e-01 -3.696259999999999823e-02 -8.811100000000000529e-03 -1.653100000000000055e-02 3.690129999999999799e-02 9.992940000000000156e-01 -7.023960000000000099e-03 -2.604489999999999930e-02 9.064499999999999641e-03 6.693740000000000107e-03 9.999369999999999647e-01 -1.463300000000000017e-02
9.992710000000000203e-01 -3.758899999999999741e-02 -6.621179999999999947e-03 -1.723710000000000173e-02 3.751059999999999811e-02 9.992290000000000338e-01 -1.158769999999999939e-02 -2.570060000000000053e-02 7.051639999999999645e-03 1.133089999999999965e-02 9.999109999999999943e-01 -1.495469999999999959e-02
9.992889999999999828e-01 -3.759730000000000016e-02 -2.844839999999999956e-03 -2.045889999999999861e-02 3.755839999999999873e-02 9.992140000000000466e-01 -1.268509999999999950e-02 -2.494369999999999921e-02 3.319529999999999790e-03 1.256920000000000086e-02 9.999149999999999983e-01 -1.709340000000000165e-02
9.993370000000000308e-01 -3.639919999999999961e-02 -6.456479999999999685e-04 -2.380660000000000068e-02 3.638729999999999742e-02 9.992490000000000538e-01 -1.334169999999999974e-02 -2.556920000000000026e-02 1.130790000000000007e-03 1.330929999999999960e-02 9.999109999999999943e-01 -1.964130000000000043e-02
9.993619999999999726e-01 -3.565279999999999838e-02 -1.946529999999999918e-03 -2.564999999999999919e-02 3.561870000000000314e-02 9.992469999999999963e-01 -1.537769999999999936e-02 -2.641900000000000151e-02 2.493319999999999825e-03 1.529849999999999960e-02 9.998799999999999910e-01 -2.157009999999999830e-02
9.994960000000000511e-01 -3.169759999999999939e-02 -1.667800000000000098e-03 -2.835709999999999967e-02 3.165910000000000252e-02 9.993079999999999741e-01 -1.953979999999999953e-02 -2.655450000000000171e-02 2.286010000000000212e-03 1.947710000000000066e-02 9.998080000000000300e-01 -2.381830000000000058e-02
9.995199999999999640e-01 -3.096919999999999881e-02 -1.042839999999999956e-03 -3.106290000000000093e-02 3.093579999999999941e-02 9.992400000000000171e-01 -2.372389999999999916e-02 -2.710550000000000112e-02 1.776749999999999901e-03 2.368019999999999847e-02 9.997179999999999955e-01 -2.747430000000000011e-02
9.995519999999999960e-01 -2.990860000000000046e-02 -7.579589999999999982e-04 -3.284700000000000120e-02 2.987240000000000034e-02 9.991029999999999633e-01 -3.002969999999999945e-02 -2.723199999999999926e-02 1.655419999999999895e-03 2.999359999999999873e-02 9.995490000000000208e-01 -2.898900000000000088e-02
9.994739999999999736e-01 -3.240180000000000143e-02 -1.326109999999999919e-03 -3.320879999999999665e-02 3.233819999999999750e-02 9.989010000000000389e-01 -3.392470000000000208e-02 -2.843139999999999903e-02 2.423869999999999844e-03 3.386390000000000233e-02 9.994239999999999791e-01 -3.238160000000000344e-02
9.993649999999999478e-01 -3.562680000000000013e-02 -3.759109999999999860e-04 -3.500679999999999764e-02 3.558660000000000295e-02 9.986399999999999721e-01 -3.809560000000000030e-02 -2.914610000000000117e-02 1.732620000000000037e-03 3.805800000000000155e-02 9.992739999999999956e-01 -3.433350000000000291e-02
9.992820000000000036e-01 -3.789590000000000319e-02 2.719420000000000062e-04 -3.552339999999999665e-02 3.787719999999999976e-02 9.985060000000000047e-01 -3.938969999999999971e-02 -2.584629999999999914e-02 1.221169999999999938e-03 3.937170000000000253e-02 9.992240000000000011e-01 -3.529039999999999955e-02
9.992839999999999501e-01 -3.781659999999999883e-02 8.945160000000000394e-04 -3.540940000000000060e-02 3.782449999999999701e-02 9.986549999999999594e-01 -3.545419999999999822e-02 -2.524770000000000139e-02 4.474449999999999825e-04 3.546269999999999978e-02 9.993710000000000093e-01 -3.546599999999999753e-02
9.994119999999999671e-01 -3.408490000000000131e-02 3.735350000000000129e-03 -3.743599999999999706e-02 3.419239999999999780e-02 9.988369999999999749e-01 -3.399850000000000094e-02 -2.515629999999999949e-02 -2.572169999999999925e-03 3.410620000000000318e-02 9.994150000000000533e-01 -3.643910000000000204e-02
9.994250000000000078e-01 -3.348050000000000331e-02 5.347750000000000073e-03 -3.823089999999999822e-02 3.363909999999999817e-02 9.988899999999999446e-01 -3.298659999999999787e-02 -2.536729999999999888e-02 -4.237409999999999614e-03 3.314750000000000335e-02 9.994410000000000238e-01 -3.711699999999999722e-02
9.994119999999999671e-01 -3.351599999999999718e-02 7.299629999999999660e-03 -4.042710000000000053e-02 3.374060000000000253e-02 9.988789999999999614e-01 -3.319910000000000222e-02 -2.292059999999999931e-02 -6.178740000000000274e-03 3.342590000000000144e-02 9.994220000000000326e-01 -3.820199999999999985e-02
9.993689999999999518e-01 -3.367239999999999817e-02 1.131580000000000086e-02 -4.441660000000000053e-02 3.400140000000000107e-02 9.989639999999999631e-01 -3.025430000000000133e-02 -2.298680000000000168e-02 -1.028530000000000069e-02 3.061989999999999851e-02 9.994779999999999776e-01 -3.939759999999999790e-02
9.992649999999999588e-01 -3.539300000000000085e-02 1.469859999999999917e-02 -4.739979999999999888e-02 3.578690000000000343e-02 9.989820000000000366e-01 -2.746130000000000099e-02 -2.597779999999999881e-02 -1.371170000000000028e-02 2.796710000000000168e-02 9.995150000000000423e-01 -4.161999999999999728e-02
9.990909999999999513e-01 -3.889480000000000021e-02 1.745539999999999939e-02 -4.927039999999999892e-02 3.941889999999999977e-02 9.987489999999999979e-01 -3.075929999999999984e-02 -2.591859999999999997e-02 -1.623720000000000024e-02 3.141940000000000011e-02 9.993739999999999846e-01 -4.193270000000000330e-02
9.989130000000000509e-01 -4.282319999999999877e-02 1.843130000000000115e-02 -5.128889999999999838e-02 4.337719999999999770e-02 9.985840000000000272e-01 -3.079010000000000080e-02 -2.717229999999999993e-02 -1.708669999999999981e-02 3.155609999999999665e-02 9.993560000000000221e-01 -4.273029999999999884e-02
9.987329999999999819e-01 -4.639189999999999980e-02 1.949199999999999891e-02 -5.324890000000000179e-02 4.698700000000000099e-02 9.984060000000000157e-01 -3.126810000000000006e-02 -2.951080000000000023e-02 -1.801039999999999933e-02 3.214439999999999659e-02 9.993210000000000148e-01 -4.355099999999999943e-02
9.984640000000000182e-01 -5.098470000000000085e-02 2.166270000000000001e-02 -5.597889999999999810e-02 5.172260000000000052e-02 9.980480000000000462e-01 -3.498880000000000046e-02 -2.952710000000000057e-02 -1.983659999999999937e-02 3.605560000000000015e-02 9.991529999999999578e-01 -4.398540000000000089e-02
9.981729999999999769e-01 -5.505449999999999927e-02 2.488570000000000018e-02 -6.097439999999999805e-02 5.590730000000000005e-02 9.978230000000000155e-01 -3.497920000000000196e-02 -2.969779999999999989e-02 -2.290580000000000047e-02 3.630660000000000137e-02 9.990780000000000216e-01 -4.489119999999999916e-02
9.979470000000000285e-01 -5.831669999999999909e-02 2.648390000000000119e-02 -6.613330000000000597e-02 5.923660000000000037e-02 9.976159999999999473e-01 -3.539119999999999766e-02 -3.102950000000000153e-02 -2.435690000000000077e-02 3.688740000000000074e-02 9.990229999999999944e-01 -4.630689999999999806e-02
9.976639999999999953e-01 -6.224600000000000272e-02 2.814480000000000107e-02 -6.982230000000000381e-02 6.324150000000000604e-02 9.973490000000000411e-01 -3.598090000000000316e-02 -3.179579999999999906e-02 -2.583049999999999929e-02 3.767670000000000047e-02 9.989559999999999551e-01 -4.665849999999999859e-02
9.974269999999999525e-01 -6.467340000000000588e-02 3.093289999999999929e-02 -7.498589999999999423e-02 6.574460000000000026e-02 9.972239999999999993e-01 -3.496450000000000252e-02 -3.153040000000000009e-02 -2.858580000000000149e-02 3.690820000000000212e-02 9.989099999999999646e-01 -4.759669999999999873e-02
9.972699999999999898e-01 -6.538739999999999830e-02 3.430500000000000216e-02 -8.079939999999999345e-02 6.660829999999999529e-02 9.971389999999999976e-01 -3.574050000000000143e-02 -3.160679999999999740e-02 -3.186989999999999962e-02 3.792790000000000050e-02 9.987719999999999931e-01 -4.594970000000000304e-02
9.970750000000000446e-01 -6.606910000000000560e-02 3.843300000000000188e-02 -8.801680000000000614e-02 6.748609999999999332e-02 9.970409999999999551e-01 -3.682049999999999906e-02 -3.175569999999999782e-02 -3.588659999999999767e-02 3.930639999999999828e-02 9.985829999999999984e-01 -4.621299999999999714e-02
9.968620000000000259e-01 -6.796879999999999589e-02 4.057279999999999914e-02 -9.348090000000000566e-02 6.941179999999999573e-02 9.969639999999999613e-01 -3.528379999999999711e-02 -3.281400000000000289e-02 -3.805139999999999911e-02 3.798929999999999668e-02 9.985530000000000239e-01 -4.675189999999999901e-02
9.967150000000000176e-01 -6.941160000000000385e-02 4.173199999999999826e-02 -9.913959999999999440e-02 7.083960000000000257e-02 9.969160000000000244e-01 -3.377240000000000103e-02 -3.353760000000000074e-02 -3.925909999999999817e-02 3.661779999999999896e-02 9.985579999999999457e-01 -4.525049999999999906e-02
9.962039999999999784e-01 -7.489379999999999649e-02 4.435700000000000059e-02 -1.061040000000000039e-01 7.639410000000000645e-02 9.965260000000000229e-01 -3.315019999999999772e-02 -3.706929999999999947e-02 -4.172019999999999895e-02 3.641289999999999805e-02 9.984659999999999647e-01 -4.661570000000000297e-02
9.955019999999999980e-01 -8.209909999999999430e-02 4.728559999999999708e-02 -1.135670000000000013e-01 8.380229999999999624e-02 9.958590000000000497e-01 -3.523729999999999918e-02 -3.626499999999999863e-02 -4.419680000000000136e-02 3.904149999999999981e-02 9.982600000000000362e-01 -4.618499999999999689e-02
9.947970000000000423e-01 -8.847320000000000184e-02 5.051429999999999809e-02 -1.220080000000000053e-01 9.012340000000000628e-02 9.954359999999999875e-01 -3.137849999999999667e-02 -3.849160000000000081e-02 -4.750759999999999705e-02 3.576769999999999949e-02 9.982299999999999507e-01 -4.526829999999999743e-02
9.939059999999999562e-01 -9.669030000000000680e-02 5.293799999999999895e-02 -1.296460000000000112e-01 9.831850000000000311e-02 9.947310000000000318e-01 -2.906279999999999974e-02 -3.911640000000000256e-02 -4.984899999999999748e-02 3.409039999999999987e-02 9.981750000000000345e-01 -4.456670000000000076e-02
9.929489999999999705e-01 -1.049609999999999987e-01 5.509250000000000258e-02 -1.367389999999999994e-01 1.065900000000000042e-01 9.939230000000000009e-01 -2.750220000000000095e-02 -3.968470000000000331e-02 -5.187100000000000044e-02 3.318059999999999760e-02 9.981020000000000447e-01 -4.327960000000000140e-02
9.923729999999999496e-01 -1.078329999999999983e-01 5.973160000000000275e-02 -1.446510000000000018e-01 1.094709999999999989e-01 9.936789999999999790e-01 -2.485149999999999859e-02 -4.076450000000000212e-02 -5.667420000000000097e-02 3.120080000000000076e-02 9.979050000000000420e-01 -4.100399999999999878e-02
9.917890000000000317e-01 -1.093609999999999999e-01 6.628680000000000683e-02 -1.521260000000000112e-01 1.111120000000000024e-01 9.935340000000000282e-01 -2.332009999999999986e-02 -4.185090000000000338e-02 -6.330790000000000028e-02 3.049390000000000087e-02 9.975279999999999703e-01 -3.978770000000000223e-02
9.908820000000000405e-01 -1.136930000000000024e-01 7.229489999999999528e-02 -1.576829999999999898e-01 1.156999999999999973e-01 9.929890000000000105e-01 -2.420020000000000157e-02 -4.140590000000000243e-02 -6.903670000000000639e-02 3.234410000000000063e-02 9.970900000000000318e-01 -3.916469999999999674e-02
9.900400000000000311e-01 -1.158620000000000066e-01 7.997690000000000354e-02 -1.655010000000000092e-01 1.181399999999999950e-01 9.926989999999999981e-01 -2.433630000000000168e-02 -4.157170000000000309e-02 -7.657329999999999692e-02 3.354239999999999999e-02 9.965000000000000524e-01 -3.716880000000000184e-02
9.890670000000000295e-01 -1.200740000000000002e-01 8.561199999999999366e-02 -1.716689999999999883e-01 1.225320000000000020e-01 9.921729999999999716e-01 -2.403699999999999934e-02 -4.309670000000000167e-02 -8.205569999999999531e-02 3.426440000000000041e-02 9.960390000000000077e-01 -3.761749999999999816e-02
9.880780000000000118e-01 -1.234589999999999993e-01 9.197589999999999932e-02 -1.786510000000000042e-01 1.261480000000000101e-01 9.917209999999999637e-01 -2.400009999999999991e-02 -4.352580000000000338e-02 -8.825139999999999374e-02 3.531659999999999661e-02 9.954720000000000235e-01 -3.666699999999999821e-02
9.867780000000000440e-01 -1.299669999999999992e-01 9.683460000000000678e-02 -1.831019999999999870e-01 1.327649999999999941e-01 9.908799999999999830e-01 -2.301459999999999964e-02 -4.499179999999999846e-02 -9.296029999999999571e-02 3.556659999999999683e-02 9.950339999999999741e-01 -3.586430000000000173e-02
9.855070000000000219e-01 -1.346739999999999882e-01 1.031500000000000056e-01 -1.871410000000000018e-01 1.380679999999999963e-01 9.900689999999999769e-01 -2.647789999999999866e-02 -4.530420000000000280e-02 -9.855949999999999434e-02 4.033590000000000092e-02 9.943130000000000024e-01 -3.289620000000000044e-02
9.840219999999999523e-01 -1.394299999999999984e-01 1.107240000000000030e-01 -1.919049999999999923e-01 1.435069999999999957e-01 9.892030000000000545e-01 -2.971160000000000120e-02 -4.367329999999999823e-02 -1.053859999999999936e-01 4.512660000000000282e-02 9.934070000000000400e-01 -3.021449999999999830e-02
9.823669999999999902e-01 -1.458039999999999892e-01 1.170339999999999991e-01 -1.946299999999999975e-01 1.501899999999999902e-01 9.882159999999999833e-01 -2.952420000000000044e-02 -4.260089999999999710e-02 -1.113500000000000045e-01 4.658079999999999860e-02 9.926890000000000436e-01 -2.812310000000000157e-02
9.810010000000000119e-01 -1.480990000000000084e-01 1.253160000000000107e-01 -1.994039999999999979e-01 1.528100000000000014e-01 9.878360000000000474e-01 -2.880529999999999896e-02 -4.422920000000000323e-02 -1.195259999999999934e-01 4.740760000000000113e-02 9.916989999999999972e-01 -2.613120000000000026e-02
9.796810000000000240e-01 -1.480430000000000079e-01 1.353070000000000106e-01 -2.057460000000000122e-01 1.534179999999999988e-01 9.877019999999999689e-01 -3.014280000000000084e-02 -4.531070000000000236e-02 -1.291799999999999893e-01 5.028880000000000156e-02 9.903450000000000308e-01 -2.356029999999999930e-02
9.782990000000000297e-01 -1.502080000000000082e-01 1.427190000000000125e-01 -2.104379999999999862e-01 1.561220000000000108e-01 9.872480000000000144e-01 -3.111440000000000039e-02 -4.441570000000000240e-02 -1.362250000000000127e-01 5.272070000000000228e-02 9.892739999999999867e-01 -2.332290000000000058e-02
9.769719999999999516e-01 -1.509109999999999896e-01 1.508359999999999979e-01 -2.164590000000000125e-01 1.572600000000000109e-01 9.870700000000000029e-01 -3.102330000000000018e-02 -4.484080000000000010e-02 -1.442039999999999988e-01 5.402939999999999826e-02 9.880719999999999503e-01 -2.364660000000000026e-02
9.757059999999999622e-01 -1.526069999999999927e-01 1.571919999999999984e-01 -2.225570000000000048e-01 1.594460000000000044e-01 9.866949999999999887e-01 -3.178279999999999994e-02 -4.593509999999999954e-02 -1.502499999999999947e-01 5.607440000000000341e-02 9.870560000000000445e-01 -2.459580000000000100e-02
9.741929999999999756e-01 -1.556500000000000106e-01 1.634680000000000022e-01 -2.303429999999999922e-01 1.626839999999999953e-01 9.862079999999999735e-01 -3.047530000000000031e-02 -4.615070000000000283e-02 -1.564699999999999980e-01 5.628240000000000326e-02 9.860780000000000101e-01 -2.593289999999999831e-02
9.725639999999999841e-01 -1.607619999999999882e-01 1.681509999999999949e-01 -2.378319999999999879e-01 1.676779999999999937e-01 9.854530000000000234e-01 -2.767820000000000003e-02 -4.733060000000000045e-02 -1.612550000000000094e-01 5.511390000000000039e-02 9.853730000000000544e-01 -2.735560000000000075e-02
9.712990000000000235e-01 -1.634869999999999934e-01 1.727730000000000099e-01 -2.454729999999999968e-01 1.703610000000000124e-01 9.850480000000000347e-01 -2.563249999999999904e-02 -4.832929999999999865e-02 -1.659990000000000077e-01 5.433059999999999973e-02 9.846279999999999477e-01 -2.869820000000000010e-02
9.704639999999999933e-01 -1.652019999999999877e-01 1.758079999999999921e-01 -2.518070000000000030e-01 1.721729999999999927e-01 9.847479999999999567e-01 -2.505949999999999844e-02 -4.819160000000000110e-02 -1.689859999999999973e-01 5.458869999999999695e-02 9.841060000000000363e-01 -2.941459999999999908e-02
9.699630000000000196e-01 -1.636529999999999929e-01 1.799719999999999931e-01 -2.598079999999999834e-01 1.705780000000000074e-01 9.850619999999999932e-01 -2.359110000000000026e-02 -4.668699999999999933e-02 -1.734229999999999938e-01 5.358179999999999887e-02 9.833889999999999576e-01 -2.957370000000000138e-02
9.693380000000000329e-01 -1.613839999999999997e-01 1.853069999999999995e-01 -2.682860000000000245e-01 1.683409999999999906e-01 9.854760000000000186e-01 -2.233720000000000150e-02 -4.749529999999999724e-02 -1.790110000000000035e-01 5.284710000000000102e-02 9.824270000000000502e-01 -3.009300000000000169e-02
9.687470000000000248e-01 -1.595759999999999956e-01 1.899069999999999925e-01 -2.754449999999999954e-01 1.671209999999999918e-01 9.856369999999999854e-01 -2.429310000000000150e-02 -4.881270000000000053e-02 -1.833029999999999937e-01 5.527119999999999950e-02 9.815009999999999568e-01 -3.176790000000000169e-02
9.681400000000000006e-01 -1.557499999999999996e-01 1.960780000000000023e-01 -2.828829999999999956e-01 1.644740000000000091e-01 9.859569999999999723e-01 -2.892279999999999851e-02 -4.732299999999999701e-02 -1.888199999999999878e-01 6.025099999999999900e-02 9.801619999999999777e-01 -3.128419999999999812e-02
9.669849999999999834e-01 -1.552209999999999979e-01 2.021040000000000059e-01 -2.886980000000000102e-01 1.644770000000000121e-01 9.859329999999999483e-01 -2.973479999999999873e-02 -4.577719999999999706e-02 -1.946460000000000135e-01 6.199450000000000099e-02 9.789130000000000331e-01 -3.155089999999999978e-02
9.659050000000000136e-01 -1.531949999999999978e-01 2.087060000000000026e-01 -2.927150000000000030e-01 1.631450000000000122e-01 9.861079999999999846e-01 -3.122050000000000172e-02 -4.612689999999999846e-02 -2.010230000000000072e-01 6.420530000000000681e-02 9.774800000000000155e-01 -2.963999999999999968e-02
9.642720000000000180e-01 -1.525080000000000047e-01 2.166130000000000000e-01 -2.979629999999999779e-01 1.639700000000000046e-01 9.858130000000000503e-01 -3.585569999999999730e-02 -4.875809999999999866e-02 -2.080720000000000069e-01 7.009279999999999677e-02 9.755989999999999940e-01 -2.737679999999999975e-02
9.624620000000000397e-01 -1.548440000000000094e-01 2.229130000000000000e-01 -3.039890000000000092e-01 1.686360000000000081e-01 9.846909999999999830e-01 -4.410549999999999887e-02 -4.924549999999999761e-02 -2.126709999999999989e-01 8.004100000000000104e-02 9.738400000000000389e-01 -2.773410000000000111e-02
9.606700000000000239e-01 -1.556230000000000113e-01 2.299879999999999980e-01 -3.140870000000000051e-01 1.712869999999999948e-01 9.839689999999999825e-01 -4.966480000000000200e-02 -4.968510000000000287e-02 -2.185719999999999885e-01 8.710539999999999949e-02 9.719250000000000389e-01 -2.940540000000000168e-02
9.600180000000000380e-01 -1.580159999999999898e-01 2.310760000000000036e-01 -3.200339999999999852e-01 1.742849999999999955e-01 9.833399999999999919e-01 -5.163870000000000265e-02 -4.904320000000000207e-02 -2.190670000000000117e-01 8.984709999999999919e-02 9.715639999999999832e-01 -2.920489999999999892e-02
9.593199999999999505e-01 -1.597480000000000011e-01 2.327770000000000117e-01 -3.277579999999999938e-01 1.765329999999999955e-01 9.828660000000000174e-01 -5.301560000000000300e-02 -4.934600000000000097e-02 -2.203199999999999881e-01 9.195169999999999733e-02 9.710839999999999472e-01 -2.833029999999999923e-02
9.590710000000000068e-01 -1.610010000000000052e-01 2.329410000000000092e-01 -3.329739999999999922e-01 1.788069999999999937e-01 9.822130000000000027e-01 -5.731599999999999889e-02 -4.858869999999999856e-02 -2.195699999999999874e-01 9.662160000000000193e-02 9.707999999999999963e-01 -2.745509999999999964e-02
9.592129999999999823e-01 -1.593849999999999989e-01 2.334670000000000079e-01 -3.387339999999999796e-01 1.778409999999999991e-01 9.822210000000000107e-01 -6.011989999999999695e-02 -4.685910000000000075e-02 -2.197340000000000126e-01 9.918780000000000652e-02 9.705040000000000333e-01 -2.711660000000000112e-02
9.593690000000000273e-01 -1.593720000000000137e-01 2.328330000000000122e-01 -3.439679999999999960e-01 1.776979999999999948e-01 9.822640000000000260e-01 -5.983770000000000061e-02 -4.568459999999999882e-02 -2.191670000000000007e-01 9.878040000000000431e-02 9.706740000000000368e-01 -2.922790000000000110e-02
9.592690000000000383e-01 -1.585010000000000030e-01 2.338379999999999903e-01 -3.505429999999999935e-01 1.766379999999999895e-01 9.825279999999999569e-01 -5.863650000000000112e-02 -4.559379999999999683e-02 -2.204579999999999873e-01 9.755289999999999795e-02 9.705059999999999798e-01 -2.930239999999999928e-02
9.595529999999999893e-01 -1.550650000000000084e-01 2.349739999999999884e-01 -3.554470000000000129e-01 1.738099999999999923e-01 9.828789999999999472e-01 -6.115439999999999765e-02 -4.556609999999999827e-02 -2.214679999999999982e-01 9.952170000000000460e-02 9.700760000000000494e-01 -3.031700000000000020e-02
9.589410000000000434e-01 -1.528849999999999931e-01 2.388669999999999960e-01 -3.595780000000000087e-01 1.732630000000000003e-01 9.826179999999999914e-01 -6.665369999999999628e-02 -4.643160000000000343e-02 -2.245250000000000024e-01 1.053039999999999948e-01 9.687620000000000120e-01 -3.184889999999999943e-02
9.579860000000000042e-01 -1.502509999999999957e-01 2.443120000000000014e-01 -3.627219999999999889e-01 1.727910000000000001e-01 9.822140000000000315e-01 -7.348200000000000565e-02 -4.448030000000000039e-02 -2.289259999999999906e-01 1.126100000000000018e-01 9.669090000000000185e-01 -3.238900000000000112e-02
9.568449999999999456e-01 -1.503200000000000092e-01 2.487000000000000044e-01 -3.655470000000000108e-01 1.744580000000000020e-01 9.815770000000000328e-01 -7.791990000000000027e-02 -4.278950000000000115e-02 -2.324050000000000005e-01 1.179449999999999943e-01 9.654409999999999936e-01 -3.199359999999999704e-02
9.555569999999999897e-01 -1.504070000000000129e-01 2.535519999999999996e-01 -3.720080000000000053e-01 1.753500000000000059e-01 9.813560000000000061e-01 -7.869779999999999831e-02 -4.145399999999999779e-02 -2.369880000000000042e-01 1.196610000000000035e-01 9.641150000000000553e-01 -3.465710000000000318e-02
9.549009999999999998e-01 -1.505789999999999906e-01 2.559109999999999996e-01 -3.767449999999999966e-01 1.756860000000000088e-01 9.813410000000000188e-01 -7.812520000000000575e-02 -3.998550000000000021e-02 -2.393720000000000014e-01 1.195620000000000016e-01 9.635380000000000056e-01 -3.844480000000000119e-02
9.548640000000000461e-01 -1.509290000000000076e-01 2.558409999999999851e-01 -3.795890000000000097e-01 1.755670000000000008e-01 9.815110000000000223e-01 -7.623480000000000534e-02 -3.839449999999999807e-02 -2.396050000000000124e-01 1.177109999999999962e-01 9.637080000000000091e-01 -4.219320000000000015e-02
9.548600000000000421e-01 -1.507209999999999939e-01 2.559779999999999833e-01 -3.823079999999999812e-01 1.749370000000000092e-01 9.817569999999999908e-01 -7.449440000000000228e-02 -3.638310000000000155e-02 -2.400799999999999879e-01 1.159120000000000011e-01 9.638079999999999981e-01 -4.546229999999999716e-02
9.546390000000000153e-01 -1.501869999999999872e-01 2.571160000000000112e-01 -3.857780000000000098e-01 1.737039999999999973e-01 9.822210000000000107e-01 -7.120229999999999615e-02 -3.443120000000000208e-02 -2.418510000000000104e-01 1.126339999999999980e-01 9.637539999999999996e-01 -4.879479999999999928e-02
9.541520000000000001e-01 -1.503720000000000057e-01 2.588090000000000113e-01 -3.886549999999999727e-01 1.740049999999999930e-01 9.821940000000000115e-01 -7.083739999999999482e-02 -3.229950000000000182e-02 -2.435479999999999867e-01 1.126240000000000019e-01 9.633279999999999621e-01 -5.224229999999999846e-02
9.536440000000000472e-01 -1.503079999999999972e-01 2.607119999999999993e-01 -3.919329999999999758e-01 1.736969999999999903e-01 9.823800000000000310e-01 -6.898680000000000090e-02 -3.018859999999999946e-02 -2.457489999999999952e-01 1.110740000000000061e-01 9.629490000000000549e-01 -5.482569999999999805e-02
9.530710000000000015e-01 -1.510029999999999983e-01 2.623989999999999934e-01 -3.953670000000000240e-01 1.738860000000000128e-01 9.825409999999999977e-01 -6.615619999999999834e-02 -2.847289999999999890e-02 -2.478279999999999927e-01 1.086789999999999978e-01 9.626890000000000169e-01 -5.870890000000000136e-02
9.523779999999999468e-01 -1.529510000000000036e-01 2.637849999999999917e-01 -3.985750000000000126e-01 1.753010000000000124e-01 9.824819999999999665e-01 -6.323879999999999779e-02 -2.647089999999999860e-02 -2.494919999999999916e-01 1.064689999999999942e-01 9.625059999999999727e-01 -6.273679999999999535e-02
9.519269999999999676e-01 -1.545650000000000079e-01 2.644710000000000116e-01 -4.040920000000000067e-01 1.765629999999999977e-01 9.823730000000000517e-01 -6.138480000000000325e-02 -2.453579999999999997e-02 -2.503210000000000157e-01 1.051300000000000012e-01 9.624380000000000157e-01 -6.889739999999999753e-02
9.515149999999999997e-01 -1.577030000000000098e-01 2.640989999999999727e-01 -4.089700000000000002e-01 1.795839999999999936e-01 9.818679999999999630e-01 -6.070960000000000245e-02 -2.349340000000000109e-02 -2.497360000000000135e-01 1.051939999999999958e-01 9.625829999999999664e-01 -7.480349999999999500e-02
9.515919999999999934e-01 -1.590030000000000054e-01 2.630399999999999960e-01 -4.137879999999999892e-01 1.810209999999999875e-01 9.815519999999999801e-01 -6.154350000000000098e-02 -2.085880000000000026e-02 -2.484020000000000117e-01 1.061799999999999966e-01 9.628200000000000092e-01 -8.098289999999999655e-02
9.521249999999999991e-01 -1.586100000000000010e-01 2.613429999999999920e-01 -4.175650000000000195e-01 1.800450000000000106e-01 9.818219999999999725e-01 -6.007119999999999821e-02 -1.859799999999999995e-02 -2.470640000000000058e-01 1.042489999999999944e-01 9.633749999999999813e-01 -8.682339999999999502e-02
9.526480000000000503e-01 -1.544500000000000040e-01 2.619290000000000229e-01 -4.217239999999999878e-01 1.748520000000000074e-01 9.829830000000000512e-01 -5.631540000000000157e-02 -1.498440000000000015e-02 -2.487739999999999951e-01 9.944759999999999711e-02 9.634430000000000494e-01 -9.202660000000000007e-02
9.530600000000000183e-01 -1.491419999999999968e-01 2.635029999999999872e-01 -4.249089999999999812e-01 1.688749999999999973e-01 9.841699999999999893e-01 -5.376340000000000285e-02 -1.372149999999999932e-02 -2.513139999999999818e-01 9.573869999999999603e-02 9.631589999999999874e-01 -9.608559999999999324e-02
