1.000000000000000000e+00 6.574860000000000100e-24 -1.168450000000000007e-23 1.769650000000000141e-23 -6.574860000000000100e-24 1.000000000000000000e+00 -1.921469999999999987e-24 1.076459999999999946e-23 1.168450000000000007e-23 1.921469999999999987e-24 1.000000000000000000e+00 -1.460760000000000088e-23
9.999940000000000495e-01 -2.431200000000000114e-03 -2.590620000000000075e-03 1.888350000000000011e-03 2.425839999999999854e-03 9.999949999999999672e-01 -2.068430000000000008e-03 -4.049480000000000233e-06 2.595629999999999812e-03 2.062130000000000126e-03 9.999949999999999672e-01 -6.051390000000000349e-06
9.999860000000000415e-01 -4.237559999999999591e-03 -3.038799999999999921e-03 3.014719999999999813e-03 4.233839999999999999e-03 9.999900000000000455e-01 -1.229389999999999910e-03 7.203339999999999917e-04 3.043979999999999950e-03 1.216510000000000074e-03 9.999949999999999672e-01 -1.237199999999999878e-04
9.999860000000000415e-01 -4.294309999999999967e-03 -2.943929999999999984e-03 3.998260000000000008e-03 4.297289999999999617e-03 9.999900000000000455e-01 1.005940000000000089e-03 2.187569999999999792e-03 2.939579999999999797e-03 -1.018569999999999892e-03 9.999949999999999672e-01 -3.634180000000000093e-04
9.999820000000000375e-01 -5.444889999999999973e-03 -2.597659999999999900e-03 4.291139999999999712e-03 5.453369999999999919e-03 9.999799999999999800e-01 3.271009999999999977e-03 3.373790000000000100e-04 2.579790000000000208e-03 -3.285119999999999880e-03 9.999909999999999632e-01 -2.975710000000000009e-04
9.999799999999999800e-01 -5.494459999999999622e-03 -3.275029999999999955e-03 4.438390000000000390e-03 5.501559999999999957e-03 9.999829999999999552e-01 2.163290000000000005e-03 1.436370000000000073e-04 3.263079999999999800e-03 -2.181269999999999910e-03 9.999919999999999920e-01 -9.994129999999999941e-04
9.999789999999999512e-01 -5.563689999999999608e-03 -3.341840000000000001e-03 3.610910000000000161e-03 5.565910000000000302e-03 9.999839999999999840e-01 6.558199999999999924e-04 8.047129999999999778e-04 3.338139999999999857e-03 -6.744060000000000072e-04 9.999940000000000495e-01 -7.301509999999999554e-04
9.999660000000000215e-01 -7.008509999999999913e-03 -4.302120000000000423e-03 4.444410000000000201e-03 7.009139999999999641e-03 9.999749999999999472e-01 1.294939999999999904e-04 4.540330000000000082e-04 4.301110000000000350e-03 -1.596439999999999914e-04 9.999909999999999632e-01 -2.262370000000000093e-03
9.999510000000000343e-01 -9.214460000000000706e-03 -3.708780000000000063e-03 4.579370000000000142e-03 9.213290000000000715e-03 9.999580000000000135e-01 -3.317959999999999790e-04 1.048279999999999958e-03 3.711680000000000187e-03 2.976100000000000186e-04 9.999930000000000208e-01 -1.826809999999999892e-03
9.999460000000000015e-01 -9.684720000000000828e-03 -3.782510000000000212e-03 6.384749999999999800e-03 9.685829999999999440e-03 9.999529999999999808e-01 2.763460000000000135e-04 6.509649999999999855e-04 3.779659999999999791e-03 -3.129680000000000027e-04 9.999930000000000208e-01 -2.797019999999999997e-04
9.999500000000000055e-01 -9.664650000000000324e-03 -2.641020000000000000e-03 6.373160000000000110e-03 9.663170000000000440e-03 9.999529999999999808e-01 -5.716850000000000534e-04 6.322409999999999662e-04 2.646420000000000022e-03 5.461350000000000015e-04 9.999959999999999960e-01 -6.901729999999999801e-04
9.999559999999999560e-01 -8.657649999999999374e-03 -3.567199999999999972e-03 7.686489999999999816e-03 8.648760000000000128e-03 9.999590000000000423e-01 -2.501199999999999864e-03 2.795849999999999898e-03 3.588710000000000164e-03 2.470239999999999849e-03 9.999909999999999632e-01 -1.472310000000000003e-04
9.999590000000000423e-01 -8.360009999999999317e-03 -3.439740000000000159e-03 8.896370000000000666e-03 8.348309999999999412e-03 9.999590000000000423e-01 -3.402360000000000106e-03 2.972289999999999828e-03 3.468039999999999925e-03 3.373500000000000196e-03 9.999879999999999880e-01 -3.655199999999999834e-04
9.999649999999999928e-01 -7.835389999999999369e-03 -3.094630000000000124e-03 1.086260000000000003e-02 7.815880000000000744e-03 9.999500000000000055e-01 -6.266759999999999692e-03 1.318649999999999987e-03 3.143570000000000045e-03 6.242349999999999809e-03 9.999759999999999760e-01 9.949439999999999933e-04
9.999620000000000175e-01 -8.323670000000000027e-03 -2.437790000000000009e-03 1.216459999999999937e-02 8.292860000000000856e-03 9.998890000000000278e-01 -1.238900000000000071e-02 1.420260000000000012e-03 2.540639999999999826e-03 1.236830000000000047e-02 9.999200000000000310e-01 2.233680000000000040e-03
9.999649999999999928e-01 -8.220399999999999235e-03 -1.368590000000000041e-03 1.229620000000000019e-02 8.198949999999999988e-03 9.998540000000000205e-01 -1.500119999999999926e-02 4.242209999999999731e-03 1.491710000000000041e-03 1.498949999999999935e-02 9.998869999999999703e-01 7.787869999999999689e-04
9.999799999999999800e-01 -6.339069999999999601e-03 -1.861490000000000096e-04 1.306990000000000061e-02 6.336620000000000273e-03 9.999190000000000023e-01 -1.106470000000000023e-02 6.117250000000000291e-03 2.562740000000000200e-04 1.106329999999999987e-02 9.999390000000000223e-01 1.163109999999999969e-03
9.999909999999999632e-01 -3.887530000000000152e-03 1.713600000000000019e-03 1.338959999999999977e-02 3.898260000000000180e-03 9.999730000000000008e-01 -6.303760000000000266e-03 5.060679999999999693e-03 -1.689050000000000100e-03 6.310379999999999982e-03 9.999789999999999512e-01 9.025739999999999544e-04
9.999879999999999880e-01 -4.296959999999999842e-03 2.410069999999999834e-03 1.387979999999999943e-02 4.309649999999999939e-03 9.999770000000000048e-01 -5.282539999999999632e-03 4.573599999999999714e-03 -2.387310000000000126e-03 5.292859999999999926e-03 9.999829999999999552e-01 1.273590000000000117e-04
9.999860000000000415e-01 -4.271099999999999897e-03 2.975300000000000167e-03 1.395960000000000083e-02 4.289600000000000184e-03 9.999710000000000543e-01 -6.239589999999999720e-03 4.748689999999999856e-03 -2.948570000000000184e-03 6.252269999999999876e-03 9.999759999999999760e-01 3.522670000000000206e-04
9.999869999999999592e-01 -4.684680000000000094e-03 2.114040000000000190e-03 1.401589999999999954e-02 4.696529999999999976e-03 9.999730000000000008e-01 -5.638139999999999818e-03 5.255509999999999696e-03 -2.087569999999999964e-03 5.647990000000000302e-03 9.999820000000000375e-01 3.696400000000000185e-04
9.999850000000000128e-01 -5.299049999999999594e-03 -1.160030000000000045e-03 1.486769999999999932e-02 5.291689999999999935e-03 9.999660000000000215e-01 -6.257999999999999674e-03 5.158720000000000319e-03 1.193150000000000027e-03 6.251770000000000244e-03 9.999799999999999800e-01 7.222129999999999782e-04
9.999620000000000175e-01 -7.934590000000000046e-03 -3.688180000000000104e-03 1.545359999999999963e-02 7.903479999999999187e-03 9.999339999999999895e-01 -8.375489999999999324e-03 7.068229999999999999e-03 3.754389999999999811e-03 8.346019999999999134e-03 9.999580000000000135e-01 3.371709999999999985e-03
9.999620000000000175e-01 -7.657299999999999697e-03 -4.120129999999999626e-03 1.500019999999999999e-02 7.622699999999999615e-03 9.999360000000000470e-01 -8.349590000000000484e-03 8.763399999999999315e-03 4.183799999999999672e-03 8.317869999999999778e-03 9.999569999999999848e-01 4.437240000000000281e-03
9.999540000000000095e-01 -8.082570000000000726e-03 -5.157830000000000401e-03 1.432340000000000002e-02 8.052429999999999310e-03 9.999510000000000343e-01 -5.838710000000000427e-03 9.074630000000000196e-03 5.204770000000000056e-03 5.796909999999999737e-03 9.999700000000000255e-01 6.269270000000000398e-03
9.999670000000000503e-01 -4.808830000000000049e-03 -6.519239999999999931e-03 1.203040000000000012e-02 4.771530000000000389e-03 9.999719999999999720e-01 -5.725300000000000007e-03 7.760170000000000262e-03 6.546589999999999701e-03 5.694010000000000217e-03 9.999620000000000175e-01 6.616519999999999867e-03
9.999479999999999480e-01 -4.351830000000000108e-04 -1.015929999999999958e-02 1.132670000000000031e-02 3.323709999999999794e-04 9.999489999999999768e-01 -1.011940000000000062e-02 8.324069999999999386e-03 1.016320000000000071e-02 1.011549999999999949e-02 9.998970000000000358e-01 8.277319999999999470e-03
9.999259999999999815e-01 1.827960000000000002e-03 -1.204900000000000068e-02 1.056379999999999993e-02 -1.967560000000000142e-03 9.999310000000000143e-01 -1.158439999999999991e-02 9.647019999999999207e-03 1.202699999999999950e-02 1.160719999999999981e-02 9.998599999999999710e-01 8.237730000000000399e-03
9.999120000000000230e-01 4.138430000000000233e-03 -1.262270000000000059e-02 1.014059999999999961e-02 -4.265050000000000265e-03 9.999409999999999688e-01 -1.002079999999999985e-02 9.244240000000000790e-03 1.258049999999999967e-02 1.007369999999999967e-02 9.998700000000000365e-01 9.590960000000000804e-03
9.999050000000000438e-01 5.871200000000000030e-03 -1.248359999999999921e-02 8.649119999999999725e-03 -6.015409999999999681e-03 9.999149999999999983e-01 -1.154619999999999952e-02 9.070579999999999962e-03 1.241480000000000014e-02 1.162020000000000067e-02 9.998550000000000493e-01 1.103909999999999961e-02
9.999099999999999655e-01 3.853960000000000025e-03 -1.281520000000000055e-02 6.989300000000000374e-03 -4.013280000000000146e-03 9.999149999999999983e-01 -1.243000000000000008e-02 1.002920000000000027e-02 1.276620000000000012e-02 1.248029999999999973e-02 9.998409999999999798e-01 1.031950000000000055e-02
9.998869999999999703e-01 4.083599999999999730e-03 -1.443389999999999951e-02 7.518350000000000033e-03 -4.255390000000000388e-03 9.999200000000000310e-01 -1.189100000000000053e-02 1.045409999999999916e-02 1.438419999999999976e-02 1.195109999999999922e-02 9.998249999999999638e-01 1.157900000000000075e-02
9.998909999999999743e-01 5.750279999999999975e-03 -1.363239999999999938e-02 5.232389999999999958e-03 -5.885079999999999999e-03 9.999339999999999895e-01 -9.868810000000000429e-03 1.057409999999999947e-02 1.357479999999999971e-02 9.947960000000000483e-03 9.998580000000000245e-01 1.151970000000000077e-02
9.998759999999999870e-01 8.794990000000000793e-03 -1.303110000000000032e-02 2.995330000000000041e-03 -8.896209999999999882e-03 9.999310000000000143e-01 -7.729920000000000367e-03 1.039559999999999963e-02 1.296220000000000011e-02 7.844890000000000196e-03 9.998850000000000238e-01 1.231810000000000023e-02
9.998770000000000158e-01 9.807659999999999295e-03 -1.223780000000000007e-02 1.199250000000000012e-03 -9.894129999999999245e-03 9.999259999999999815e-01 -7.025560000000000138e-03 1.080489999999999923e-02 1.216800000000000000e-02 7.145780000000000014e-03 9.999000000000000110e-01 1.308010000000000075e-02
9.998920000000000030e-01 1.106429999999999914e-02 -9.720730000000000343e-03 -1.213040000000000082e-03 -1.113540000000000016e-02 9.999109999999999943e-01 -7.287880000000000053e-03 8.708340000000000178e-03 9.639230000000000367e-03 7.395330000000000306e-03 9.999259999999999815e-01 1.256250000000000075e-02
9.999259999999999815e-01 1.016610000000000083e-02 -6.727389999999999759e-03 -5.844440000000000225e-03 -1.024090000000000070e-02 9.998850000000000238e-01 -1.117379999999999936e-02 7.528189999999999708e-03 6.613029999999999776e-03 1.124179999999999971e-02 9.999149999999999983e-01 1.254369999999999964e-02
9.999430000000000263e-01 7.927949999999999581e-03 -7.094539999999999874e-03 -8.351499999999999549e-03 -8.040099999999999678e-03 9.998409999999999798e-01 -1.592069999999999944e-02 6.823550000000000275e-03 6.967189999999999842e-03 1.597679999999999934e-02 9.998479999999999590e-01 1.172609999999999972e-02
9.999559999999999560e-01 5.176980000000000297e-03 -7.847659999999999358e-03 -1.041319999999999919e-02 -5.337340000000000313e-03 9.997749999999999693e-01 -2.055330000000000004e-02 6.373260000000000383e-03 7.739479999999999971e-03 2.059429999999999941e-02 9.997580000000000355e-01 1.108409999999999951e-02
9.999759999999999760e-01 -1.407339999999999980e-03 -6.762080000000000174e-03 -1.351100000000000044e-02 1.232919999999999979e-03 9.996680000000000010e-01 -2.572899999999999840e-02 5.875349999999999670e-03 6.796049999999999661e-03 2.571999999999999981e-02 9.996460000000000345e-01 9.416600000000000664e-03
9.999789999999999512e-01 -4.365939999999999578e-03 -4.889219999999999677e-03 -1.733029999999999987e-02 4.209889999999999986e-03 9.994950000000000223e-01 -3.148469999999999741e-02 6.469029999999999746e-03 5.024220000000000248e-03 3.146349999999999841e-02 9.994920000000000471e-01 8.516489999999999824e-03
9.999649999999999928e-01 -6.146300000000000374e-03 -5.691520000000000259e-03 -1.838909999999999850e-02 5.936069999999999888e-03 9.993250000000000188e-01 -3.624619999999999925e-02 8.618300000000000613e-03 5.910460000000000193e-03 3.621110000000000301e-02 9.993269999999999653e-01 8.725659999999999666e-03
9.999719999999999720e-01 -6.464120000000000282e-03 -3.839570000000000049e-03 -2.066010000000000069e-02 6.307980000000000358e-03 9.992050000000000098e-01 -3.937269999999999659e-02 9.284109999999999932e-03 4.091029999999999840e-03 3.934739999999999766e-02 9.992170000000000218e-01 8.501800000000000329e-03
9.999799999999999800e-01 -6.084130000000000094e-03 -1.890610000000000034e-03 -2.265469999999999984e-02 5.995409999999999628e-03 9.990210000000000479e-01 -4.383549999999999947e-02 9.495889999999999886e-03 2.155460000000000102e-03 4.382330000000000253e-02 9.990369999999999528e-01 7.149810000000000366e-03
9.999869999999999592e-01 -5.121760000000000375e-03 4.085979999999999799e-04 -2.363029999999999992e-02 5.135609999999999654e-03 9.987939999999999596e-01 -4.883370000000000072e-02 9.940070000000000502e-03 -1.579910000000000125e-04 4.883509999999999934e-02 9.988070000000000004e-01 7.277409999999999782e-03
9.999850000000000128e-01 -3.336210000000000044e-03 4.344540000000000034e-03 -2.708429999999999865e-02 3.553610000000000015e-03 9.986909999999999954e-01 -5.103370000000000128e-02 1.219549999999999974e-02 -4.168589999999999796e-03 5.104840000000000072e-02 9.986869999999999914e-01 6.429500000000000319e-03
9.999710000000000543e-01 -9.558719999999999717e-04 7.497199999999999871e-03 -3.122880000000000100e-02 1.353690000000000058e-03 9.985810000000000519e-01 -5.323780000000000179e-02 1.235370000000000044e-02 -7.435670000000000127e-03 5.324650000000000216e-02 9.985540000000000527e-01 4.345759999999999727e-03
9.999780000000000335e-01 1.217589999999999948e-03 6.470130000000000152e-03 -3.306710000000000205e-02 -8.597960000000000194e-04 9.984849999999999559e-01 -5.501640000000000003e-02 1.168319999999999949e-02 -6.527309999999999710e-03 5.500959999999999878e-02 9.984640000000000182e-01 1.275960000000000028e-03
9.999689999999999968e-01 4.414269999999999652e-03 6.517550000000000426e-03 -3.599009999999999709e-02 -4.011459999999999679e-03 9.981560000000000432e-01 -6.057320000000000065e-02 1.329140000000000009e-02 -6.772910000000000041e-03 6.054520000000000041e-02 9.981419999999999737e-01 -1.989359999999999913e-03
9.999550000000000383e-01 6.768859999999999807e-03 6.647339999999999846e-03 -3.813480000000000342e-02 -6.313870000000000073e-03 9.977840000000000042e-01 -6.623379999999999546e-02 1.418449999999999919e-02 -7.080939999999999977e-03 6.618889999999999496e-02 9.977819999999999467e-01 -3.193710000000000212e-03
9.999440000000000550e-01 8.005250000000000213e-03 6.887850000000000049e-03 -4.010550000000000226e-02 -7.490509999999999703e-03 9.973940000000000028e-01 -7.176309999999999634e-02 1.329540000000000062e-02 -7.444379999999999574e-03 7.170749999999999347e-02 9.973980000000000068e-01 -5.088950000000000071e-03
9.999270000000000103e-01 8.850580000000000253e-03 8.250880000000000367e-03 -4.266280000000000072e-02 -8.176420000000000216e-03 9.968850000000000211e-01 -7.843959999999999821e-02 1.444750000000000027e-02 -8.919420000000000820e-03 7.836640000000000272e-02 9.968850000000000211e-01 -8.003490000000000257e-03
9.999130000000000518e-01 8.264379999999999990e-03 1.028629999999999996e-02 -4.578800000000000231e-02 -7.354570000000000378e-03 9.963070000000000537e-01 -8.554399999999999504e-02 1.698629999999999932e-02 -1.095529999999999941e-02 8.546090000000000630e-02 9.962809999999999722e-01 -9.360250000000000514e-03
9.999179999999999735e-01 6.540690000000000046e-03 1.105000000000000079e-02 -4.582320000000000143e-02 -5.546360000000000179e-03 9.961290000000000422e-01 -8.773380000000000067e-02 2.028610000000000135e-02 -1.158110000000000042e-02 8.766530000000000156e-02 9.960830000000000517e-01 -9.424349999999999741e-03
9.998820000000000485e-01 8.079400000000000470e-03 1.307709999999999949e-02 -4.743519999999999681e-02 -6.945680000000000083e-03 9.963969999999999771e-01 -8.453140000000000653e-02 2.116120000000000154e-02 -1.371299999999999950e-02 8.443059999999999454e-02 9.963349999999999707e-01 -1.216940000000000036e-02
9.998340000000000005e-01 1.035419999999999917e-02 1.501599999999999983e-02 -4.849669999999999676e-02 -9.059400000000000439e-03 9.964359999999999884e-01 -8.386949999999999961e-02 2.230069999999999969e-02 -1.583089999999999845e-02 8.371950000000000225e-02 9.963640000000000274e-01 -1.204689999999999928e-02
9.997279999999999500e-01 1.402669999999999959e-02 1.862379999999999938e-02 -5.162730000000000097e-02 -1.241180000000000061e-02 9.963750000000000107e-01 -8.416029999999999345e-02 2.327260000000000092e-02 -1.973679999999999879e-02 8.390620000000000023e-02 9.962779999999999969e-01 -1.189420000000000061e-02
9.997129999999999628e-01 1.320810000000000040e-02 1.999570000000000167e-02 -5.269800000000000179e-02 -1.148500000000000042e-02 9.964030000000000387e-01 -8.396230000000000360e-02 2.506769999999999832e-02 -2.103280000000000080e-02 8.370850000000000513e-02 9.962680000000000424e-01 -1.248709999999999924e-02
9.996310000000000473e-01 1.300600000000000020e-02 2.385050000000000017e-02 -5.615930000000000227e-02 -1.103149999999999964e-02 9.966429999999999456e-01 -8.112590000000000079e-02 2.536789999999999878e-02 -2.482550000000000034e-02 8.083279999999999632e-02 9.964180000000000259e-01 -1.524909999999999981e-02
9.995509999999999673e-01 1.262429999999999976e-02 2.718730000000000105e-02 -5.930450000000000305e-02 -1.041410000000000079e-02 9.967439999999999634e-01 -7.995819999999999317e-02 2.380209999999999965e-02 -2.810819999999999985e-02 7.963910000000000433e-02 9.964269999999999516e-01 -1.653630000000000030e-02
9.994950000000000223e-01 9.002909999999999385e-03 3.047160000000000146e-02 -6.225119999999999959e-02 -6.405830000000000378e-03 9.964220000000000299e-01 -8.427830000000000044e-02 2.457109999999999850e-02 -3.112130000000000105e-02 8.404050000000000409e-02 9.959759999999999724e-01 -1.631169999999999842e-02
9.994499999999999496e-01 5.821530000000000107e-03 3.265599999999999753e-02 -6.540110000000000368e-02 -2.980239999999999886e-03 9.962569999999999482e-01 -8.638980000000000270e-02 2.488579999999999959e-02 -3.303670000000000218e-02 8.624500000000000222e-02 9.957260000000000000e-01 -1.936830000000000149e-02
9.993440000000000101e-01 5.864959999999999792e-03 3.572700000000000181e-02 -6.911699999999999788e-02 -2.669640000000000034e-03 9.960430000000000117e-01 -8.883670000000000455e-02 2.463919999999999999e-02 -3.610660000000000258e-02 8.868310000000000082e-02 9.954049999999999843e-01 -1.961589999999999862e-02
9.992640000000000411e-01 1.488480000000000087e-04 3.836649999999999783e-02 -7.278010000000000035e-02 3.457539999999999832e-03 9.955739999999999590e-01 -9.391489999999999561e-02 2.555800000000000086e-02 -3.821070000000000022e-02 9.397840000000000360e-02 9.948409999999999753e-01 -2.055979999999999960e-02
9.991330000000000489e-01 -2.833780000000000153e-03 4.154420000000000335e-02 -7.807609999999999550e-02 6.746160000000000177e-03 9.955169999999999852e-01 -9.433880000000000043e-02 2.611139999999999989e-02 -4.109070000000000084e-02 9.453720000000000179e-02 9.946730000000000294e-01 -2.105119999999999908e-02
9.990820000000000256e-01 -5.264030000000000271e-03 4.250969999999999749e-02 -8.197429999999999994e-02 9.311200000000000379e-03 9.953779999999999850e-01 -9.557720000000000105e-02 2.592159999999999950e-02 -4.181010000000000282e-02 9.588530000000000664e-02 9.945140000000000091e-01 -2.117139999999999994e-02
9.989820000000000366e-01 -8.218619999999999398e-03 4.434720000000000328e-02 -8.609909999999999786e-02 1.248480000000000076e-02 9.952260000000000550e-01 -9.679790000000000616e-02 2.581539999999999876e-02 -4.333999999999999658e-02 9.725300000000000611e-02 9.943159999999999776e-01 -2.100439999999999946e-02
9.987679999999999891e-01 -1.000009999999999961e-02 4.860090000000000243e-02 -9.254880000000000051e-02 1.467350000000000078e-02 9.951980000000000270e-01 -9.677610000000000379e-02 2.711049999999999918e-02 -4.739970000000000294e-02 9.737010000000000109e-02 9.941189999999999749e-01 -2.077719999999999914e-02
9.986650000000000249e-01 -1.049839999999999975e-02 5.057999999999999996e-02 -9.699770000000000614e-02 1.541819999999999996e-02 9.950790000000000468e-01 -9.788099999999999579e-02 2.732710000000000000e-02 -4.930350000000000010e-02 9.853019999999999834e-02 9.939120000000000177e-01 -1.871110000000000134e-02
9.984870000000000134e-01 -1.071219999999999985e-02 5.393710000000000171e-02 -1.029820000000000041e-01 1.607729999999999923e-02 9.948540000000000161e-01 -1.000390000000000029e-01 2.821059999999999887e-02 -5.258789999999999992e-02 1.007549999999999973e-01 9.935209999999999875e-01 -1.684859999999999830e-02
9.982969999999999899e-01 -1.076129999999999969e-02 5.732879999999999920e-02 -1.099269999999999969e-01 1.644249999999999878e-02 9.948949999999999738e-01 -9.956760000000000610e-02 2.861059999999999992e-02 -5.596460000000000323e-02 1.003409999999999996e-01 9.933779999999999832e-01 -1.683310000000000015e-02
9.981950000000000545e-01 -1.191030000000000040e-02 5.885549999999999810e-02 -1.162890000000000035e-01 1.770280000000000117e-02 9.949400000000000466e-01 -9.890000000000000180e-02 2.859799999999999842e-02 -5.737969999999999876e-02 9.976350000000000495e-02 9.933549999999999880e-01 -1.544249999999999963e-02
9.979609999999999870e-01 -1.619419999999999887e-02 6.174389999999999740e-02 -1.233630000000000004e-01 2.238630000000000134e-02 9.946390000000000509e-01 -1.009540000000000021e-01 2.747749999999999845e-02 -5.977799999999999780e-02 1.021309999999999996e-01 9.929729999999999945e-01 -1.399970000000000034e-02
9.976390000000000535e-01 -2.233510000000000009e-02 6.494590000000000085e-02 -1.313380000000000103e-01 2.897030000000000091e-02 9.942499999999999671e-01 -1.030890000000000001e-01 2.842849999999999891e-02 -6.226999999999999896e-02 1.047270000000000006e-01 9.925500000000000433e-01 -1.368020000000000000e-02
9.972170000000000201e-01 -2.798159999999999883e-02 6.910009999999999764e-02 -1.397909999999999986e-01 3.498439999999999883e-02 9.941370000000000484e-01 -1.023089999999999972e-01 2.957219999999999988e-02 -6.583219999999999350e-02 1.044419999999999932e-01 9.923499999999999543e-01 -1.200479999999999950e-02
9.967639999999999834e-01 -3.647299999999999848e-02 7.163590000000000235e-02 -1.474459999999999937e-01 4.355300000000000143e-02 9.940440000000000387e-01 -9.989789999999999781e-02 2.870340000000000044e-02 -6.756570000000000631e-02 1.026949999999999946e-01 9.924159999999999648e-01 -1.142269999999999917e-02
9.963359999999999994e-01 -4.182000000000000300e-02 7.459839999999999527e-02 -1.555729999999999891e-01 4.911460000000000131e-02 9.938949999999999729e-01 -9.879570000000000018e-02 2.925809999999999869e-02 -7.001129999999999853e-02 1.020979999999999943e-01 9.923079999999999679e-01 -9.677359999999999435e-03
9.958390000000000297e-01 -4.421270000000000061e-02 7.969039999999999457e-02 -1.631809999999999927e-01 5.197469999999999868e-02 9.938169999999999504e-01 -9.811849999999999739e-02 2.964260000000000159e-02 -7.485959999999999837e-02 1.018519999999999981e-01 9.919790000000000552e-01 -8.250659999999999938e-03
9.951900000000000190e-01 -4.737210000000000032e-02 8.574629999999999752e-02 -1.706120000000000136e-01 5.571879999999999888e-02 9.936530000000000085e-01 -9.772260000000000668e-02 2.926940000000000097e-02 -8.057279999999999998e-02 1.020299999999999957e-01 9.915129999999999777e-01 -5.924819999999999913e-03
9.944239999999999746e-01 -4.996910000000000240e-02 9.286070000000000435e-02 -1.774300000000000044e-01 5.907659999999999995e-02 9.934250000000000025e-01 -9.806860000000000577e-02 2.925449999999999925e-02 -8.734980000000000522e-02 1.030080000000000023e-01 9.908379999999999965e-01 -5.722579999999999681e-03
9.936279999999999557e-01 -5.208730000000000304e-02 9.994899999999999618e-02 -1.846099999999999963e-01 6.198490000000000250e-02 9.931929999999999925e-01 -9.862260000000000471e-02 2.942519999999999858e-02 -9.413159999999999583e-02 1.041900000000000048e-01 9.900930000000000009e-01 -4.032049999999999697e-03
9.930149999999999810e-01 -5.486719999999999792e-02 1.044520000000000032e-01 -1.893239999999999923e-01 6.544410000000000505e-02 9.927629999999999511e-01 -1.006859999999999977e-01 2.958869999999999903e-02 -9.817159999999999775e-02 1.068189999999999973e-01 9.894199999999999662e-01 -3.284259999999999784e-03
9.921410000000000506e-01 -5.732040000000000052e-02 1.112270000000000064e-01 -1.968759999999999954e-01 6.876590000000000480e-02 9.924089999999999856e-01 -1.019540000000000030e-01 3.026409999999999864e-02 -1.045390000000000069e-01 1.088019999999999959e-01 9.885509999999999575e-01 -1.708319999999999934e-03
9.911510000000000042e-01 -6.310939999999999606e-02 1.167730000000000018e-01 -2.021930000000000116e-01 7.519439999999999458e-02 9.919219999999999704e-01 -1.021589999999999998e-01 2.969360000000000055e-02 -1.093829999999999941e-01 1.100359999999999949e-01 9.878900000000000459e-01 -1.363220000000000057e-03
9.899940000000000406e-01 -6.786689999999999390e-02 1.237199999999999966e-01 -2.072700000000000098e-01 8.119759999999999478e-02 9.910349999999999993e-01 -1.061010000000000009e-01 2.930369999999999850e-02 -1.154099999999999987e-01 1.150850000000000067e-01 9.866289999999999782e-01 1.000290000000000033e-03
9.886310000000000375e-01 -7.417239999999999944e-02 1.307969999999999966e-01 -2.113579999999999903e-01 8.875170000000000281e-02 9.900269999999999904e-01 -1.094060000000000032e-01 3.006920000000000079e-02 -1.213779999999999998e-01 1.197700000000000015e-01 9.853539999999999521e-01 3.188120000000000016e-03
9.873239999999999794e-01 -7.908379999999999577e-02 1.376130000000000131e-01 -2.147699999999999887e-01 9.461780000000000190e-02 9.893880000000000452e-01 -1.102640000000000009e-01 3.180779999999999719e-02 -1.274329999999999907e-01 1.218869999999999953e-01 9.843290000000000095e-01 4.955180000000000001e-03
9.859130000000000393e-01 -8.071480000000000321e-02 1.464930000000000121e-01 -2.203160000000000118e-01 9.731529999999999347e-02 9.891640000000000432e-01 -1.099330000000000029e-01 3.045780000000000015e-02 -1.360319999999999863e-01 1.226399999999999990e-01 9.830839999999999579e-01 6.265539999999999998e-03
9.842959999999999487e-01 -8.252220000000000388e-02 1.560519999999999963e-01 -2.267010000000000136e-01 1.008629999999999943e-01 9.884039999999999493e-01 -1.135110000000000008e-01 3.062439999999999954e-02 -1.448750000000000038e-01 1.274679999999999980e-01 9.812049999999999939e-01 6.442609999999999656e-03
9.828580000000000094e-01 -8.394340000000000135e-02 1.641450000000000131e-01 -2.327150000000000052e-01 1.034209999999999990e-01 9.880879999999999663e-01 -1.139550000000000007e-01 3.111360000000000167e-02 -1.526240000000000097e-01 1.289770000000000083e-01 9.798320000000000363e-01 5.121289999999999697e-03
9.814140000000000086e-01 -8.106420000000000292e-02 1.739420000000000133e-01 -2.406119999999999925e-01 1.016529999999999934e-01 9.883910000000000196e-01 -1.129140000000000005e-01 3.027739999999999945e-02 -1.627689999999999970e-01 1.284970000000000001e-01 9.782610000000000472e-01 4.801620000000000367e-03
9.804450000000000109e-01 -8.212440000000000018e-02 1.788399999999999990e-01 -2.454129999999999923e-01 1.037349999999999939e-01 9.879299999999999748e-01 -1.150370000000000004e-01 3.028609999999999983e-02 -1.672339999999999938e-01 1.313400000000000123e-01 9.771300000000000541e-01 1.957579999999999997e-03
9.789430000000000076e-01 -8.686280000000000390e-02 1.847310000000000063e-01 -2.527699999999999947e-01 1.095020000000000021e-01 9.871839999999999504e-01 -1.160950000000000037e-01 3.161300000000000221e-02 -1.722789999999999877e-01 1.338789999999999980e-01 9.759079999999999977e-01 7.877490000000000230e-04
9.774869999999999948e-01 -9.042640000000000400e-02 1.906380000000000019e-01 -2.616760000000000197e-01 1.135670000000000013e-01 9.869489999999999652e-01 -1.141650000000000026e-01 3.152080000000000159e-02 -1.778270000000000128e-01 1.332450000000000023e-01 9.749989999999999490e-01 -1.713619999999999900e-03
9.762910000000000199e-01 -9.293510000000000659e-02 1.954960000000000031e-01 -2.695199999999999818e-01 1.164199999999999957e-01 9.868339999999999890e-01 -1.122699999999999948e-01 3.110689999999999983e-02 -1.824890000000000123e-01 1.323680000000000134e-01 9.742570000000000396e-01 -3.701850000000000019e-03
9.754239999999999577e-01 -9.352199999999999402e-02 1.995030000000000137e-01 -2.771540000000000115e-01 1.177419999999999994e-01 9.865720000000000045e-01 -1.131920000000000009e-01 3.273680000000000340e-02 -1.862379999999999869e-01 1.338999999999999913e-01 9.733380000000000365e-01 -5.668979999999999679e-03
9.745639999999999858e-01 -9.196050000000000058e-02 2.043740000000000001e-01 -2.853640000000000065e-01 1.163379999999999970e-01 9.870280000000000165e-01 -1.106359999999999982e-01 3.300310000000000049e-02 -1.915489999999999970e-01 1.315979999999999928e-01 9.726209999999999578e-01 -5.022559999999999698e-03
9.737339999999999884e-01 -8.874289999999999956e-02 2.096810000000000063e-01 -2.935769999999999769e-01 1.136120000000000047e-01 9.874519999999999964e-01 -1.096820000000000017e-01 3.299760000000000193e-02 -1.973169999999999924e-01 1.306239999999999901e-01 9.715979999999999617e-01 -6.776960000000000275e-03
9.729710000000000303e-01 -8.638379999999999670e-02 2.141629999999999923e-01 -3.004589999999999761e-01 1.124649999999999955e-01 9.872400000000000064e-01 -1.127340000000000009e-01 3.323419999999999846e-02 -2.016920000000000102e-01 1.337730000000000030e-01 9.702709999999999946e-01 -6.643930000000000148e-03
9.718470000000000164e-01 -8.311490000000000544e-02 2.204669999999999963e-01 -3.097050000000000081e-01 1.111859999999999932e-01 9.867550000000000487e-01 -1.181200000000000028e-01 3.538700000000000179e-02 -2.077299999999999980e-01 1.393069999999999864e-01 9.682159999999999656e-01 -6.816260000000000201e-03
9.705629999999999535e-01 -8.162590000000000123e-02 2.265929999999999889e-01 -3.149179999999999757e-01 1.108449999999999991e-01 9.866439999999999655e-01 -1.193629999999999969e-01 3.704380000000000173e-02 -2.138230000000000131e-01 1.409660000000000080e-01 9.666479999999999517e-01 -5.291810000000000090e-03
9.692520000000000024e-01 -8.040740000000000387e-02 2.325629999999999920e-01 -3.184850000000000181e-01 1.111199999999999966e-01 9.862760000000000415e-01 -1.221170000000000033e-01 3.718359999999999721e-02 -2.195519999999999972e-01 1.442049999999999998e-01 9.648839999999999639e-01 -2.101700000000000183e-03
9.675230000000000219e-01 -7.866059999999999719e-02 2.402310000000000001e-01 -3.240469999999999740e-01 1.123419999999999974e-01 9.851440000000000197e-01 -1.298829999999999985e-01 3.677310000000000301e-02 -2.264460000000000084e-01 1.526530000000000109e-01 9.619870000000000365e-01 -1.516189999999999996e-04
9.657559999999999478e-01 -7.835050000000000348e-02 2.473390000000000033e-01 -3.315379999999999994e-01 1.153320000000000040e-01 9.835890000000000466e-01 -1.387500000000000122e-01 3.645999999999999935e-02 -2.324090000000000045e-01 1.625240000000000018e-01 9.589429999999999898e-01 -5.611019999999999550e-04
9.639680000000000470e-01 -7.968749999999999445e-02 2.538039999999999741e-01 -3.417029999999999790e-01 1.191129999999999967e-01 9.823889999999999567e-01 -1.439570000000000016e-01 3.618590000000000001e-02 -2.378629999999999911e-01 1.690010000000000123e-01 9.564829999999999721e-01 -3.862060000000000059e-03
9.634059999999999846e-01 -8.169110000000000260e-02 2.552960000000000229e-01 -3.488439999999999874e-01 1.220720000000000000e-01 9.816420000000000146e-01 -1.465490000000000126e-01 3.782540000000000208e-02 -2.386379999999999890e-01 1.723510000000000042e-01 9.556919999999999860e-01 -4.777159999999999913e-03
9.629010000000000069e-01 -8.320329999999999393e-02 2.567090000000000205e-01 -3.562919999999999976e-01 1.241669999999999996e-01 9.812039999999999651e-01 -1.477189999999999892e-01 3.746879999999999655e-02 -2.395940000000000014e-01 1.741129999999999900e-01 9.551330000000000098e-01 -4.221270000000000057e-03
9.629529999999999479e-01 -8.334769999999999679e-02 2.564670000000000005e-01 -3.612819999999999920e-01 1.255239999999999967e-01 9.802629999999999955e-01 -1.527350000000000096e-01 3.906459999999999794e-02 -2.386749999999999983e-01 1.792700000000000127e-01 9.544089999999999518e-01 -3.972230000000000205e-03
9.629450000000000509e-01 -8.173239999999999672e-02 2.570160000000000222e-01 -3.673520000000000119e-01 1.244249999999999939e-01 9.801290000000000280e-01 -1.544879999999999864e-01 4.034850000000000242e-02 -2.392819999999999947e-01 1.807420000000000138e-01 9.539790000000000214e-01 -3.957279999999999652e-03
9.630959999999999521e-01 -8.101750000000000618e-02 2.566760000000000153e-01 -3.725120000000000098e-01 1.237960000000000033e-01 9.801050000000000040e-01 -1.551440000000000041e-01 4.250450000000000061e-02 -2.389999999999999902e-01 1.811939999999999940e-01 9.539640000000000342e-01 -3.062449999999999981e-03
9.629510000000000014e-01 -7.944020000000000248e-02 2.577119999999999966e-01 -3.789330000000000198e-01 1.223360000000000003e-01 9.803220000000000267e-01 -1.549270000000000092e-01 4.395400000000000001e-02 -2.403329999999999911e-01 1.807140000000000135e-01 9.537200000000000122e-01 -4.501459999999999663e-03
9.628659999999999997e-01 -7.451299999999999590e-02 2.594929999999999737e-01 -3.854179999999999828e-01 1.186519999999999936e-01 9.801530000000000520e-01 -1.588160000000000127e-01 4.506170000000000314e-02 -2.425090000000000023e-01 1.837080000000000102e-01 9.525970000000000271e-01 -5.490649999999999697e-03
9.625129999999999519e-01 -7.263219999999999399e-02 2.613309999999999800e-01 -3.861080000000000068e-01 1.186340000000000033e-01 9.791659999999999808e-01 -1.648020000000000040e-01 4.498420000000000196e-02 -2.439159999999999939e-01 1.896269999999999900e-01 9.510760000000000325e-01 -5.724130000000000017e-03
9.614009999999999501e-01 -6.942360000000000197e-02 2.662479999999999847e-01 -3.895020000000000149e-01 1.187209999999999932e-01 9.776010000000000533e-01 -1.737849999999999950e-01 4.852179999999999688e-02 -2.482189999999999952e-01 1.986860000000000015e-01 9.481089999999999796e-01 -4.460119999999999710e-03
9.600360000000000005e-01 -6.759729999999999905e-02 2.715910000000000268e-01 -3.933630000000000182e-01 1.193980000000000041e-01 9.765789999999999749e-01 -1.789920000000000122e-01 5.084700000000000331e-02 -2.531300000000000217e-01 2.042660000000000031e-01 9.456219999999999626e-01 -3.796369999999999866e-03
9.591699999999999671e-01 -6.757340000000000568e-02 2.746390000000000220e-01 -3.985339999999999994e-01 1.203359999999999985e-01 9.762659999999999672e-01 -1.800670000000000048e-01 5.290920000000000345e-02 -2.559529999999999861e-01 2.057640000000000025e-01 9.445369999999999600e-01 -7.873259999999999981e-03
9.583230000000000359e-01 -6.823859999999999648e-02 2.774159999999999959e-01 -4.034789999999999766e-01 1.216779999999999945e-01 9.760680000000000467e-01 -1.802390000000000103e-01 5.578700000000000325e-02 -2.584770000000000123e-01 2.064829999999999999e-01 9.436919999999999753e-01 -1.145129999999999933e-02
9.582819999999999672e-01 -6.817800000000000249e-02 2.775730000000000142e-01 -4.063539999999999930e-01 1.214469999999999994e-01 9.762340000000000462e-01 -1.794939999999999869e-01 5.848880000000000051e-02 -2.587389999999999968e-01 2.057170000000000110e-01 9.437870000000000426e-01 -1.496849999999999917e-02
9.580429999999999779e-01 -6.682470000000000077e-02 2.787270000000000025e-01 -4.096290000000000209e-01 1.199169999999999958e-01 9.766930000000000334e-01 -1.780200000000000116e-01 6.127799999999999914e-02 -2.603340000000000098e-01 2.039749999999999897e-01 9.437269999999999825e-01 -1.728499999999999828e-02
9.574829999999999730e-01 -6.455080000000000540e-02 2.811750000000000083e-01 -4.143910000000000093e-01 1.175660000000000038e-01 9.773500000000000520e-01 -1.759709999999999885e-01 6.456739999999999702e-02 -2.634469999999999867e-01 2.015460000000000029e-01 9.433850000000000291e-01 -2.002649999999999916e-02
9.569649999999999546e-01 -6.615089999999999859e-02 2.825630000000000086e-01 -4.167179999999999773e-01 1.193899999999999961e-01 9.772009999999999863e-01 -1.755680000000000018e-01 6.707820000000000449e-02 -2.645069999999999921e-01 2.017480000000000107e-01 9.430450000000000221e-01 -2.201310000000000072e-02
9.566400000000000459e-01 -6.452449999999999852e-02 2.840349999999999819e-01 -4.179860000000000242e-01 1.183300000000000046e-01 9.771509999999999918e-01 -1.765589999999999937e-01 7.193710000000000382e-02 -2.661529999999999729e-01 2.025129999999999986e-01 9.424179999999999779e-01 -2.319680000000000006e-02
9.559220000000000494e-01 -6.385720000000000285e-02 2.865909999999999846e-01 -4.229510000000000214e-01 1.175940000000000041e-01 9.776270000000000238e-01 -1.744020000000000015e-01 7.449450000000000516e-02 -2.690429999999999766e-01 2.004170000000000118e-01 9.420450000000000212e-01 -2.822200000000000056e-02
9.554139999999999855e-01 -6.499960000000000460e-02 2.880269999999999775e-01 -4.257469999999999866e-01 1.185589999999999977e-01 9.778299999999999770e-01 -1.726030000000000064e-01 7.786360000000000503e-02 -2.704230000000000245e-01 1.990560000000000107e-01 9.419389999999999707e-01 -3.331039999999999696e-02
9.551619999999999555e-01 -6.614780000000000659e-02 2.886000000000000232e-01 -4.306429999999999980e-01 1.192870000000000041e-01 9.780900000000000150e-01 -1.706179999999999919e-01 8.058150000000000035e-02 -2.709900000000000087e-01 1.973939999999999861e-01 9.421249999999999902e-01 -4.013080000000000119e-02
9.549800000000000511e-01 -7.025570000000000426e-02 2.882299999999999862e-01 -4.353529999999999900e-01 1.234900000000000025e-01 9.775220000000000020e-01 -1.708850000000000091e-01 8.324979999999999880e-02 -2.697450000000000125e-01 1.987859999999999905e-01 9.421899999999999720e-01 -4.667720000000000202e-02
9.549530000000000518e-01 -7.134759999999999713e-02 2.880519999999999747e-01 -4.415740000000000220e-01 1.249470000000000025e-01 9.771050000000000013e-01 -1.722049999999999970e-01 8.764769999999999506e-02 -2.691709999999999936e-01 2.004390000000000061e-01 9.420039999999999525e-01 -5.272389999999999716e-02
9.552760000000000140e-01 -6.988629999999999842e-02 2.873370000000000091e-01 -4.462570000000000148e-01 1.232550000000000034e-01 9.773450000000000193e-01 -1.720609999999999917e-01 9.218229999999999480e-02 -2.688030000000000141e-01 1.997819999999999874e-01 9.422490000000000032e-01 -5.882899999999999935e-02
9.554479999999999640e-01 -6.493889999999999385e-02 2.879280000000000173e-01 -4.506169999999999898e-01 1.172310000000000019e-01 9.787460000000000049e-01 -1.682680000000000009e-01 9.601369999999999350e-02 -2.708820000000000117e-01 1.945250000000000035e-01 9.427529999999999522e-01 -6.390849999999999309e-02
9.553880000000000150e-01 -5.990100000000000285e-02 2.892149999999999999e-01 -4.529329999999999745e-01 1.119819999999999982e-01 9.795709999999999695e-01 -1.670369999999999910e-01 9.905360000000000553e-02 -2.733010000000000161e-01 1.919720000000000037e-01 9.425780000000000269e-01 -6.753549999999999831e-02
9.554749999999999632e-01 -5.318490000000000023e-02 2.902379999999999960e-01 -4.558019999999999849e-01 1.062530000000000002e-01 9.796519999999999673e-01 -1.702730000000000077e-01 1.031510000000000066e-01 -2.752760000000000207e-01 1.935310000000000086e-01 9.416839999999999655e-01 -7.316380000000000106e-02
