1.000000000000000000e+00 -2.150259999999999955e-24 -5.630189999999999919e-24 8.808810000000000158e-24 2.150259999999999955e-24 1.000000000000000000e+00 -3.263090000000000101e-24 -2.640790000000000118e-24 5.630189999999999919e-24 3.263090000000000101e-24 1.000000000000000000e+00 1.020110000000000078e-24
9.999940000000000495e-01 -1.850059999999999942e-03 -2.899909999999999901e-03 1.669069999999999929e-03 1.842260000000000078e-03 9.999949999999999672e-01 -2.692250000000000199e-03 4.628389999999999913e-04 2.904869999999999935e-03 2.686889999999999938e-03 9.999919999999999920e-01 1.055879999999999926e-03
9.999860000000000415e-01 -3.641590000000000105e-03 -3.872940000000000063e-03 2.885690000000000217e-03 3.632370000000000217e-03 9.999909999999999632e-01 -2.385850000000000123e-03 1.715310000000000055e-03 3.881589999999999867e-03 2.371750000000000160e-03 9.999900000000000455e-01 -4.811869999999999993e-04
9.999949999999999672e-01 -2.662879999999999848e-03 -1.972160000000000146e-03 1.363199999999999959e-03 2.663860000000000099e-03 9.999959999999999960e-01 4.974460000000000210e-04 2.817710000000000180e-03 1.970829999999999804e-03 -5.026969999999999746e-04 9.999980000000000535e-01 -5.456960000000000283e-04
9.999900000000000455e-01 -3.858599999999999790e-03 -2.118520000000000039e-03 2.746510000000000184e-03 3.864129999999999909e-03 9.999890000000000168e-01 2.614510000000000011e-03 1.021930000000000104e-03 2.108399999999999858e-03 -2.622670000000000123e-03 9.999940000000000495e-01 4.773840000000000223e-04
9.999909999999999632e-01 -3.496019999999999857e-03 -2.371160000000000195e-03 1.984220000000000081e-03 3.495830000000000118e-03 9.999940000000000495e-01 -8.374670000000000237e-05 2.072850000000000213e-03 2.371439999999999833e-03 7.545669999999999873e-05 9.999970000000000248e-01 -3.412509999999999892e-04
9.999770000000000048e-01 -5.483589999999999992e-03 -4.046680000000000416e-03 3.000399999999999855e-03 5.473379999999999912e-03 9.999820000000000375e-01 -2.530039999999999893e-03 3.098329999999999834e-03 4.060479999999999992e-03 2.507839999999999896e-03 9.999890000000000168e-01 -3.298420000000000041e-04
9.999759999999999760e-01 -6.099809999999999781e-03 -3.268749999999999954e-03 2.277920000000000118e-03 6.090860000000000024e-03 9.999780000000000335e-01 -2.739450000000000045e-03 2.685310000000000214e-03 3.285390000000000012e-03 2.719479999999999814e-03 9.999909999999999632e-01 -8.719500000000000254e-04
9.999719999999999720e-01 -6.932119999999999949e-03 -2.790760000000000202e-03 2.424630000000000101e-03 6.927509999999999571e-03 9.999749999999999472e-01 -1.657400000000000062e-03 2.308080000000000114e-03 2.802180000000000035e-03 1.638029999999999955e-03 9.999949999999999672e-01 -8.159670000000000161e-04
9.999580000000000135e-01 -8.796270000000000130e-03 -2.642149999999999794e-03 3.157810000000000044e-03 8.790579999999999228e-03 9.999590000000000423e-01 -2.160769999999999792e-03 2.817769999999999823e-03 2.661049999999999874e-03 2.137449999999999940e-03 9.999940000000000495e-01 -1.543410000000000051e-04
9.999710000000000543e-01 -7.441569999999999782e-03 -1.885799999999999976e-03 4.400130000000000360e-03 7.433150000000000347e-03 9.999630000000000463e-01 -4.434229999999999942e-03 4.098970000000000391e-03 1.918730000000000002e-03 4.420079999999999842e-03 9.999879999999999880e-01 1.322290000000000054e-03
9.999630000000000463e-01 -7.764479999999999819e-03 -3.700600000000000070e-03 5.719769999999999889e-03 7.744820000000000350e-03 9.999559999999999560e-01 -5.298390000000000044e-03 5.128540000000000008e-03 3.741579999999999993e-03 5.269529999999999700e-03 9.999789999999999512e-01 9.689889999999999615e-04
9.999700000000000255e-01 -6.875479999999999786e-03 -3.571649999999999998e-03 6.955369999999999782e-03 6.852010000000000392e-03 9.999550000000000383e-01 -6.544430000000000386e-03 5.266110000000000062e-03 3.616489999999999982e-03 6.519760000000000312e-03 9.999719999999999720e-01 5.587899999999999812e-04
9.999810000000000088e-01 -5.741679999999999874e-03 -2.410779999999999954e-03 7.984170000000000503e-03 5.717589999999999825e-03 9.999350000000000183e-01 -9.885009999999999630e-03 4.544669999999999786e-03 2.467379999999999921e-03 9.871029999999999388e-03 9.999479999999999480e-01 2.065510000000000002e-03
9.999799999999999800e-01 -6.262969999999999648e-03 -5.136710000000000494e-04 7.994390000000000523e-03 6.253850000000000034e-03 9.998500000000000165e-01 -1.616350000000000078e-02 4.567759999999999702e-03 6.148250000000000503e-04 1.616000000000000075e-02 9.998690000000000078e-01 2.685589999999999852e-03
9.999780000000000335e-01 -6.656020000000000339e-03 7.984559999999999325e-05 8.527200000000000404e-03 6.656269999999999722e-03 9.997709999999999653e-01 -2.033650000000000041e-02 8.516249999999999515e-03 5.553309999999999860e-05 2.033659999999999982e-02 9.997930000000000428e-01 3.124599999999999947e-03
9.999919999999999920e-01 -3.872360000000000038e-03 8.499789999999999473e-04 9.815809999999999466e-03 3.885379999999999910e-03 9.998660000000000325e-01 -1.589749999999999844e-02 1.005930000000000019e-02 -7.883039999999999796e-04 1.590060000000000084e-02 9.998730000000000118e-01 3.139789999999999942e-03
9.999919999999999920e-01 -3.639229999999999809e-03 1.430199999999999961e-03 1.129140000000000005e-02 3.655149999999999805e-03 9.999299999999999855e-01 -1.129029999999999964e-02 9.893390000000000170e-03 -1.389009999999999984e-03 1.129549999999999998e-02 9.999350000000000183e-01 4.133210000000000009e-03
9.999890000000000168e-01 -2.406210000000000206e-03 3.933159999999999781e-03 1.019819999999999928e-02 2.451120000000000208e-03 9.999310000000000143e-01 -1.145260000000000028e-02 9.665659999999999530e-03 -3.905340000000000200e-03 1.146209999999999937e-02 9.999270000000000103e-01 3.203329999999999893e-03
9.999930000000000208e-01 -1.053370000000000088e-03 3.501660000000000189e-03 1.093429999999999923e-02 1.096570000000000053e-03 9.999230000000000063e-01 -1.235860000000000083e-02 1.013290000000000024e-02 -3.488380000000000127e-03 1.236240000000000082e-02 9.999169999999999447e-01 1.765089999999999975e-03
9.999879999999999880e-01 -1.689549999999999949e-03 4.504079999999999716e-03 9.768749999999999656e-03 1.742939999999999897e-03 9.999280000000000390e-01 -1.187539999999999950e-02 1.062440000000000086e-02 -4.483690000000000245e-03 1.188320000000000001e-02 9.999190000000000023e-01 1.333919999999999941e-03
9.999970000000000248e-01 -2.172059999999999963e-03 1.194640000000000068e-03 1.111840000000000050e-02 2.186640000000000111e-03 9.999209999999999487e-01 -1.234619999999999988e-02 1.056840000000000036e-02 -1.167730000000000070e-03 1.234870000000000065e-02 9.999230000000000063e-01 2.658970000000000083e-03
9.999930000000000208e-01 -3.656389999999999814e-03 -4.380219999999999882e-04 1.081930000000000044e-02 3.650599999999999939e-03 9.999139999999999695e-01 -1.256610000000000019e-02 1.060479999999999930e-02 4.839309999999999987e-04 1.256439999999999987e-02 9.999209999999999487e-01 4.558809999999999946e-03
9.999839999999999840e-01 -5.268990000000000305e-03 -2.055969999999999846e-03 1.130989999999999947e-02 5.242600000000000038e-03 9.999059999999999615e-01 -1.263470000000000044e-02 1.242870000000000086e-02 2.122349999999999844e-03 1.262369999999999985e-02 9.999179999999999735e-01 5.357179999999999581e-03
9.999799999999999800e-01 -5.787650000000000086e-03 -2.634889999999999975e-03 1.014480000000000069e-02 5.759679999999999661e-03 9.999280000000000390e-01 -1.050189999999999978e-02 1.305899999999999943e-02 2.695480000000000098e-03 1.048649999999999929e-02 9.999409999999999688e-01 6.297200000000000193e-03
9.999949999999999672e-01 -4.747829999999999976e-04 -2.962699999999999969e-03 7.153989999999999828e-03 4.427349999999999819e-04 9.999409999999999688e-01 -1.080850000000000040e-02 1.200209999999999992e-02 2.967660000000000003e-03 1.080710000000000004e-02 9.999369999999999647e-01 7.333199999999999788e-03
9.999689999999999968e-01 2.689829999999999825e-03 -7.361359999999999952e-03 7.166829999999999902e-03 -2.796299999999999827e-03 9.998909999999999743e-01 -1.449169999999999972e-02 1.192000000000000004e-02 7.321580000000000275e-03 1.451189999999999945e-02 9.998679999999999790e-01 8.959369999999999487e-03
9.999460000000000015e-01 5.349239999999999898e-03 -8.956369999999999956e-03 6.022940000000000065e-03 -5.478270000000000362e-03 9.998810000000000198e-01 -1.444510000000000065e-02 1.203000000000000076e-02 8.878030000000000296e-03 1.449340000000000003e-02 9.998559999999999670e-01 7.271620000000000340e-03
9.999209999999999487e-01 6.090860000000000024e-03 -1.098320000000000025e-02 6.580080000000000304e-03 -6.241189999999999759e-03 9.998869999999999703e-01 -1.370530000000000012e-02 1.195509999999999975e-02 1.089850000000000020e-02 1.377279999999999997e-02 9.998460000000000125e-01 9.757870000000000085e-03
9.999219999999999775e-01 7.836900000000000810e-03 -9.775570000000000787e-03 4.260390000000000184e-03 -7.986200000000000590e-03 9.998510000000000453e-01 -1.532820000000000016e-02 1.196690000000000080e-02 9.653989999999999447e-03 1.540500000000000029e-02 9.998350000000000293e-01 1.060430000000000053e-02
9.999160000000000270e-01 7.680600000000000101e-03 -1.041219999999999993e-02 3.344569999999999835e-03 -7.855140000000000039e-03 9.998280000000000500e-01 -1.682720000000000049e-02 1.315840000000000065e-02 1.028120000000000075e-02 1.690759999999999832e-02 9.998040000000000260e-01 1.165539999999999979e-02
9.999050000000000438e-01 7.496380000000000404e-03 -1.159619999999999922e-02 2.830519999999999998e-03 -7.687730000000000258e-03 9.998340000000000005e-01 -1.654469999999999899e-02 1.394130000000000022e-02 1.147029999999999925e-02 1.663229999999999917e-02 9.997960000000000180e-01 1.369869999999999942e-02
9.999169999999999447e-01 8.868799999999999600e-03 -9.337349999999999470e-03 -5.547430000000000113e-04 -8.999570000000000139e-03 9.998609999999999998e-01 -1.405769999999999936e-02 1.381119999999999917e-02 9.211379999999999915e-03 1.414059999999999970e-02 9.998580000000000245e-01 1.177989999999999940e-02
9.998829999999999663e-01 1.135650000000000028e-02 -1.026230000000000024e-02 -1.533220000000000069e-03 -1.148539999999999978e-02 9.998550000000000493e-01 -1.259140000000000086e-02 1.417979999999999935e-02 1.011779999999999971e-02 1.270780000000000000e-02 9.998679999999999790e-01 1.363870000000000013e-02
9.998879999999999990e-01 1.264080000000000065e-02 -8.007230000000000597e-03 -4.524580000000000268e-03 -1.272809999999999914e-02 9.998590000000000533e-01 -1.094069999999999938e-02 1.384140000000000023e-02 7.867799999999999447e-03 1.104139999999999983e-02 9.999080000000000190e-01 1.323180000000000016e-02
9.998869999999999703e-01 1.394989999999999945e-02 -5.527709999999999915e-03 -6.804069999999999736e-03 -1.401640000000000004e-02 9.998280000000000500e-01 -1.217110000000000067e-02 1.282879999999999958e-02 5.356969999999999961e-03 1.224719999999999975e-02 9.999109999999999943e-01 1.331539999999999981e-02
9.999099999999999655e-01 1.306270000000000001e-02 -2.924889999999999868e-03 -1.116089999999999964e-02 -1.310620000000000014e-02 9.997960000000000180e-01 -1.539590000000000056e-02 1.093170000000000079e-02 2.723179999999999958e-03 1.543279999999999999e-02 9.998770000000000158e-01 1.320170000000000024e-02
9.999320000000000430e-01 1.124050000000000049e-02 -3.225290000000000015e-03 -1.401260000000000006e-02 -1.130190000000000014e-02 9.997430000000000483e-01 -1.967450000000000102e-02 9.719159999999999258e-03 3.003299999999999980e-03 1.970970000000000014e-02 9.998010000000000508e-01 1.200370000000000083e-02
9.999630000000000463e-01 7.886109999999999995e-03 -3.554799999999999887e-03 -1.649279999999999843e-02 -7.971129999999999882e-03 9.996660000000000545e-01 -2.457219999999999890e-02 9.734390000000000751e-03 3.359829999999999848e-03 2.459959999999999924e-02 9.996920000000000250e-01 1.137149999999999966e-02
9.999959999999999960e-01 1.792160000000000107e-03 -2.355869999999999926e-03 -1.975379999999999844e-02 -1.861929999999999922e-03 9.995500000000000496e-01 -2.995300000000000046e-02 9.336799999999999267e-03 2.301130000000000189e-03 2.995719999999999980e-02 9.995490000000000208e-01 9.228659999999999641e-03
9.999989999999999712e-01 -1.027970000000000012e-03 -4.628449999999999774e-04 -2.334960000000000160e-02 1.010730000000000049e-03 9.993579999999999686e-01 -3.581220000000000236e-02 9.985469999999999763e-03 4.993620000000000480e-04 3.581170000000000186e-02 9.993579999999999686e-01 8.242670000000000552e-03
9.999940000000000495e-01 -3.238889999999999911e-03 -1.186039999999999968e-03 -2.424060000000000104e-02 3.187399999999999956e-03 9.991499999999999826e-01 -4.110790000000000277e-02 1.278040000000000079e-02 1.318179999999999959e-03 4.110380000000000283e-02 9.991539999999999866e-01 9.390410000000000076e-03
9.999940000000000495e-01 -3.390830000000000059e-03 9.314220000000000008e-04 -2.697739999999999860e-02 3.428329999999999832e-03 9.990360000000000351e-01 -4.375489999999999935e-02 1.254680000000000031e-02 -7.821590000000000443e-04 4.375779999999999947e-02 9.990419999999999856e-01 9.304079999999999295e-03
9.999909999999999632e-01 -2.869299999999999976e-03 3.176140000000000040e-03 -2.915179999999999855e-02 3.019879999999999960e-03 9.988200000000000411e-01 -4.846919999999999701e-02 1.312619999999999933e-02 -3.033319999999999940e-03 4.847830000000000195e-02 9.988200000000000411e-01 7.739460000000000089e-03
9.999839999999999840e-01 -2.009729999999999937e-03 5.293159999999999879e-03 -2.998409999999999964e-02 2.292450000000000130e-03 9.985399999999999832e-01 -5.396100000000000202e-02 1.482980000000000062e-02 -5.176980000000000297e-03 5.397219999999999795e-02 9.985289999999999999e-01 7.405420000000000232e-03
9.999569999999999848e-01 -1.485350000000000082e-03 9.175030000000000685e-03 -3.340400000000000313e-02 1.984440000000000075e-03 9.985049999999999759e-01 -5.462870000000000226e-02 1.481009999999999965e-02 -9.080170000000000255e-03 5.464449999999999863e-02 9.984650000000000469e-01 5.099089999999999699e-03
9.999219999999999775e-01 4.991559999999999487e-04 1.249280000000000009e-02 -3.786239999999999745e-02 2.075400000000000085e-04 9.984020000000000117e-01 -5.650340000000000223e-02 1.528520000000000052e-02 -1.250099999999999996e-02 5.650159999999999905e-02 9.983239999999999892e-01 2.323809999999999938e-03
9.999240000000000350e-01 3.160039999999999811e-03 1.192099999999999931e-02 -4.053230000000000027e-02 -2.453930000000000000e-03 9.982670000000000154e-01 -5.878839999999999760e-02 1.509770000000000036e-02 -1.208610000000000066e-02 5.875469999999999998e-02 9.981989999999999474e-01 1.108899999999999903e-03
9.999040000000000150e-01 6.735109999999999882e-03 1.213619999999999977e-02 -4.342069999999999957e-02 -5.938129999999999797e-03 9.978970000000000340e-01 -6.455020000000000202e-02 1.683870000000000158e-02 -1.254539999999999995e-02 6.447189999999999865e-02 9.978409999999999780e-01 -2.085599999999999954e-03
9.998780000000000445e-01 8.883920000000000011e-03 1.286890000000000082e-02 -4.606670000000000209e-02 -7.966819999999999458e-03 9.975399999999999823e-01 -6.964280000000000470e-02 1.676220000000000140e-02 -1.345589999999999981e-02 6.953180000000000471e-02 9.974889999999999590e-01 -3.540100000000000018e-03
9.998660000000000325e-01 1.003979999999999977e-02 1.296130000000000025e-02 -4.742840000000000250e-02 -9.039770000000000791e-03 9.971400000000000263e-01 -7.503150000000000097e-02 1.595219999999999971e-02 -1.367750000000000042e-02 7.490420000000000411e-02 9.970970000000000111e-01 -6.855299999999999935e-03
9.998390000000000333e-01 1.070139999999999980e-02 1.439909999999999975e-02 -5.047399999999999803e-02 -9.482839999999999325e-03 9.965720000000000134e-01 -8.218499999999999417e-02 1.775360000000000132e-02 -1.522929999999999943e-02 8.203520000000000256e-02 9.965129999999999821e-01 -8.490420000000000258e-03
9.998299999999999965e-01 9.481220000000000273e-03 1.578550000000000092e-02 -5.232479999999999770e-02 -8.030320000000000513e-03 9.959489999999999732e-01 -8.956580000000000097e-02 2.028330000000000063e-02 -1.657080000000000011e-02 8.942390000000000061e-02 9.958559999999999635e-01 -8.865160000000000401e-03
9.998219999999999885e-01 7.815179999999999697e-03 1.718460000000000126e-02 -5.377649999999999791e-02 -6.224259999999999689e-03 9.958540000000000170e-01 -9.075679999999999858e-02 2.319859999999999978e-02 -1.782260000000000094e-02 9.063369999999999760e-02 9.957249999999999712e-01 -1.128340000000000072e-02
9.997610000000000108e-01 9.879310000000000522e-03 1.952639999999999931e-02 -5.528090000000000087e-02 -8.113169999999999410e-03 9.960390000000000077e-01 -8.854460000000000108e-02 2.469520000000000048e-02 -2.032389999999999891e-02 8.836489999999999623e-02 9.958810000000000162e-01 -1.178449999999999984e-02
9.996730000000000338e-01 1.274840000000000001e-02 2.215840000000000171e-02 -5.700380000000000030e-02 -1.075019999999999969e-02 9.960560000000000525e-01 -8.807049999999999601e-02 2.616109999999999963e-02 -2.319380000000000053e-02 8.780350000000000654e-02 9.958679999999999755e-01 -1.227100000000000066e-02
9.995920000000000361e-01 1.431050000000000030e-02 2.471009999999999873e-02 -5.955629999999999952e-02 -1.210190000000000050e-02 9.961060000000000469e-01 -8.732349999999999834e-02 2.593060000000000156e-02 -2.586360000000000048e-02 8.698889999999999401e-02 9.958730000000000082e-01 -1.410999999999999928e-02
9.995490000000000208e-01 1.426179999999999982e-02 2.643749999999999920e-02 -6.041849999999999998e-02 -1.188250000000000070e-02 9.960440000000000405e-01 -8.806650000000000589e-02 2.904839999999999853e-02 -2.758889999999999953e-02 8.771260000000000168e-02 9.957639999999999825e-01 -1.368519999999999980e-02
9.994129999999999958e-01 1.514659999999999965e-02 3.072439999999999893e-02 -6.439989999999999604e-02 -1.247460000000000062e-02 9.962720000000000464e-01 -8.536660000000000081e-02 2.930529999999999941e-02 -3.190289999999999793e-02 8.493320000000000036e-02 9.958759999999999835e-01 -1.553779999999999918e-02
9.993330000000000268e-01 1.431460000000000024e-02 3.360309999999999686e-02 -6.720249999999999835e-02 -1.144910000000000025e-02 9.964030000000000387e-01 -8.397010000000000585e-02 2.703020000000000075e-02 -3.468419999999999837e-02 8.352930000000000077e-02 9.959019999999999539e-01 -1.703479999999999925e-02
9.992900000000000116e-01 1.010890000000000052e-02 3.629999999999999893e-02 -6.909579999999999889e-02 -6.898210000000000106e-03 9.961400000000000254e-01 -8.750819999999999432e-02 2.744910000000000058e-02 -3.704439999999999816e-02 8.719570000000000098e-02 9.955019999999999980e-01 -1.649240000000000081e-02
9.992189999999999683e-01 8.022170000000000342e-03 3.867860000000000048e-02 -7.278320000000000622e-02 -4.556359999999999751e-03 9.960320000000000285e-01 -8.887430000000000330e-02 2.722549999999999970e-02 -3.923809999999999798e-02 8.862870000000000470e-02 9.952919999999999545e-01 -1.868919999999999956e-02
9.991449999999999498e-01 7.031049999999999627e-03 4.073899999999999744e-02 -7.573960000000000414e-02 -3.246900000000000047e-03 9.957329999999999792e-01 -9.221949999999999592e-02 2.794460000000000000e-02 -4.121360000000000301e-02 9.200840000000000407e-02 9.949050000000000393e-01 -1.748629999999999976e-02
9.990400000000000391e-01 2.669860000000000028e-03 4.373080000000000023e-02 -7.938109999999999611e-02 1.555490000000000084e-03 9.953509999999999858e-01 -9.630389999999999784e-02 2.794929999999999984e-02 -4.378459999999999991e-02 9.627950000000000397e-02 9.943910000000000249e-01 -1.934779999999999833e-02
9.989390000000000214e-01 -3.057490000000000164e-04 4.604620000000000241e-02 -8.368899999999999950e-02 4.785420000000000298e-03 9.952530000000000543e-01 -9.720779999999999699e-02 2.880680000000000046e-02 -4.579790000000000250e-02 9.732509999999999772e-02 9.941980000000000262e-01 -1.874719999999999859e-02
9.988299999999999956e-01 -2.953659999999999879e-03 4.826939999999999703e-02 -8.915140000000000564e-02 7.694160000000000235e-03 9.951250000000000373e-01 -9.832100000000000561e-02 2.837500000000000092e-02 -4.774359999999999715e-02 9.857739999999999558e-02 9.939829999999999499e-01 -1.918539999999999829e-02
9.987510000000000554e-01 -6.016269999999999778e-03 4.960300000000000126e-02 -9.268360000000000487e-02 1.092279999999999987e-02 9.950029999999999708e-01 -9.924679999999999613e-02 2.809539999999999954e-02 -4.875800000000000273e-02 9.966460000000000596e-02 9.938259999999999872e-01 -1.909320000000000114e-02
9.985300000000000287e-01 -1.091149999999999932e-02 5.309749999999999887e-02 -9.943140000000000311e-02 1.600489999999999899e-02 9.952069999999999528e-01 -9.646710000000000007e-02 2.575229999999999880e-02 -5.179040000000000032e-02 9.717499999999999749e-02 9.939189999999999969e-01 -2.297499999999999890e-02
9.983999999999999542e-01 -1.151379999999999938e-02 5.536989999999999967e-02 -1.036519999999999941e-01 1.679819999999999924e-02 9.952450000000000463e-01 -9.594070000000000376e-02 2.585310000000000039e-02 -5.400200000000000139e-02 9.671720000000000317e-02 9.938460000000000072e-01 -2.112539999999999904e-02
9.982090000000000130e-01 -1.262579999999999952e-02 5.847839999999999983e-02 -1.099799999999999944e-01 1.833289999999999920e-02 9.950069999999999748e-01 -9.810839999999999839e-02 2.555819999999999967e-02 -5.694769999999999693e-02 9.900480000000000391e-02 9.934560000000000057e-01 -2.142499999999999960e-02
9.979970000000000230e-01 -1.334680000000000068e-02 6.182979999999999726e-02 -1.168180000000000052e-01 1.930569999999999856e-02 9.951160000000000005e-01 -9.680460000000000453e-02 2.507020000000000082e-02 -6.023579999999999907e-02 9.780439999999999967e-02 9.933809999999999585e-01 -2.245180000000000092e-02
9.978169999999999540e-01 -1.640199999999999991e-02 6.397780000000000133e-02 -1.228670000000000040e-01 2.245429999999999995e-02 9.952180000000000470e-01 -9.505919999999999648e-02 2.394529999999999922e-02 -6.211269999999999986e-02 9.628820000000000434e-02 9.934140000000000192e-01 -2.295389999999999930e-02
9.975230000000000485e-01 -2.118959999999999941e-02 6.708050000000000124e-02 -1.308840000000000003e-01 2.761840000000000128e-02 9.949580000000000091e-01 -9.640980000000000383e-02 2.226039999999999963e-02 -6.469940000000000413e-02 9.802360000000000240e-02 9.930790000000000450e-01 -2.236329999999999915e-02
9.971339999999999648e-01 -2.718749999999999986e-02 7.059940000000000659e-02 -1.390579999999999872e-01 3.407910000000000106e-02 9.945709999999999829e-01 -9.832240000000000424e-02 2.309649999999999898e-02 -6.754300000000000581e-02 1.004469999999999946e-01 9.926469999999999461e-01 -2.277969999999999995e-02
9.967049999999999521e-01 -3.446049999999999808e-02 7.342369999999999453e-02 -1.466969999999999941e-01 4.150299999999999823e-02 9.944520000000000026e-01 -9.665700000000000680e-02 2.284270000000000050e-02 -6.968549999999999744e-02 9.938579999999999637e-02 9.926059999999999883e-01 -2.142749999999999863e-02
9.962290000000000312e-01 -4.111259999999999915e-02 7.640470000000000594e-02 -1.546740000000000059e-01 4.829800000000000065e-02 9.943330000000000224e-01 -9.471019999999999439e-02 2.305660000000000001e-02 -7.207790000000000030e-02 9.804319999999999702e-02 9.925690000000000346e-01 -2.006809999999999844e-02
9.956909999999999927e-01 -4.841510000000000258e-02 7.908779999999999977e-02 -1.621759999999999868e-01 5.568519999999999720e-02 9.941569999999999574e-01 -9.246680000000000177e-02 2.209679999999999978e-02 -7.414890000000000370e-02 9.647239999999999982e-02 9.925699999999999523e-01 -1.780380000000000157e-02
9.951769999999999783e-01 -5.042420000000000235e-02 8.414339999999999320e-02 -1.700160000000000005e-01 5.811770000000000130e-02 9.940949999999999509e-01 -9.164020000000000499e-02 2.259890000000000163e-02 -7.902570000000000427e-02 9.608840000000000436e-02 9.922309999999999741e-01 -1.737609999999999849e-02
9.944420000000000481e-01 -5.478530000000000205e-02 8.991430000000000256e-02 -1.769679999999999864e-01 6.298520000000000507e-02 9.938529999999999864e-01 -9.104929999999999968e-02 2.181030000000000121e-02 -8.437340000000000118e-02 9.620650000000000035e-02 9.917789999999999662e-01 -1.516550000000000016e-02
9.936099999999999932e-01 -5.714759999999999979e-02 9.732699999999999685e-02 -1.837080000000000102e-01 6.609139999999999460e-02 9.936279999999999557e-01 -9.129719999999999502e-02 2.184439999999999993e-02 -9.148939999999999850e-02 9.714630000000000487e-02 9.910560000000000480e-01 -1.355149999999999931e-02
9.927880000000000038e-01 -5.791290000000000326e-02 1.049670000000000047e-01 -1.911629999999999996e-01 6.753420000000000256e-02 9.935990000000000100e-01 -9.055130000000000123e-02 2.117799999999999891e-02 -9.905120000000000591e-02 9.698710000000000664e-02 9.903450000000000308e-01 -1.342220000000000045e-02
9.919090000000000407e-01 -6.057389999999999997e-02 1.115680000000000005e-01 -1.984019999999999950e-01 7.104850000000000054e-02 9.931809999999999805e-01 -9.243540000000000090e-02 2.089440000000000047e-02 -1.052079999999999960e-01 9.961419999999999997e-02 9.894490000000000229e-01 -1.222140000000000032e-02
9.909850000000000048e-01 -6.443780000000000341e-02 1.174560000000000048e-01 -2.042569999999999941e-01 7.577000000000000401e-02 9.926169999999999716e-01 -9.471609999999999752e-02 2.239450000000000121e-02 -1.104849999999999999e-01 1.027620000000000061e-01 9.885509999999999575e-01 -9.582369999999999777e-03
9.899959999999999871e-01 -7.064549999999999996e-02 1.221320000000000044e-01 -2.080839999999999912e-01 8.269219999999999349e-02 9.918860000000000454e-01 -9.655710000000000681e-02 2.302979999999999958e-02 -1.143200000000000049e-01 1.056909999999999933e-01 9.878059999999999619e-01 -6.657820000000000057e-03
9.890029999999999655e-01 -7.248889999999999501e-02 1.289150000000000018e-01 -2.132550000000000001e-01 8.577940000000000564e-02 9.912100000000000355e-01 -1.007200000000000040e-01 2.342270000000000116e-02 -1.204810000000000048e-01 1.106700000000000045e-01 9.865270000000000428e-01 -3.847220000000000154e-03
9.875969999999999471e-01 -7.528809999999999669e-02 1.377839999999999898e-01 -2.179659999999999931e-01 9.016000000000000403e-02 9.903680000000000261e-01 -1.050829999999999959e-01 2.626720000000000096e-02 -1.285459999999999936e-01 1.162019999999999997e-01 9.848719999999999697e-01 2.138440000000000132e-03
9.863870000000000138e-01 -8.272409999999999486e-02 1.421189999999999953e-01 -2.192709999999999937e-01 9.847659999999999747e-02 9.893009999999999859e-01 -1.076349999999999946e-01 2.866900000000000004e-02 -1.316940000000000055e-01 1.201649999999999940e-01 9.839799999999999658e-01 3.805189999999999961e-03
9.848069999999999879e-01 -8.535360000000000169e-02 1.512280000000000013e-01 -2.241889999999999994e-01 1.023919999999999969e-01 9.887860000000000538e-01 -1.087110000000000021e-01 2.816060000000000091e-02 -1.402539999999999898e-01 1.225440000000000002e-01 9.825030000000000152e-01 5.699530000000000395e-03
9.833260000000000334e-01 -8.729679999999999385e-02 1.595310000000000061e-01 -2.282279999999999864e-01 1.058759999999999979e-01 9.880600000000000493e-01 -1.119290000000000007e-01 2.815619999999999928e-02 -1.478549999999999864e-01 1.269530000000000103e-01 9.808270000000000044e-01 8.193670000000000120e-03
9.821090000000000098e-01 -8.811589999999999701e-02 1.664279999999999926e-01 -2.325369999999999937e-01 1.079279999999999962e-01 9.876000000000000334e-01 -1.140039999999999942e-01 3.032989999999999992e-02 -1.543190000000000117e-01 1.299269999999999869e-01 9.794410000000000061e-01 8.512570000000000553e-03
9.804899999999999727e-01 -8.867350000000000232e-02 1.754320000000000046e-01 -2.401649999999999896e-01 1.094210000000000044e-01 9.876260000000000039e-01 -1.123500000000000054e-01 2.873389999999999972e-02 -1.632979999999999987e-01 1.293539999999999968e-01 9.780600000000000405e-01 4.815759999999999659e-03
9.797129999999999450e-01 -8.904109999999999803e-02 1.795360000000000011e-01 -2.440420000000000089e-01 1.108299999999999980e-01 9.871379999999999599e-01 -1.152159999999999990e-01 2.916799999999999948e-02 -1.669680000000000053e-01 1.327760000000000051e-01 9.769809999999999883e-01 3.635259999999999967e-03
9.781959999999999544e-01 -9.402979999999999672e-02 1.851770000000000083e-01 -2.513850000000000251e-01 1.168779999999999958e-01 9.862790000000000168e-01 -1.165930000000000022e-01 3.034080000000000110e-02 -1.716729999999999923e-01 1.356940000000000091e-01 9.757639999999999647e-01 2.599479999999999933e-03
9.766970000000000374e-01 -9.831299999999999761e-02 1.907830000000000081e-01 -2.597419999999999729e-01 1.215299999999999991e-01 9.860130000000000283e-01 -1.140560000000000046e-01 2.981759999999999966e-02 -1.769010000000000027e-01 1.345840000000000092e-01 9.749839999999999618e-01 -7.171669999999999998e-04
9.752979999999999983e-01 -1.002050000000000024e-01 1.968600000000000072e-01 -2.699730000000000185e-01 1.238640000000000019e-01 9.859839999999999716e-01 -1.117729999999999974e-01 2.899569999999999925e-02 -1.829000000000000070e-01 1.333959999999999868e-01 9.740400000000000169e-01 -4.790879999999999965e-03
9.741549999999999931e-01 -1.020900000000000002e-01 2.014910000000000034e-01 -2.791710000000000025e-01 1.264859999999999873e-01 9.856089999999999574e-01 -1.121459999999999957e-01 2.960650000000000087e-02 -1.871430000000000038e-01 1.347329999999999917e-01 9.730490000000000528e-01 -6.010510000000000158e-03
9.734580000000000455e-01 -9.898500000000000354e-02 2.063510000000000066e-01 -2.875730000000000230e-01 1.234660000000000063e-01 9.863089999999999913e-01 -1.093230000000000035e-01 3.010579999999999853e-02 -1.927039999999999864e-01 1.318979999999999875e-01 9.723519999999999941e-01 -7.402340000000000308e-03
9.727700000000000236e-01 -9.580470000000000652e-02 2.110430000000000084e-01 -2.944060000000000010e-01 1.206740000000000035e-01 9.867690000000000072e-01 -1.082779999999999992e-01 3.004739999999999842e-02 -1.978769999999999973e-01 1.307969999999999966e-01 9.714610000000000190e-01 -7.598360000000000183e-03
9.720389999999999864e-01 -9.283299999999999885e-02 2.156899999999999928e-01 -3.020070000000000254e-01 1.189739999999999964e-01 9.866129999999999622e-01 -1.115359999999999963e-01 3.011780000000000013e-02 -2.024479999999999891e-01 1.340790000000000037e-01 9.700710000000000166e-01 -9.569390000000000535e-03
9.710600000000000342e-01 -9.119480000000000641e-02 2.207409999999999928e-01 -3.090330000000000021e-01 1.186579999999999996e-01 9.863100000000000200e-01 -1.145120000000000027e-01 3.015179999999999944e-02 -2.072759999999999880e-01 1.373900000000000121e-01 9.685869999999999758e-01 -9.928269999999999457e-03
9.700999999999999623e-01 -8.884620000000000017e-02 2.258600000000000052e-01 -3.135040000000000049e-01 1.174339999999999967e-01 9.862309999999999688e-01 -1.164420000000000038e-01 3.265740000000000309e-02 -2.124050000000000105e-01 1.394839999999999969e-01 9.671750000000000069e-01 -9.242699999999999527e-03
9.686069999999999958e-01 -8.659479999999999955e-02 2.330270000000000119e-01 -3.181570000000000231e-01 1.167740000000000028e-01 9.860060000000000491e-01 -1.189769999999999994e-01 3.279599999999999876e-02 -2.194629999999999914e-01 1.424529999999999963e-01 9.651650000000000507e-01 -7.741689999999999856e-03
9.670600000000000307e-01 -8.410529999999999395e-02 2.402529999999999943e-01 -3.223019999999999774e-01 1.174049999999999955e-01 9.848240000000000327e-01 -1.278169999999999862e-01 3.355299999999999949e-02 -2.258570000000000022e-01 1.518130000000000035e-01 9.622589999999999755e-01 -3.356829999999999883e-03
9.656500000000000083e-01 -8.318799999999999806e-02 2.461710000000000009e-01 -3.278159999999999963e-01 1.197290000000000021e-01 9.832549999999999901e-01 -1.373880000000000101e-01 3.399459999999999982e-02 -2.306199999999999917e-01 1.621430000000000093e-01 9.594390000000000418e-01 -2.430470000000000113e-03
9.639739999999999975e-01 -8.364159999999999651e-02 2.525020000000000042e-01 -3.379360000000000142e-01 1.225200000000000039e-01 9.821990000000000443e-01 -1.423889999999999878e-01 3.344149999999999900e-02 -2.360980000000000023e-01 1.681960000000000122e-01 9.570619999999999683e-01 -6.067280000000000416e-03
9.629649999999999599e-01 -8.521529999999999383e-02 2.558070000000000066e-01 -3.487739999999999729e-01 1.252830000000000055e-01 9.815190000000000303e-01 -1.446520000000000028e-01 3.464330000000000187e-02 -2.387519999999999920e-01 1.713429999999999953e-01 9.558449999999999447e-01 -8.007230000000000597e-03
9.626679999999999682e-01 -8.681200000000000028e-02 2.563860000000000028e-01 -3.554629999999999734e-01 1.274319999999999897e-01 9.809959999999999791e-01 -1.463129999999999986e-01 3.451930000000000276e-02 -2.388119999999999965e-01 1.735230000000000106e-01 9.554359999999999520e-01 -7.299729999999999934e-03
9.625740000000000407e-01 -8.728489999999999860e-02 2.565790000000000015e-01 -3.617340000000000000e-01 1.290370000000000128e-01 9.801279999999999992e-01 -1.506629999999999914e-01 3.546479999999999771e-02 -2.383290000000000131e-01 1.781330000000000136e-01 9.547080000000000011e-01 -7.047349999999999969e-03
9.623500000000000387e-01 -8.482720000000000538e-02 2.582369999999999943e-01 -3.687190000000000190e-01 1.276249999999999885e-01 9.798329999999999540e-01 -1.537489999999999968e-01 3.804169999999999774e-02 -2.399870000000000059e-01 1.809179999999999955e-01 9.537689999999999779e-01 -6.667219999999999744e-03
9.623289999999999900e-01 -8.531619999999999482e-02 2.581530000000000213e-01 -3.742510000000000003e-01 1.280640000000000112e-01 9.798029999999999795e-01 -1.535789999999999933e-01 3.935460000000000347e-02 -2.398369999999999946e-01 1.808539999999999870e-01 9.538189999999999724e-01 -6.241390000000000306e-03
9.622009999999999730e-01 -8.309550000000000269e-02 2.593520000000000270e-01 -3.811300000000000243e-01 1.259470000000000034e-01 9.801309999999999745e-01 -1.532340000000000091e-01 4.035249999999999948e-02 -2.414659999999999862e-01 1.801059999999999883e-01 9.535489999999999799e-01 -5.464789999999999752e-03
9.621790000000000065e-01 -7.939939999999999498e-02 2.605890000000000151e-01 -3.861709999999999865e-01 1.233630000000000004e-01 9.798740000000000228e-01 -1.569359999999999922e-01 4.149420000000000192e-02 -2.428839999999999888e-01 1.831480000000000052e-01 9.526090000000000391e-01 -6.220149999999999811e-03
9.617679999999999563e-01 -7.663150000000000517e-02 2.629250000000000198e-01 -3.875009999999999843e-01 1.228820000000000051e-01 9.787369999999999681e-01 -1.642359999999999931e-01 4.241400000000000031e-02 -2.447489999999999943e-01 1.902659999999999907e-01 9.507349999999999968e-01 -7.021170000000000189e-03
9.606479999999999464e-01 -7.416999999999999982e-02 2.676830000000000043e-01 -3.908050000000000135e-01 1.231970000000000010e-01 9.774899999999999700e-01 -1.712780000000000136e-01 4.432139999999999691e-02 -2.489540000000000086e-01 1.975159999999999971e-01 9.481610000000000316e-01 -6.942379999999999732e-03
9.594939999999999580e-01 -7.339560000000000528e-02 2.720020000000000215e-01 -3.938280000000000114e-01 1.247589999999999949e-01 9.763370000000000104e-01 -1.766409999999999925e-01 4.667650000000000271e-02 -2.526010000000000200e-01 2.034199999999999897e-01 9.459459999999999535e-01 -6.869550000000000309e-03
9.585829999999999629e-01 -7.242329999999999601e-02 2.754519999999999746e-01 -3.979909999999999837e-01 1.249180000000000013e-01 9.760529999999999484e-01 -1.780899999999999983e-01 4.893030000000000296e-02 -2.559580000000000188e-01 2.051229999999999998e-01 9.446750000000000425e-01 -9.039159999999999209e-03
9.578499999999999792e-01 -7.238780000000000214e-02 2.780009999999999981e-01 -4.029349999999999876e-01 1.254170000000000007e-01 9.760090000000000154e-01 -1.779820000000000013e-01 5.142900000000000249e-02 -2.584469999999999823e-01 2.053460000000000008e-01 9.439480000000000093e-01 -1.256069999999999930e-02
9.577360000000000317e-01 -7.271049999999999736e-02 2.783059999999999978e-01 -4.061699999999999755e-01 1.255830000000000002e-01 9.761400000000000077e-01 -1.771419999999999939e-01 5.422369999999999968e-02 -2.587849999999999873e-01 2.046060000000000101e-01 9.440159999999999663e-01 -1.786029999999999909e-02
9.576259999999999772e-01 -7.142099999999999838e-02 2.790199999999999902e-01 -4.086009999999999920e-01 1.239340000000000025e-01 9.766740000000000421e-01 -1.753530000000000089e-01 5.687709999999999988e-02 -2.599879999999999969e-01 2.025019999999999876e-01 9.441389999999999505e-01 -2.144139999999999935e-02
9.573340000000000183e-01 -7.049750000000000461e-02 2.802529999999999744e-01 -4.117250000000000076e-01 1.228619999999999990e-01 9.770670000000000188e-01 -1.739110000000000100e-01 6.073490000000000139e-02 -2.615660000000000207e-01 2.009229999999999905e-01 9.440410000000000190e-01 -2.533060000000000173e-02
9.566759999999999708e-01 -7.091429999999999956e-02 2.823879999999999724e-01 -4.151290000000000258e-01 1.234999999999999987e-01 9.771459999999999591e-01 -1.730109999999999981e-01 6.290199999999999958e-02 -2.636660000000000115e-01 2.003900000000000126e-01 9.435700000000000198e-01 -2.884839999999999974e-02
9.561039999999999539e-01 -7.010049999999999615e-02 2.845179999999999931e-01 -4.181420000000000137e-01 1.232800000000000007e-01 9.770799999999999486e-01 -1.735399999999999998e-01 6.772920000000000329e-02 -2.658320000000000127e-01 2.009970000000000090e-01 9.428330000000000322e-01 -3.363909999999999817e-02
9.554949999999999832e-01 -6.909529999999999839e-02 2.867999999999999994e-01 -4.232299999999999951e-01 1.222779999999999978e-01 9.774990000000000068e-01 -1.718820000000000070e-01 7.060329999999999384e-02 -2.684710000000000152e-01 1.993020000000000069e-01 9.424449999999999772e-01 -3.803369999999999668e-02
9.550020000000000175e-01 -7.002629999999999966e-02 2.882129999999999970e-01 -4.259510000000000240e-01 1.233800000000000036e-01 9.774570000000000203e-01 -1.713339999999999863e-01 7.496719999999999773e-02 -2.697180000000000133e-01 1.991839999999999999e-01 9.421129999999999782e-01 -4.083959999999999674e-02
9.545540000000000136e-01 -7.094939999999999580e-02 2.894700000000000051e-01 -4.317179999999999906e-01 1.242240000000000011e-01 9.775770000000000293e-01 -1.700349999999999917e-01 7.848570000000000546e-02 -2.709159999999999902e-01 1.982659999999999978e-01 9.419629999999999947e-01 -4.742729999999999863e-02
9.545179999999999776e-01 -7.350940000000000252e-02 2.889510000000000134e-01 -4.368340000000000001e-01 1.270779999999999965e-01 9.769999999999999796e-01 -1.712380000000000013e-01 8.182709999999999984e-02 -2.697169999999999845e-01 2.001690000000000136e-01 9.419049999999999923e-01 -5.185420000000000307e-02
9.548170000000000268e-01 -7.474020000000000663e-02 2.876440000000000108e-01 -4.407320000000000126e-01 1.278169999999999862e-01 9.770489999999999453e-01 -1.704080000000000039e-01 8.376920000000000199e-02 -2.683059999999999889e-01 1.994740000000000124e-01 9.424550000000000427e-01 -6.119129999999999708e-02
9.550650000000000528e-01 -7.369240000000000512e-02 2.870889999999999831e-01 -4.460060000000000136e-01 1.266660000000000008e-01 9.771729999999999583e-01 -1.705530000000000102e-01 8.871360000000000356e-02 -2.679670000000000107e-01 1.992539999999999867e-01 9.425980000000000469e-01 -6.509790000000000021e-02
9.552800000000000180e-01 -6.885080000000000366e-02 2.875750000000000250e-01 -4.496439999999999881e-01 1.212560000000000027e-01 9.781990000000000407e-01 -1.685939999999999939e-01 9.445220000000000005e-02 -2.696979999999999933e-01 1.959249999999999881e-01 9.428029999999999466e-01 -7.010529999999999540e-02
9.550790000000000113e-01 -6.295509999999999995e-02 2.895880000000000121e-01 -4.532459999999999822e-01 1.158590000000000036e-01 9.787240000000000384e-01 -1.693389999999999895e-01 9.920710000000000639e-02 -2.727660000000000085e-01 1.952830000000000121e-01 9.420530000000000292e-01 -7.300879999999999870e-02
9.550410000000000288e-01 -5.569860000000000089e-02 2.911960000000000104e-01 -4.573200000000000043e-01 1.094519999999999937e-01 9.790489999999999471e-01 -1.717039999999999955e-01 1.023249999999999993e-01 -2.755319999999999991e-01 1.958570000000000033e-01 9.411279999999999646e-01 -7.859030000000000182e-02
