1.000000000000000000e+00 2.406640000000000092e-24 -1.045289999999999952e-24 7.217579999999999897e-24 -2.406640000000000092e-24 1.000000000000000000e+00 8.889039999999999738e-25 3.839090000000000307e-24 1.045289999999999952e-24 -8.889039999999999738e-25 1.000000000000000000e+00 -4.192229999999999692e-24
9.999970000000000248e-01 -1.615319999999999950e-03 -1.718619999999999913e-03 1.291480000000000015e-03 1.612020000000000033e-03 9.999970000000000248e-01 -1.919490000000000042e-03 -2.579619999999999808e-04 1.721719999999999934e-03 1.916710000000000072e-03 9.999970000000000248e-01 5.267069999999999565e-04
9.999909999999999632e-01 -3.898909999999999789e-03 -1.736380000000000041e-03 1.998209999999999830e-03 3.896269999999999855e-03 9.999909999999999632e-01 -1.517710000000000023e-03 1.041789999999999904e-03 1.742279999999999914e-03 1.510929999999999955e-03 9.999970000000000248e-01 2.817149999999999819e-04
9.999959999999999960e-01 -2.766230000000000164e-03 -8.040690000000000294e-04 2.608599999999999981e-03 2.767550000000000131e-03 9.999949999999999672e-01 1.646820000000000011e-03 1.797409999999999937e-03 7.995100000000000210e-04 -1.649040000000000054e-03 9.999980000000000535e-01 1.497380000000000053e-05
9.999919999999999920e-01 -3.905780000000000189e-03 -8.006680000000000394e-04 3.406740000000000115e-03 3.908730000000000017e-03 9.999850000000000128e-01 3.718410000000000118e-03 -4.520950000000000312e-06 7.861329999999999490e-04 -3.721509999999999922e-03 9.999930000000000208e-01 -1.913739999999999875e-04
9.999949999999999672e-01 -3.117749999999999862e-03 -1.759940000000000094e-04 2.385430000000000016e-03 3.118150000000000088e-03 9.999919999999999920e-01 2.314450000000000014e-03 2.153219999999999960e-04 1.687770000000000004e-04 -2.314989999999999843e-03 9.999970000000000248e-01 -7.628939999999999637e-04
9.999900000000000455e-01 -4.146770000000000143e-03 -1.471920000000000043e-03 3.172209999999999960e-03 4.147750000000000395e-03 9.999909999999999632e-01 6.679830000000000316e-04 4.930569999999999788e-04 1.469129999999999915e-03 -6.740820000000000015e-04 9.999989999999999712e-01 -7.627990000000000128e-05
9.999919999999999920e-01 -4.012789999999999586e-03 -9.179909999999999459e-04 2.552140000000000051e-03 4.012260000000000132e-03 9.999919999999999920e-01 -5.857040000000000423e-04 9.280309999999999514e-04 9.203329999999999584e-04 5.820149999999999629e-04 9.999989999999999712e-01 -9.607630000000000033e-05
9.999759999999999760e-01 -6.931129999999999756e-03 -7.066709999999999702e-04 3.150019999999999903e-03 6.931099999999999935e-03 9.999759999999999760e-01 -5.575499999999999727e-05 7.651189999999999771e-04 7.070410000000000496e-04 5.085570000000000167e-05 1.000000000000000000e+00 -5.846710000000000405e-04
9.999820000000000375e-01 -5.933169999999999764e-03 9.678959999999999907e-04 3.167909999999999910e-03 5.932660000000000190e-03 9.999820000000000375e-01 5.267499999999999830e-04 6.791790000000000240e-04 -9.710040000000000294e-04 -5.209979999999999473e-04 9.999989999999999712e-01 -2.574209999999999953e-03
9.999749999999999472e-01 -6.712029999999999906e-03 2.247690000000000105e-03 3.213800000000000164e-03 6.714330000000000125e-03 9.999770000000000048e-01 -1.016140000000000012e-03 1.605969999999999967e-03 -2.240820000000000138e-03 1.031210000000000069e-03 9.999970000000000248e-01 -1.780239999999999991e-03
9.999799999999999800e-01 -6.285859999999999885e-03 4.625459999999999858e-04 5.387450000000000225e-03 6.286639999999999590e-03 9.999789999999999512e-01 -1.699870000000000027e-03 1.733109999999999946e-03 -4.518510000000000213e-04 1.702750000000000053e-03 9.999980000000000535e-01 -6.621440000000000355e-04
9.999780000000000335e-01 -6.523929999999999833e-03 1.226150000000000070e-03 5.670549999999999896e-03 6.526279999999999755e-03 9.999770000000000048e-01 -1.924020000000000027e-03 1.241219999999999910e-03 -1.213569999999999970e-03 1.931980000000000025e-03 9.999970000000000248e-01 -1.409890000000000015e-03
9.999759999999999760e-01 -6.340280000000000221e-03 2.800400000000000198e-03 6.808200000000000363e-03 6.354099999999999679e-03 9.999679999999999680e-01 -4.954319999999999904e-03 2.576279999999999803e-04 -2.768899999999999920e-03 4.971989999999999917e-03 9.999839999999999840e-01 1.158629999999999903e-03
9.999730000000000008e-01 -6.483799999999999633e-03 3.326539999999999792e-03 8.541879999999999959e-03 6.519210000000000109e-03 9.999209999999999487e-01 -1.074630000000000030e-02 -1.326710000000000042e-04 -3.256600000000000120e-03 1.076769999999999984e-02 9.999369999999999647e-01 2.000609999999999888e-03
9.999689999999999968e-01 -6.114109999999999857e-03 4.889629999999999845e-03 7.882349999999999773e-03 6.182430000000000044e-03 9.998820000000000485e-01 -1.408170000000000081e-02 3.301720000000000176e-03 -4.802960000000000215e-03 1.411150000000000078e-02 9.998890000000000278e-01 -1.440780000000000120e-04
9.999770000000000048e-01 -3.975600000000000141e-03 5.548680000000000279e-03 9.649059999999999235e-03 4.034059999999999903e-03 9.999360000000000470e-01 -1.056490000000000033e-02 5.383759999999999588e-03 -5.506320000000000311e-03 1.058710000000000033e-02 9.999289999999999567e-01 -4.088179999999999744e-04
9.999630000000000463e-01 -3.179040000000000164e-03 8.002920000000000172e-03 9.465460000000000193e-03 3.226269999999999832e-03 9.999770000000000048e-01 -5.896039999999999962e-03 4.885330000000000228e-03 -7.983989999999999837e-03 5.921639999999999716e-03 9.999510000000000343e-01 -9.211220000000000215e-04
9.999470000000000303e-01 -5.556040000000000154e-04 1.024420000000000018e-02 8.502040000000000639e-03 6.036750000000000232e-04 9.999890000000000168e-01 -4.689999999999999725e-03 3.678339999999999995e-03 -1.024139999999999946e-02 4.695930000000000069e-03 9.999369999999999647e-01 -1.761490000000000104e-03
9.999510000000000343e-01 -4.795050000000000245e-04 9.838110000000000605e-03 9.297279999999999781e-03 5.411419999999999902e-04 9.999799999999999800e-01 -6.263480000000000089e-03 4.686639999999999730e-03 -9.834910000000000527e-03 6.268499999999999767e-03 9.999320000000000430e-01 -2.368379999999999791e-03
9.999519999999999520e-01 -1.736539999999999959e-03 9.594190000000000704e-03 8.954129999999999381e-03 1.788969999999999970e-03 9.999829999999999552e-01 -5.458929999999999859e-03 4.809299999999999860e-03 -9.584560000000000649e-03 5.475840000000000048e-03 9.999390000000000223e-01 -2.695749999999999796e-03
9.999700000000000255e-01 -2.649400000000000106e-03 7.294069999999999721e-03 9.068480000000000291e-03 2.693619999999999869e-03 9.999780000000000335e-01 -6.059300000000000103e-03 5.051570000000000019e-03 -7.277849999999999771e-03 6.078759999999999893e-03 9.999550000000000383e-01 -1.207109999999999954e-03
9.999810000000000088e-01 -3.649519999999999847e-03 4.972279999999999929e-03 1.012700000000000058e-02 3.685359999999999938e-03 9.999670000000000503e-01 -7.218210000000000078e-03 5.887500000000000372e-03 -4.945770000000000374e-03 7.236399999999999604e-03 9.999620000000000175e-01 3.945150000000000132e-04
9.999780000000000335e-01 -5.438310000000000019e-03 3.922069999999999723e-03 1.035260000000000000e-02 5.466269999999999636e-03 9.999590000000000423e-01 -7.154569999999999853e-03 7.796319999999999813e-03 -3.883000000000000167e-03 7.175850000000000110e-03 9.999670000000000503e-01 1.123139999999999902e-03
9.999780000000000335e-01 -6.012049999999999686e-03 2.750929999999999955e-03 9.674149999999999416e-03 6.024980000000000092e-03 9.999710000000000543e-01 -4.715950000000000003e-03 7.967389999999999542e-03 -2.722490000000000153e-03 4.732420000000000203e-03 9.999850000000000128e-01 2.773209999999999911e-03
9.999959999999999960e-01 -1.470479999999999921e-03 2.584250000000000175e-03 6.532259999999999803e-03 1.480580000000000004e-03 9.999909999999999632e-01 -3.911740000000000356e-03 6.194019999999999734e-03 -2.578469999999999807e-03 3.915550000000000280e-03 9.999890000000000168e-01 3.534320000000000083e-03
9.999959999999999960e-01 2.337709999999999788e-03 -1.399630000000000015e-03 5.964559999999999827e-03 -2.348390000000000113e-03 9.999679999999999680e-01 -7.681849999999999616e-03 6.140340000000000208e-03 1.381630000000000011e-03 7.685110000000000205e-03 9.999700000000000255e-01 4.609870000000000287e-03
9.999850000000000128e-01 4.562530000000000405e-03 -3.182690000000000172e-03 5.058550000000000199e-03 -4.591660000000000012e-03 9.999470000000000303e-01 -9.206960000000000144e-03 7.378899999999999869e-03 3.140519999999999944e-03 9.221429999999999211e-03 9.999529999999999808e-01 5.621379999999999606e-03
9.999740000000000295e-01 5.861489999999999582e-03 -4.296219999999999900e-03 5.334669999999999690e-03 -5.896499999999999832e-03 9.999489999999999768e-01 -8.180349999999999427e-03 7.394239999999999841e-03 4.248049999999999743e-03 8.205469999999999431e-03 9.999569999999999848e-01 6.180889999999999648e-03
9.999670000000000503e-01 7.385100000000000345e-03 -3.411570000000000054e-03 2.879130000000000144e-03 -7.417840000000000197e-03 9.999259999999999815e-01 -9.685420000000000140e-03 7.199760000000000361e-03 3.339790000000000033e-03 9.710409999999999181e-03 9.999470000000000303e-01 7.589620000000000047e-03
9.999700000000000255e-01 6.671619999999999634e-03 -3.883859999999999830e-03 1.418659999999999973e-03 -6.712580000000000109e-03 9.999209999999999487e-01 -1.063090000000000042e-02 8.081670000000000867e-03 3.812630000000000012e-03 1.065660000000000045e-02 9.999360000000000470e-01 6.850410000000000353e-03
9.999649999999999928e-01 6.892419999999999797e-03 -4.724830000000000176e-03 1.350190000000000027e-03 -6.937829999999999865e-03 9.999289999999999567e-01 -9.663800000000000168e-03 8.232379999999999212e-03 4.657879999999999659e-03 9.696250000000000008e-03 9.999419999999999975e-01 7.932240000000000124e-03
9.999599999999999600e-01 8.262629999999999975e-03 -3.482709999999999972e-03 -1.016130000000000071e-03 -8.293099999999999430e-03 9.999270000000000103e-01 -8.826370000000000049e-03 9.650340000000000307e-03 3.409530000000000026e-03 8.854890000000000677e-03 9.999550000000000383e-01 8.589090000000000613e-03
9.999320000000000430e-01 1.136269999999999988e-02 -2.436600000000000137e-03 -4.108849999999999829e-03 -1.137960000000000013e-02 9.999109999999999943e-01 -7.031370000000000328e-03 9.646560000000000204e-03 2.356490000000000147e-03 7.058619999999999825e-03 9.999719999999999720e-01 8.788469999999999616e-03
9.999209999999999487e-01 1.257669999999999969e-02 -6.456020000000000031e-04 -6.250369999999999884e-03 -1.257980000000000036e-02 9.999080000000000190e-01 -5.143879999999999980e-03 8.956479999999999303e-03 5.808500000000000512e-04 5.151600000000000103e-03 9.999869999999999592e-01 7.907650000000000443e-03
9.999130000000000518e-01 1.315449999999999953e-02 1.253030000000000029e-03 -8.275090000000000570e-03 -1.314740000000000006e-02 9.998979999999999535e-01 -5.542960000000000421e-03 6.916710000000000393e-03 -1.325819999999999907e-03 5.525999999999999662e-03 9.999839999999999840e-01 9.974280000000000299e-03
9.999010000000000398e-01 1.328679999999999965e-02 4.628720000000000230e-03 -1.329490000000000012e-02 -1.324230000000000025e-02 9.998669999999999503e-01 -9.511669999999999847e-03 6.521370000000000292e-03 -4.754490000000000105e-03 9.449439999999999923e-03 9.999440000000000550e-01 9.274680000000000424e-03
9.999390000000000223e-01 1.039020000000000048e-02 3.747560000000000040e-03 -1.538519999999999992e-02 -1.033949999999999973e-02 9.998580000000000245e-01 -1.328919999999999928e-02 4.445499999999999799e-03 -3.885110000000000213e-03 1.324960000000000027e-02 9.999050000000000438e-01 8.788139999999999841e-03
9.999700000000000255e-01 6.966690000000000209e-03 3.287260000000000182e-03 -1.779489999999999891e-02 -6.906530000000000134e-03 9.998150000000000093e-01 -1.797170000000000017e-02 4.061010000000000314e-03 -3.411850000000000126e-03 1.794849999999999918e-02 9.998329999999999718e-01 8.674710000000000407e-03
9.999909999999999632e-01 1.042100000000000014e-03 4.160450000000000433e-03 -2.067729999999999915e-02 -9.448430000000000066e-04 9.997279999999999500e-01 -2.331010000000000026e-02 3.877569999999999888e-03 -4.183609999999999933e-03 2.330600000000000033e-02 9.997200000000000530e-01 7.205900000000000326e-03
9.999810000000000088e-01 -2.354000000000000190e-03 5.718879999999999970e-03 -2.401769999999999947e-02 2.518250000000000089e-03 9.995800000000000241e-01 -2.888539999999999858e-02 4.134960000000000024e-03 -5.648479999999999994e-03 2.889919999999999989e-02 9.995659999999999545e-01 6.121970000000000016e-03
9.999759999999999760e-01 -4.113409999999999636e-03 5.606429999999999921e-03 -2.583720000000000114e-02 4.294100000000000347e-03 9.994589999999999863e-01 -3.260860000000000147e-02 5.695549999999999745e-03 -5.469260000000000094e-03 3.263189999999999841e-02 9.994520000000000071e-01 5.938060000000000213e-03
9.999670000000000503e-01 -3.796200000000000008e-03 7.178280000000000424e-03 -2.796679999999999999e-02 4.050409999999999948e-03 9.993530000000000468e-01 -3.573740000000000250e-02 5.955779999999999928e-03 -7.037970000000000163e-03 3.576529999999999987e-02 9.993349999999999733e-01 6.288550000000000390e-03
9.999479999999999480e-01 -3.014100000000000026e-03 9.751090000000000452e-03 -3.053209999999999952e-02 3.402220000000000071e-03 9.991929999999999978e-01 -4.003459999999999658e-02 5.976239999999999851e-03 -9.622540000000000607e-03 4.006570000000000270e-02 9.991510000000000113e-01 4.309359999999999927e-03
9.999139999999999695e-01 -2.094289999999999954e-03 1.295900000000000003e-02 -3.247730000000000061e-02 2.690269999999999814e-03 9.989310000000000134e-01 -4.614440000000000208e-02 8.145229999999999831e-03 -1.284859999999999995e-02 4.617530000000000245e-02 9.988510000000000444e-01 4.143670000000000339e-03
9.998679999999999790e-01 -1.493289999999999982e-03 1.618030000000000163e-02 -3.512060000000000182e-02 2.246660000000000150e-03 9.989090000000000469e-01 -4.664290000000000103e-02 7.838839999999999697e-03 -1.609299999999999967e-02 4.667310000000000209e-02 9.987810000000000299e-01 1.045509999999999929e-03
9.998139999999999805e-01 4.048200000000000171e-04 1.926009999999999875e-02 -3.921159999999999923e-02 5.384030000000000152e-04 9.988010000000000499e-01 -4.894260000000000277e-02 8.734360000000000041e-03 -1.925680000000000100e-02 4.894389999999999852e-02 9.986159999999999481e-01 2.548119999999999856e-04
9.998240000000000460e-01 2.870870000000000193e-03 1.856589999999999976e-02 -4.164620000000000127e-02 -1.915470000000000063e-03 9.986829999999999874e-01 -5.127439999999999776e-02 8.652969999999999412e-03 -1.868859999999999966e-02 5.122979999999999895e-02 9.985119999999999552e-01 -1.908870000000000011e-03
9.998050000000000548e-01 6.901990000000000208e-03 1.852389999999999939e-02 -4.418670000000000236e-02 -5.856990000000000286e-03 9.984199999999999742e-01 -5.588680000000000037e-02 8.942929999999999977e-03 -1.888039999999999857e-02 5.576740000000000169e-02 9.982649999999999579e-01 -4.384479999999999628e-03
9.997700000000000475e-01 8.877780000000000046e-03 1.954120000000000162e-02 -4.743569999999999731e-02 -7.677780000000000368e-03 9.981299999999999617e-01 -6.064920000000000033e-02 9.108369999999999314e-03 -2.004310000000000119e-02 6.048520000000000285e-02 9.979679999999999662e-01 -7.051850000000000132e-03
9.997470000000000523e-01 1.035630000000000057e-02 1.996409999999999851e-02 -4.951040000000000302e-02 -8.998070000000000374e-03 9.977150000000000185e-01 -6.696330000000000338e-02 9.093979999999999772e-03 -2.061189999999999897e-02 6.676680000000000115e-02 9.975559999999999983e-01 -1.009950000000000084e-02
9.997559999999999780e-01 9.738770000000000759e-03 1.984100000000000100e-02 -4.992300000000000210e-02 -8.238449999999999593e-03 9.971989999999999466e-01 -7.434330000000000105e-02 1.084719999999999955e-02 -2.050949999999999995e-02 7.416159999999999419e-02 9.970350000000000046e-01 -1.033549999999999920e-02
9.997340000000000115e-01 8.857570000000000374e-03 2.128299999999999984e-02 -5.234169999999999795e-02 -7.096889999999999796e-03 9.966540000000000399e-01 -8.142340000000000688e-02 1.305289999999999923e-02 -2.193300000000000111e-02 8.125069999999999515e-02 9.964520000000000044e-01 -9.789779999999999663e-03
9.996760000000000090e-01 8.544170000000000237e-03 2.398389999999999897e-02 -5.479540000000000105e-02 -6.510850000000000318e-03 9.964769999999999461e-01 -8.361169999999999713e-02 1.680550000000000099e-02 -2.461380000000000165e-02 8.342850000000000266e-02 9.962100000000000399e-01 -1.182949999999999974e-02
9.996279999999999610e-01 9.355340000000000183e-03 2.561750000000000138e-02 -5.555739999999999984e-02 -7.229900000000000042e-03 9.966190000000000326e-01 -8.183859999999999746e-02 1.860219999999999929e-02 -2.629650000000000043e-02 8.162300000000000111e-02 9.963159999999999794e-01 -1.308969999999999925e-02
9.995279999999999720e-01 1.271860000000000004e-02 2.796660000000000118e-02 -5.688809999999999700e-02 -1.042039999999999980e-02 9.966730000000000311e-01 -8.083930000000000282e-02 1.946490000000000026e-02 -2.890169999999999892e-02 8.050970000000000348e-02 9.963349999999999707e-01 -1.392939999999999977e-02
9.993640000000000301e-01 1.486559999999999965e-02 3.239899999999999725e-02 -6.061430000000000290e-02 -1.221060000000000027e-02 9.966669999999999696e-01 -8.065799999999999359e-02 1.982389999999999847e-02 -3.348999999999999894e-02 8.021109999999999352e-02 9.962149999999999617e-01 -1.453130000000000047e-02
9.993100000000000316e-01 1.489569999999999957e-02 3.401850000000000013e-02 -6.189299999999999663e-02 -1.210830000000000066e-02 9.966629999999999656e-01 -8.072070000000000634e-02 2.198539999999999869e-02 -3.510739999999999694e-02 8.025309999999999389e-02 9.961560000000000414e-01 -1.596219999999999931e-02
9.991719999999999491e-01 1.502960000000000060e-02 3.781539999999999901e-02 -6.558640000000000303e-02 -1.204760000000000032e-02 9.968900000000000539e-01 -7.788509999999999878e-02 2.189989999999999992e-02 -3.886839999999999740e-02 7.736500000000000321e-02 9.962450000000000472e-01 -1.705879999999999896e-02
9.990599999999999481e-01 1.398950000000000020e-02 4.103210000000000190e-02 -6.841840000000000421e-02 -1.085200000000000053e-02 9.970710000000000406e-01 -7.571279999999999677e-02 1.943889999999999854e-02 -4.197109999999999730e-02 7.519629999999999370e-02 9.962849999999999762e-01 -1.927699999999999900e-02
9.989869999999999584e-01 9.729049999999999504e-03 4.392739999999999839e-02 -7.075019999999999920e-02 -6.183089999999999593e-03 9.967639999999999834e-01 -8.014910000000000090e-02 2.066899999999999987e-02 -4.456500000000000045e-02 7.979630000000000056e-02 9.958139999999999770e-01 -1.931770000000000015e-02
9.989259999999999806e-01 7.155459999999999772e-03 4.576960000000000056e-02 -7.348109999999999364e-02 -3.355959999999999846e-03 9.965810000000000501e-01 -8.255769999999999775e-02 2.142720000000000041e-02 -4.620380000000000320e-02 8.231539999999999691e-02 9.955349999999999477e-01 -1.894219999999999932e-02
9.988439999999999541e-01 6.559960000000000097e-03 4.761579999999999979e-02 -7.621840000000000559e-02 -2.453649999999999928e-03 9.963100000000000289e-01 -8.578950000000000464e-02 2.192430000000000073e-02 -4.800290000000000112e-02 8.557349999999999679e-02 9.951750000000000318e-01 -1.743990000000000123e-02
9.986749999999999794e-01 1.557470000000000035e-03 5.143570000000000086e-02 -8.115219999999999378e-02 3.042290000000000012e-03 9.960069999999999757e-01 -8.922819999999999363e-02 2.141940000000000163e-02 -5.136919999999999681e-02 8.926639999999999575e-02 9.946819999999999551e-01 -1.982259999999999925e-02
9.985119999999999552e-01 -1.288440000000000071e-03 5.452130000000000171e-02 -8.613369999999999360e-02 6.251109999999999826e-03 9.958360000000000545e-01 -9.095040000000000069e-02 2.292529999999999915e-02 -5.417709999999999887e-02 9.115579999999999516e-02 9.943619999999999681e-01 -1.989350000000000146e-02
9.984389999999999654e-01 -4.332759999999999737e-03 5.567890000000000339e-02 -9.092920000000000169e-02 9.434440000000000534e-03 9.957430000000000447e-01 -9.169389999999999485e-02 2.224860000000000032e-02 -5.504450000000000315e-02 9.207609999999999406e-02 9.942290000000000294e-01 -2.063680000000000028e-02
9.983290000000000219e-01 -7.475909999999999674e-03 5.729660000000000308e-02 -9.448280000000000567e-02 1.275219999999999999e-02 9.956509999999999527e-01 -9.228369999999999629e-02 2.160849999999999924e-02 -5.635749999999999788e-02 9.286020000000000385e-02 9.940830000000000499e-01 -2.135130000000000014e-02
9.980620000000000047e-01 -9.601089999999999625e-03 6.148870000000000030e-02 -1.007490000000000052e-01 1.530650000000000066e-02 9.955479999999999885e-01 -9.299989999999999646e-02 2.338290000000000160e-02 -6.032209999999999656e-02 9.376080000000000525e-02 9.937660000000000382e-01 -2.083820000000000117e-02
9.979289999999999550e-01 -9.119570000000000454e-03 6.366839999999999999e-02 -1.050969999999999960e-01 1.501030000000000073e-02 9.955840000000000245e-01 -9.266689999999999650e-02 2.238470000000000043e-02 -6.254220000000000612e-02 9.343070000000000541e-02 9.936589999999999590e-01 -1.935229999999999936e-02
9.977230000000000265e-01 -1.105929999999999934e-02 6.653589999999999505e-02 -1.107490000000000002e-01 1.735360000000000028e-02 9.953469999999999818e-01 -9.477900000000000214e-02 2.300409999999999955e-02 -6.517810000000000270e-02 9.571780000000000566e-02 9.932720000000000438e-01 -1.794899999999999968e-02
9.974469999999999725e-01 -1.143120000000000074e-02 7.049370000000000636e-02 -1.180930000000000035e-01 1.805150000000000157e-02 9.954079999999999595e-01 -9.400419999999999610e-02 2.304799999999999904e-02 -6.909540000000000126e-02 9.503670000000000173e-02 9.930729999999999835e-01 -1.749600000000000113e-02
9.972839999999999483e-01 -1.208419999999999980e-02 7.265900000000000136e-02 -1.243790000000000034e-01 1.890829999999999941e-02 9.953950000000000298e-01 -9.397790000000000310e-02 2.378989999999999924e-02 -7.118869999999999365e-02 9.509639999999999760e-02 9.929189999999999960e-01 -1.446829999999999991e-02
9.970149999999999846e-01 -1.524219999999999915e-02 7.569410000000000027e-02 -1.317190000000000027e-01 2.256789999999999838e-02 9.950390000000000068e-01 -9.689040000000000152e-02 2.390820000000000098e-02 -7.384169999999999623e-02 9.830940000000000512e-02 9.924129999999999896e-01 -1.225490000000000086e-02
9.966110000000000246e-01 -2.209780000000000078e-02 7.923009999999999775e-02 -1.400500000000000078e-01 2.989870000000000028e-02 9.946709999999999718e-01 -9.866619999999999557e-02 2.421819999999999876e-02 -7.662770000000000692e-02 1.007009999999999988e-01 9.919609999999999816e-01 -1.268750000000000086e-02
9.961459999999999759e-01 -2.756489999999999982e-02 8.327139999999999542e-02 -1.482920000000000071e-01 3.569050000000000000e-02 9.945730000000000404e-01 -9.772469999999999768e-02 2.485530000000000031e-02 -8.012569999999999415e-02 1.003200000000000064e-01 9.917240000000000499e-01 -1.009340000000000064e-02
9.956890000000000462e-01 -3.428939999999999766e-02 8.617879999999999985e-02 -1.560610000000000053e-01 4.260110000000000285e-02 9.944169999999999954e-01 -9.653720000000000356e-02 2.565560000000000063e-02 -8.238750000000000240e-02 9.979240000000000332e-02 9.915920000000000289e-01 -8.452960000000000682e-03
9.951830000000000398e-01 -4.072350000000000275e-02 8.917450000000000376e-02 -1.642959999999999976e-01 4.916210000000000024e-02 9.943030000000000479e-01 -9.457590000000000441e-02 2.495839999999999864e-02 -8.481500000000000150e-02 9.850430000000000297e-02 9.915159999999999529e-01 -8.020060000000000730e-03
9.946720000000000006e-01 -4.267340000000000022e-02 9.384209999999999774e-02 -1.712220000000000131e-01 5.160689999999999722e-02 9.941449999999999454e-01 -9.492970000000000574e-02 2.654230000000000131e-02 -8.924169999999999325e-02 9.926680000000000226e-02 9.910510000000000153e-01 -4.988359999999999843e-03
9.938690000000000024e-01 -4.609549999999999759e-02 1.004940000000000000e-01 -1.794600000000000084e-01 5.563239999999999852e-02 9.939919999999999867e-01 -9.426229999999999332e-02 2.578139999999999946e-02 -9.554509999999999392e-02 9.927510000000000501e-02 9.904619999999999536e-01 -3.359000000000000007e-03
9.930069999999999730e-01 -4.845130000000000270e-02 1.076590000000000047e-01 -1.863769999999999871e-01 5.877310000000000173e-02 9.937529999999999974e-01 -9.486709999999999587e-02 2.624119999999999925e-02 -1.023899999999999949e-01 1.005309999999999954e-01 9.896509999999999474e-01 -3.099310000000000086e-03
9.921069999999999611e-01 -5.023099999999999787e-02 1.148959999999999981e-01 -1.935800000000000021e-01 6.138260000000000244e-02 9.935180000000000122e-01 -9.567549999999999666e-02 2.670290000000000163e-02 -1.093449999999999978e-01 1.019729999999999942e-01 9.887590000000000545e-01 -1.533070000000000092e-03
9.914610000000000367e-01 -5.312279999999999780e-02 1.190910000000000024e-01 -1.981410000000000116e-01 6.496620000000000172e-02 9.930750000000000410e-01 -9.787980000000000291e-02 2.675059999999999938e-02 -1.130670000000000008e-01 1.047809999999999991e-01 9.880470000000000086e-01 6.226209999999999601e-04
9.903980000000000006e-01 -5.791430000000000189e-02 1.255280000000000007e-01 -2.051139999999999908e-01 7.066020000000000634e-02 9.925169999999999826e-01 -9.958530000000000160e-02 2.739180000000000087e-02 -1.188219999999999971e-01 1.074989999999999973e-01 9.870790000000000397e-01 1.526529999999999901e-03
9.892919999999999492e-01 -6.245219999999999938e-02 1.319170000000000065e-01 -2.110420000000000074e-01 7.592069999999999375e-02 9.921200000000000019e-01 -9.966600000000000459e-02 2.689920000000000158e-02 -1.246529999999999999e-01 1.086140000000000022e-01 9.862379999999999480e-01 2.465220000000000172e-03
9.880520000000000413e-01 -6.719050000000000022e-02 1.387029999999999930e-01 -2.158390000000000031e-01 8.180460000000000509e-02 9.913640000000000230e-01 -1.024999999999999939e-01 2.576240000000000127e-02 -1.306180000000000119e-01 1.126219999999999999e-01 9.850149999999999739e-01 4.878300000000000344e-03
9.866219999999999990e-01 -7.269689999999999486e-02 1.459209999999999952e-01 -2.197620000000000129e-01 8.878339999999999843e-02 9.902940000000000076e-01 -1.069370000000000043e-01 2.784549999999999872e-02 -1.367309999999999914e-01 1.184609999999999969e-01 9.835000000000000409e-01 8.004690000000000069e-03
9.851790000000000269e-01 -7.856970000000000620e-02 1.524790000000000034e-01 -2.231259999999999910e-01 9.592889999999999751e-02 9.892870000000000275e-01 -1.100430000000000019e-01 3.124839999999999909e-02 -1.421989999999999921e-01 1.230389999999999956e-01 9.821609999999999507e-01 9.197639999999999982e-03
9.836150000000000171e-01 -7.960910000000000208e-02 1.617520000000000069e-01 -2.284210000000000129e-01 9.814829999999999388e-02 9.890679999999999472e-01 -1.100529999999999980e-01 3.031110000000000054e-02 -1.512229999999999963e-01 1.241249999999999992e-01 9.806759999999999922e-01 1.174230000000000065e-02
9.820020000000000415e-01 -8.292080000000000284e-02 1.696960000000000135e-01 -2.322780000000000122e-01 1.031490000000000046e-01 9.881020000000000358e-01 -1.140789999999999998e-01 3.062480000000000063e-02 -1.582179999999999975e-01 1.295290000000000052e-01 9.788710000000000466e-01 1.376409999999999960e-02
9.803629999999999844e-01 -8.410059999999999758e-02 1.783689999999999998e-01 -2.395430000000000059e-01 1.055740000000000012e-01 9.877949999999999786e-01 -1.145209999999999978e-01 3.123319999999999916e-02 -1.665609999999999868e-01 1.311029999999999973e-01 9.772769999999999513e-01 1.202330000000000065e-02
9.787690000000000001e-01 -8.292330000000000534e-02 1.874439999999999995e-01 -2.460469999999999879e-01 1.055119999999999947e-01 9.878710000000000546e-01 -1.139229999999999965e-01 3.011520000000000169e-02 -1.757229999999999903e-01 1.312820000000000098e-01 9.756470000000000420e-01 1.270759999999999945e-02
9.778109999999999857e-01 -8.295130000000000559e-02 1.923660000000000092e-01 -2.509500000000000064e-01 1.065949999999999953e-01 9.875129999999999741e-01 -1.159990000000000049e-01 2.990260000000000140e-02 -1.803410000000000013e-01 1.339299999999999935e-01 9.744429999999999481e-01 1.141550000000000030e-02
9.763319999999999776e-01 -8.788790000000000491e-02 1.976140000000000119e-01 -2.575680000000000192e-01 1.125690000000000024e-01 9.866920000000000135e-01 -1.173300000000000037e-01 3.151110000000000022e-02 -1.846730000000000038e-01 1.367990000000000039e-01 9.732330000000000148e-01 9.962169999999999359e-03
9.746470000000000411e-01 -9.390930000000000111e-02 2.030859999999999888e-01 -2.659480000000000177e-01 1.190760000000000013e-01 9.861490000000000533e-01 -1.154619999999999952e-01 3.118270000000000070e-02 -1.894299999999999873e-01 1.367180000000000062e-01 9.723289999999999988e-01 6.851490000000000011e-03
9.734159999999999480e-01 -9.569120000000000403e-02 2.080990000000000062e-01 -2.738450000000000051e-01 1.212010000000000032e-01 9.861189999999999678e-01 -1.134850000000000025e-01 3.066549999999999832e-02 -1.943509999999999960e-01 1.356900000000000051e-01 9.715019999999999767e-01 4.899380000000000054e-03
9.720940000000000136e-01 -9.828749999999999987e-02 2.130110000000000059e-01 -2.829459999999999753e-01 1.245310000000000028e-01 9.857040000000000246e-01 -1.134850000000000025e-01 3.103310000000000096e-02 -1.988109999999999877e-01 1.368439999999999934e-01 9.704369999999999941e-01 3.639770000000000071e-03
9.713979999999999837e-01 -9.302040000000000308e-02 2.184810000000000085e-01 -2.915829999999999811e-01 1.193700000000000039e-01 9.866639999999999855e-01 -1.106550000000000034e-01 3.201779999999999904e-02 -2.052740000000000120e-01 1.335709999999999953e-01 9.695470000000000477e-01 3.729950000000000106e-03
9.706010000000000471e-01 -9.168940000000000423e-02 2.225449999999999928e-01 -2.984379999999999811e-01 1.187870000000000037e-01 9.866300000000000070e-01 -1.115789999999999976e-01 3.310629999999999823e-02 -2.093389999999999973e-01 1.347349999999999937e-01 9.685160000000000435e-01 4.602900000000000047e-03
9.697400000000000464e-01 -9.046049999999999924e-02 2.267629999999999924e-01 -3.055550000000000210e-01 1.185780000000000028e-01 9.864270000000000538e-01 -1.135850000000000054e-01 3.222060000000000202e-02 -2.134109999999999896e-01 1.370369999999999922e-01 9.673040000000000527e-01 3.607280000000000035e-03
9.687189999999999968e-01 -8.633970000000000533e-02 2.326560000000000017e-01 -3.131550000000000167e-01 1.161060000000000009e-01 9.862710000000000088e-01 -1.174260000000000026e-01 3.340769999999999851e-02 -2.193229999999999902e-01 1.407650000000000012e-01 9.654439999999999689e-01 3.947560000000000131e-03
9.672089999999999854e-01 -8.467729999999999702e-02 2.394489999999999952e-01 -3.197809999999999819e-01 1.158700000000000008e-01 9.860710000000000308e-01 -1.193270000000000025e-01 3.566420000000000007e-02 -2.260099999999999887e-01 1.431590000000000085e-01 9.635479999999999601e-01 5.188370000000000308e-03
9.656190000000000051e-01 -8.272329999999999961e-02 2.464500000000000024e-01 -3.236649999999999805e-01 1.155540000000000039e-01 9.857979999999999521e-01 -1.218609999999999971e-01 3.587730000000000086e-02 -2.328689999999999927e-01 1.461490000000000011e-01 9.614639999999999853e-01 8.039529999999999593e-03
9.636280000000000401e-01 -8.075770000000000171e-02 2.547539999999999805e-01 -3.297069999999999723e-01 1.165230000000000016e-01 9.848320000000000407e-01 -1.285620000000000096e-01 3.399019999999999819e-02 -2.405079999999999996e-01 1.535710000000000131e-01 9.584219999999999962e-01 1.012260000000000069e-02
9.616000000000000103e-01 -8.061930000000000485e-02 2.623469999999999969e-01 -3.376819999999999822e-01 1.198189999999999950e-01 9.832959999999999479e-01 -1.370149999999999979e-01 3.351570000000000243e-02 -2.469179999999999986e-01 1.631879999999999997e-01 9.551969999999999628e-01 9.466010000000000396e-03
9.598139999999999450e-01 -8.179659999999999709e-02 2.684529999999999972e-01 -3.472069999999999879e-01 1.237710000000000060e-01 9.819029999999999703e-01 -1.433429999999999982e-01 3.440789999999999821e-02 -2.518699999999999828e-01 1.708089999999999886e-01 9.525679999999999703e-01 7.218539999999999852e-03
9.591469999999999718e-01 -8.293109999999999371e-02 2.704790000000000250e-01 -3.540449999999999986e-01 1.260570000000000024e-01 9.811950000000000394e-01 -1.461699999999999944e-01 3.629059999999999925e-02 -2.532699999999999951e-01 1.742950000000000055e-01 9.515649999999999942e-01 8.471549999999999567e-03
9.591720000000000246e-01 -8.480830000000000313e-02 2.698070000000000190e-01 -3.586509999999999976e-01 1.281049999999999967e-01 9.807869999999999644e-01 -1.471250000000000058e-01 3.552720000000000183e-02 -2.521459999999999813e-01 1.756820000000000048e-01 9.516080000000000094e-01 7.986530000000000365e-03
9.590349999999999708e-01 -8.465730000000000477e-02 2.703430000000000000e-01 -3.654410000000000158e-01 1.291819999999999913e-01 9.799970000000000070e-01 -1.513859999999999928e-01 3.642739999999999867e-02 -2.521189999999999820e-01 1.801079999999999903e-01 9.507879999999999665e-01 9.306550000000000239e-03
9.586409999999999654e-01 -8.397999999999999909e-02 2.719480000000000230e-01 -3.725029999999999730e-01 1.293749999999999900e-01 9.796369999999999800e-01 -1.535390000000000088e-01 3.739699999999999969e-02 -2.535160000000000191e-01 1.823720000000000063e-01 9.499840000000000506e-01 8.901610000000000772e-03
9.588109999999999689e-01 -8.283100000000000185e-02 2.717010000000000258e-01 -3.777469999999999994e-01 1.283710000000000129e-01 9.796399999999999553e-01 -1.543569999999999942e-01 4.013449999999999657e-02 -2.533830000000000249e-01 1.828780000000000128e-01 9.499220000000000441e-01 9.426640000000000019e-03
9.588710000000000289e-01 -8.104459999999999442e-02 2.720250000000000168e-01 -3.830410000000000204e-01 1.267330000000000123e-01 9.797799999999999843e-01 -1.548209999999999864e-01 4.212509999999999866e-02 -2.539770000000000083e-01 1.829280000000000073e-01 9.497539999999999871e-01 9.896620000000000070e-03
9.589450000000000474e-01 -7.900820000000000065e-02 2.723630000000000217e-01 -3.860709999999999975e-01 1.254820000000000102e-01 9.794869999999999965e-01 -1.576680000000000026e-01 4.225029999999999758e-02 -2.543190000000000173e-01 1.853710000000000080e-01 9.491889999999999494e-01 1.061570000000000048e-02
9.582100000000000062e-01 -7.425990000000000368e-02 2.762600000000000056e-01 -3.901470000000000216e-01 1.235549999999999982e-01 9.784319999999999684e-01 -1.655429999999999957e-01 4.403270000000000101e-02 -2.580089999999999884e-01 1.927580000000000127e-01 9.467179999999999485e-01 9.843539999999999582e-03
9.569600000000000328e-01 -7.171320000000000472e-02 2.812220000000000275e-01 -3.931839999999999780e-01 1.237729999999999941e-01 9.772960000000000536e-01 -1.719660000000000077e-01 4.512359999999999982e-02 -2.625049999999999883e-01 1.993719999999999937e-01 9.441089999999999760e-01 1.054519999999999937e-02
9.556829999999999492e-01 -7.004920000000000591e-02 2.859439999999999760e-01 -3.966870000000000118e-01 1.245139999999999997e-01 9.763060000000000072e-01 -1.769820000000000004e-01 4.735020000000000201e-02 -2.667720000000000091e-01 2.047420000000000073e-01 9.417609999999999593e-01 9.825640000000000068e-03
9.546609999999999818e-01 -7.094930000000000681e-02 2.891179999999999861e-01 -4.007789999999999964e-01 1.267959999999999920e-01 9.755949999999999900e-01 -1.792690000000000117e-01 5.027029999999999693e-02 -2.693429999999999991e-01 2.078000000000000125e-01 9.403580000000000272e-01 7.592429999999999839e-03
9.537480000000000402e-01 -7.119780000000000553e-02 2.920559999999999823e-01 -4.065239999999999965e-01 1.278110000000000079e-01 9.754019999999999913e-01 -1.795980000000000076e-01 5.321859999999999785e-02 -2.720850000000000213e-01 2.086189999999999989e-01 9.393869999999999720e-01 3.962600000000000150e-03
9.535609999999999919e-01 -6.980500000000000593e-02 2.929990000000000094e-01 -4.103499999999999925e-01 1.264849999999999863e-01 9.756470000000000420e-01 -1.792030000000000012e-01 5.659209999999999935e-02 -2.733539999999999859e-01 2.079409999999999870e-01 9.391690000000000316e-01 1.052339999999999916e-03
9.531190000000000495e-01 -6.856089999999999407e-02 2.947279999999999900e-01 -4.148160000000000180e-01 1.250219999999999942e-01 9.761980000000000102e-01 -1.772199999999999886e-01 5.885019999999999835e-02 -2.755619999999999736e-01 2.057589999999999975e-01 9.390039999999999498e-01 -2.285849999999999861e-03
9.526649999999999840e-01 -6.737410000000000621e-02 2.964629999999999765e-01 -4.186079999999999801e-01 1.237940000000000013e-01 9.766000000000000236e-01 -1.758619999999999906e-01 6.253459999999999575e-02 -2.776779999999999804e-01 2.042380000000000029e-01 9.387130000000000196e-01 -5.365820000000000312e-03
9.520199999999999774e-01 -6.777610000000000579e-02 2.984370000000000078e-01 -4.217839999999999923e-01 1.245610000000000051e-01 9.765549999999999509e-01 -1.755730000000000068e-01 6.544179999999999442e-02 -2.795400000000000107e-01 2.043220000000000036e-01 9.381420000000000314e-01 -8.327050000000000771e-03
9.514550000000000507e-01 -6.696969999999999312e-02 3.004129999999999856e-01 -4.240369999999999973e-01 1.243220000000000020e-01 9.764969999999999484e-01 -1.760619999999999963e-01 6.995419999999999416e-02 -2.815610000000000057e-01 2.048629999999999896e-01 9.374190000000000023e-01 -1.060999999999999964e-02
9.510020000000000140e-01 -6.651759999999999617e-02 3.019439999999999902e-01 -4.269399999999999862e-01 1.238149999999999945e-01 9.767909999999999648e-01 -1.747819999999999929e-01 7.326349999999999529e-02 -2.833100000000000063e-01 2.036030000000000062e-01 9.371669999999999723e-01 -1.376220000000000047e-02
9.503890000000000393e-01 -6.664860000000000229e-02 3.038390000000000257e-01 -4.307389999999999830e-01 1.240519999999999956e-01 9.769489999999999563e-01 -1.737299999999999955e-01 7.718899999999999373e-02 -2.852560000000000096e-01 2.028030000000000110e-01 9.367499999999999716e-01 -1.711709999999999968e-02
9.500170000000000003e-01 -6.960660000000000458e-02 3.043399999999999994e-01 -4.353650000000000020e-01 1.264220000000000066e-01 9.770990000000000508e-01 -1.711590000000000056e-01 7.875000000000000056e-02 -2.854559999999999875e-01 2.010790000000000077e-01 9.370600000000000041e-01 -2.420040000000000038e-02
9.495139999999999691e-01 -7.234880000000000477e-02 3.052699999999999858e-01 -4.423050000000000037e-01 1.296090000000000020e-01 9.765890000000000404e-01 -1.716850000000000043e-01 8.198709999999999332e-02 -2.857020000000000115e-01 2.025830000000000131e-01 9.366619999999999946e-01 -3.044600000000000084e-02
9.498440000000000216e-01 -7.324350000000000305e-02 3.040260000000000185e-01 -4.470140000000000224e-01 1.306289999999999951e-01 9.762340000000000462e-01 -1.729269999999999974e-01 8.609799999999999398e-02 -2.841350000000000264e-01 2.039680000000000104e-01 9.368370000000000308e-01 -3.658159999999999884e-02
9.500870000000000148e-01 -7.167529999999999735e-02 3.036409999999999942e-01 -4.523809999999999776e-01 1.287679999999999936e-01 9.765759999999999996e-01 -1.723909999999999887e-01 9.017940000000000678e-02 -2.841719999999999802e-01 2.028850000000000098e-01 9.370610000000000328e-01 -4.226069999999999827e-02
9.502059999999999951e-01 -6.706610000000000349e-02 3.043219999999999814e-01 -4.561930000000000152e-01 1.232029999999999931e-01 9.778529999999999722e-01 -1.691870000000000041e-01 9.427009999999999557e-02 -2.862350000000000172e-01 1.982559999999999878e-01 9.374240000000000350e-01 -4.641239999999999949e-02
9.501600000000000046e-01 -6.094759999999999761e-02 3.057469999999999910e-01 -4.580770000000000119e-01 1.172910000000000064e-01 9.785359999999999614e-01 -1.694390000000000063e-01 9.888220000000000343e-02 -2.888580000000000036e-01 1.968550000000000022e-01 9.369150000000000533e-01 -4.905799999999999744e-02
9.501209999999999933e-01 -5.372500000000000192e-02 3.072199999999999931e-01 -4.621589999999999865e-01 1.110720000000000041e-01 9.787540000000000129e-01 -1.723449999999999982e-01 1.028759999999999952e-01 -2.914340000000000264e-01 1.978719999999999923e-01 9.359020000000000117e-01 -5.517690000000000095e-02
