1.000000000000000000e+00 -4.741880000000000202e-24 -1.244780000000000057e-23 -1.219110000000000029e-23 4.741880000000000202e-24 1.000000000000000000e+00 -6.621880000000000022e-24 -6.642759999999999449e-24 1.244780000000000057e-23 6.621880000000000022e-24 1.000000000000000000e+00 -6.049580000000000265e-24
9.999970000000000248e-01 -1.506610000000000024e-03 -1.818820000000000072e-03 1.513989999999999997e-03 1.502999999999999996e-03 9.999970000000000248e-01 -1.987409999999999784e-03 1.263140000000000073e-05 1.821799999999999939e-03 1.984670000000000011e-03 9.999959999999999960e-01 6.148619999999999823e-04
9.999940000000000495e-01 -3.241809999999999917e-03 -1.380949999999999929e-03 1.700190000000000078e-03 3.239510000000000133e-03 9.999930000000000208e-01 -1.668159999999999912e-03 1.305509999999999960e-03 1.386349999999999952e-03 1.663680000000000063e-03 9.999980000000000535e-01 3.002950000000000107e-04
9.999909999999999632e-01 -3.938340000000000243e-03 -1.403610000000000014e-03 3.149069999999999907e-03 3.941939999999999680e-03 9.999890000000000168e-01 2.571659999999999918e-03 1.190620000000000090e-03 1.393469999999999952e-03 -2.577170000000000155e-03 9.999959999999999960e-01 -1.757290000000000111e-04
9.999949999999999672e-01 -3.034649999999999848e-03 5.289709999999999876e-05 2.427410000000000071e-03 3.034419999999999912e-03 9.999879999999999880e-01 3.916099999999999616e-03 1.876389999999999970e-04 -6.478040000000000068e-05 -3.915919999999999818e-03 9.999919999999999920e-01 6.192009999999999691e-05
9.999909999999999632e-01 -4.263740000000000238e-03 -8.503999999999999624e-04 2.872040000000000183e-03 4.265240000000000004e-03 9.999890000000000168e-01 1.761299999999999932e-03 8.414930000000000153e-04 8.428809999999999688e-04 -1.764909999999999960e-03 9.999980000000000535e-01 1.300849999999999988e-04
9.999869999999999592e-01 -4.778420000000000237e-03 -1.566979999999999935e-03 2.834619999999999935e-03 4.780460000000000265e-03 9.999879999999999880e-01 1.301599999999999979e-03 1.155529999999999963e-04 1.560739999999999914e-03 -1.309070000000000069e-03 9.999980000000000535e-01 2.329950000000000012e-04
9.999860000000000415e-01 -5.355409999999999685e-03 -3.076770000000000156e-04 1.701590000000000004e-03 5.355470000000000196e-03 9.999860000000000415e-01 1.703820000000000096e-04 5.650920000000000032e-04 3.067599999999999971e-04 -1.720269999999999981e-04 1.000000000000000000e+00 -1.755990000000000025e-03
9.999730000000000008e-01 -7.335949999999999936e-03 -4.136089999999999900e-05 2.278290000000000089e-03 7.335969999999999817e-03 9.999730000000000008e-01 4.968849999999999699e-04 5.075120000000000022e-04 3.771469999999999993e-05 -4.971749999999999824e-04 1.000000000000000000e+00 -1.956209999999999893e-03
9.999789999999999512e-01 -6.374130000000000421e-03 1.373660000000000072e-03 2.791619999999999865e-03 6.374119999999999613e-03 9.999799999999999800e-01 7.900840000000000066e-06 1.140340000000000104e-03 -1.373679999999999953e-03 8.551980000000000323e-07 9.999989999999999712e-01 -9.184370000000000294e-04
9.999770000000000048e-01 -6.406590000000000201e-03 2.241579999999999961e-03 3.155069999999999836e-03 6.409250000000000017e-03 9.999789999999999512e-01 -1.182129999999999986e-03 1.638120000000000071e-03 -2.233960000000000112e-03 1.196460000000000102e-03 9.999970000000000248e-01 -1.966139999999999902e-03
9.999829999999999552e-01 -5.674010000000000165e-03 1.303429999999999953e-03 4.787340000000000172e-03 5.677279999999999827e-03 9.999810000000000088e-01 -2.517689999999999945e-03 2.554610000000000127e-03 -1.289119999999999936e-03 2.525050000000000038e-03 9.999959999999999960e-01 -1.639459999999999919e-03
9.999789999999999512e-01 -6.325919999999999634e-03 1.684359999999999980e-03 5.900050000000000433e-03 6.331279999999999894e-03 9.999749999999999472e-01 -3.194049999999999927e-03 2.264459999999999824e-03 -1.664120000000000052e-03 3.204649999999999860e-03 9.999930000000000208e-01 -2.334950000000000133e-03
9.999689999999999968e-01 -7.305299999999999815e-03 3.096069999999999812e-03 6.883689999999999601e-03 7.320909999999999918e-03 9.999599999999999600e-01 -5.059710000000000249e-03 5.677430000000000020e-04 -3.058990000000000146e-03 5.082220000000000140e-03 9.999820000000000375e-01 -1.197689999999999953e-03
9.999630000000000463e-01 -7.076790000000000337e-03 4.847279999999999818e-03 7.495719999999999987e-03 7.128820000000000122e-03 9.999160000000000270e-01 -1.080380000000000056e-02 6.131389999999999584e-05 -4.770420000000000042e-03 1.083800000000000041e-02 9.999299999999999855e-01 -1.161790000000000002e-04
9.999580000000000135e-01 -6.340700000000000329e-03 6.557099999999999734e-03 6.941509999999999694e-03 6.436670000000000239e-03 9.998709999999999543e-01 -1.472099999999999971e-02 4.277310000000000313e-03 -6.462909999999999662e-03 1.476260000000000072e-02 9.998700000000000365e-01 -1.709000000000000016e-03
9.999630000000000463e-01 -4.213490000000000291e-03 7.549410000000000322e-03 8.064649999999999597e-03 4.289939999999999899e-03 9.999390000000000223e-01 -1.013939999999999980e-02 5.276799999999999893e-03 -7.506230000000000020e-03 1.017140000000000058e-02 9.999200000000000310e-01 -1.982279999999999893e-03
9.999529999999999808e-01 -2.706780000000000210e-03 9.339329999999999854e-03 8.995960000000000761e-03 2.758440000000000024e-03 9.999810000000000088e-01 -5.522769999999999763e-03 4.759450000000000139e-03 -9.324199999999999502e-03 5.548270000000000111e-03 9.999409999999999688e-01 -2.039819999999999914e-03
9.999390000000000223e-01 -2.008219999999999797e-03 1.082609999999999996e-02 8.197529999999999747e-03 2.059640000000000169e-03 9.999869999999999592e-01 -4.740620000000000077e-03 3.786240000000000178e-03 -1.081640000000000032e-02 4.762630000000000335e-03 9.999299999999999855e-01 -2.814629999999999823e-03
9.999299999999999855e-01 -1.201159999999999945e-03 1.177029999999999917e-02 8.230400000000000563e-03 1.279930000000000087e-03 9.999770000000000048e-01 -6.686430000000000151e-03 5.549189999999999852e-03 -1.176199999999999989e-02 6.701020000000000240e-03 9.999080000000000190e-01 -2.929530000000000068e-03
9.999360000000000470e-01 -1.900870000000000034e-03 1.110820000000000037e-02 7.992000000000000839e-03 1.959770000000000002e-03 9.999839999999999840e-01 -5.293390000000000248e-03 4.314130000000000222e-03 -1.109800000000000023e-02 5.314819999999999614e-03 9.999240000000000350e-01 -2.171779999999999891e-03
9.999620000000000175e-01 -2.277829999999999785e-03 8.407110000000000624e-03 8.280459999999999904e-03 2.334979999999999955e-03 9.999740000000000295e-01 -6.794790000000000205e-03 5.919899999999999642e-03 -8.391410000000000188e-03 6.814159999999999662e-03 9.999419999999999975e-01 -1.410699999999999975e-03
9.999710000000000543e-01 -3.555369999999999971e-03 6.738880000000000044e-03 8.968870000000000314e-03 3.603489999999999992e-03 9.999679999999999680e-01 -7.141749999999999661e-03 5.361099999999999720e-03 -6.713270000000000348e-03 7.165829999999999769e-03 9.999519999999999520e-01 -4.073629999999999959e-04
9.999689999999999968e-01 -5.091509999999999612e-03 6.017490000000000339e-03 8.397200000000000497e-03 5.131690000000000383e-03 9.999649999999999928e-01 -6.681480000000000058e-03 7.068630000000000226e-03 -5.983259999999999794e-03 6.712150000000000061e-03 9.999599999999999600e-01 9.868050000000001040e-04
9.999689999999999968e-01 -5.701969999999999782e-03 5.516659999999999620e-03 7.668839999999999685e-03 5.727499999999999952e-03 9.999730000000000008e-01 -4.622549999999999576e-03 7.920280000000000029e-03 -5.490150000000000065e-03 4.654000000000000151e-03 9.999740000000000295e-01 1.420660000000000022e-03
9.999909999999999632e-01 -2.215729999999999957e-03 3.517940000000000216e-03 5.867119999999999974e-03 2.230030000000000033e-03 9.999890000000000168e-01 -4.065820000000000371e-03 6.246690000000000055e-03 -3.508890000000000186e-03 4.073629999999999959e-03 9.999860000000000415e-01 2.759290000000000180e-03
9.999949999999999672e-01 3.035579999999999962e-03 4.860880000000000257e-04 4.666280000000000081e-03 -3.031789999999999919e-03 9.999660000000000215e-01 -7.617969999999999950e-03 6.331909999999999622e-03 -5.091959999999999542e-04 7.616460000000000244e-03 9.999710000000000543e-01 3.460529999999999856e-03
9.999890000000000168e-01 4.393769999999999967e-03 -1.760749999999999945e-03 3.984429999999999743e-03 -4.410569999999999942e-03 9.999440000000000550e-01 -9.654229999999999756e-03 8.355140000000000483e-03 1.718240000000000002e-03 9.661889999999999368e-03 9.999519999999999520e-01 4.446399999999999658e-03
9.999749999999999472e-01 6.730299999999999824e-03 -2.061589999999999864e-03 3.455199999999999851e-03 -6.745840000000000343e-03 9.999479999999999480e-01 -7.628349999999999888e-03 6.738260000000000256e-03 2.010140000000000104e-03 7.642069999999999939e-03 9.999689999999999968e-01 5.273130000000000005e-03
9.999730000000000008e-01 7.118420000000000303e-03 -1.956190000000000012e-03 2.096520000000000154e-03 -7.135189999999999588e-03 9.999369999999999647e-01 -8.703829999999999206e-03 6.971050000000000336e-03 1.894110000000000064e-03 8.717549999999999258e-03 9.999599999999999600e-01 5.980509999999999646e-03
9.999759999999999760e-01 6.607120000000000180e-03 -2.121650000000000098e-03 5.708819999999999867e-04 -6.626299999999999898e-03 9.999360000000000470e-01 -9.164429999999999452e-03 6.550890000000000185e-03 2.060970000000000076e-03 9.178270000000000525e-03 9.999559999999999560e-01 5.250419999999999567e-03
9.999759999999999760e-01 6.386829999999999591e-03 -2.709809999999999997e-03 2.510640000000000072e-04 -6.410729999999999901e-03 9.999400000000000510e-01 -8.902600000000000097e-03 7.717990000000000093e-03 2.652789999999999922e-03 8.919760000000000535e-03 9.999569999999999848e-01 6.001399999999999617e-03
9.999689999999999968e-01 7.580570000000000017e-03 -2.010810000000000028e-03 -1.782029999999999986e-03 -7.595329999999999963e-03 9.999430000000000263e-01 -7.438529999999999621e-03 8.555329999999999879e-03 1.954299999999999961e-03 7.453579999999999581e-03 9.999700000000000255e-01 6.719509999999999719e-03
9.999470000000000303e-01 1.027330000000000083e-02 -8.457249999999999707e-04 -5.339899999999999855e-03 -1.027740000000000077e-02 9.999339999999999895e-01 -5.104960000000000400e-03 7.825699999999999670e-03 7.932250000000000498e-04 5.113379999999999835e-03 9.999869999999999592e-01 7.265159999999999674e-03
9.999230000000000063e-01 1.233539999999999984e-02 1.454320000000000048e-03 -7.972599999999999826e-03 -1.232959999999999959e-02 9.999160000000000270e-01 -3.963500000000000009e-03 7.824599999999999264e-03 -1.503089999999999895e-03 3.945259999999999913e-03 9.999909999999999632e-01 7.490509999999999703e-03
9.999019999999999575e-01 1.345200000000000042e-02 3.803459999999999827e-03 -1.005409999999999984e-02 -1.343409999999999917e-02 9.998989999999999823e-01 -4.698840000000000135e-03 6.374409999999999625e-03 -3.866280000000000151e-03 4.647280000000000161e-03 9.999820000000000375e-01 7.887720000000000842e-03
9.999029999999999863e-01 1.234500000000000007e-02 6.371629999999999655e-03 -1.439870000000000039e-02 -1.229109999999999925e-02 9.998890000000000278e-01 -8.436809999999999449e-03 5.149850000000000087e-03 -6.475070000000000305e-03 8.357679999999999276e-03 9.999440000000000550e-01 8.491449999999999346e-03
9.999320000000000430e-01 1.016380000000000061e-02 5.761170000000000353e-03 -1.688809999999999964e-02 -1.009299999999999954e-02 9.998749999999999583e-01 -1.219059999999999935e-02 3.613209999999999946e-03 -5.884349999999999997e-03 1.213159999999999933e-02 9.999090000000000478e-01 7.837139999999999385e-03
9.999649999999999928e-01 6.389119999999999869e-03 5.354489999999999944e-03 -1.930199999999999971e-02 -6.294749999999999998e-03 9.998280000000000500e-01 -1.745980000000000101e-02 3.854859999999999884e-03 -5.465120000000000394e-03 1.742550000000000002e-02 9.998329999999999718e-01 7.060880000000000281e-03
9.999810000000000088e-01 4.920890000000000247e-04 6.066679999999999642e-03 -2.185869999999999827e-02 -3.576879999999999947e-04 9.997549999999999493e-01 -2.213520000000000071e-02 2.791130000000000173e-03 -6.076090000000000137e-03 2.213259999999999880e-02 9.997369999999999868e-01 5.274250000000000292e-03
9.999689999999999968e-01 -2.625510000000000170e-03 7.369449999999999612e-03 -2.491430000000000033e-02 2.833009999999999955e-03 9.995960000000000401e-01 -2.828819999999999946e-02 4.002730000000000350e-03 -7.292200000000000418e-03 2.830819999999999864e-02 9.995730000000000448e-01 4.178000000000000290e-03
9.999670000000000503e-01 -3.630889999999999899e-03 7.297969999999999978e-03 -2.680269999999999875e-02 3.865180000000000178e-03 9.994690000000000518e-01 -3.234959999999999919e-02 5.548879999999999958e-03 -7.176639999999999756e-03 3.237670000000000131e-02 9.994499999999999496e-01 4.233279999999999856e-03
9.999519999999999520e-01 -3.861530000000000171e-03 8.967750000000000027e-03 -2.937539999999999943e-02 4.169749999999999845e-03 9.993919999999999471e-01 -3.461009999999999781e-02 5.107529999999999883e-03 -8.828660000000000327e-03 3.464579999999999743e-02 9.993610000000000548e-01 4.570600000000000183e-03
9.999299999999999855e-01 -3.226609999999999982e-03 1.138040000000000058e-02 -3.156280000000000197e-02 3.669319999999999787e-03 9.992290000000000338e-01 -3.909689999999999693e-02 5.328600000000000177e-03 -1.124539999999999915e-02 3.913590000000000124e-02 9.991710000000000313e-01 2.647699999999999793e-03
9.999040000000000150e-01 -1.977169999999999882e-03 1.371990000000000015e-02 -3.253110000000000029e-02 2.592419999999999794e-03 9.989850000000000119e-01 -4.497190000000000215e-02 7.337350000000000295e-03 -1.361700000000000063e-02 4.500309999999999727e-02 9.988939999999999486e-01 2.486120000000000083e-03
9.998380000000000045e-01 -1.259380000000000048e-03 1.796410000000000021e-02 -3.621110000000000301e-02 2.078749999999999869e-03 9.989550000000000374e-01 -4.566619999999999707e-02 7.165340000000000077e-03 -1.788779999999999884e-02 4.569619999999999932e-02 9.987949999999999884e-01 -8.573520000000000544e-05
9.997800000000000020e-01 1.215699999999999897e-03 2.094429999999999903e-02 -4.011760000000000326e-02 -2.220799999999999879e-04 9.988770000000000149e-01 -4.737849999999999701e-02 7.373229999999999715e-03 -2.097840000000000121e-02 4.736339999999999995e-02 9.986570000000000169e-01 -2.303630000000000087e-03
9.997690000000000188e-01 4.433900000000000167e-03 2.101010000000000030e-02 -4.364169999999999855e-02 -3.357800000000000194e-03 9.986939999999999706e-01 -5.097940000000000110e-02 8.277150000000000479e-03 -2.120870000000000047e-02 5.089710000000000067e-02 9.984790000000000054e-01 -3.238500000000000059e-03
9.997789999999999733e-01 6.405959999999999606e-03 2.001390000000000113e-02 -4.543520000000000197e-02 -5.300949999999999586e-03 9.984840000000000382e-01 -5.478530000000000205e-02 7.986490000000000603e-03 -2.033449999999999841e-02 5.466710000000000319e-02 9.982980000000000187e-01 -6.448419999999999846e-03
9.997310000000000363e-01 9.847599999999999756e-03 2.097979999999999984e-02 -4.832039999999999946e-02 -8.571310000000000387e-03 9.981569999999999609e-01 -6.007880000000000165e-02 8.784689999999999513e-03 -2.153280000000000124e-02 5.988279999999999992e-02 9.979729999999999990e-01 -8.326699999999999380e-03
9.996990000000000043e-01 1.118159999999999987e-02 2.183649999999999827e-02 -5.101909999999999779e-02 -9.699680000000000454e-03 9.977169999999999650e-01 -6.682989999999999764e-02 9.234420000000000128e-03 -2.253389999999999907e-02 6.659800000000000442e-02 9.975249999999999950e-01 -1.121819999999999935e-02
9.996739999999999515e-01 1.228220000000000006e-02 2.236259999999999984e-02 -5.242279999999999857e-02 -1.059200000000000072e-02 9.971879999999999633e-01 -7.419190000000000507e-02 1.115529999999999994e-02 -2.321099999999999899e-02 7.393089999999999384e-02 9.969930000000000181e-01 -1.318000000000000074e-02
9.996519999999999850e-01 1.041629999999999986e-02 2.421620000000000023e-02 -5.548449999999999910e-02 -8.448300000000000601e-03 9.967589999999999506e-01 -7.999689999999999579e-02 1.179320000000000021e-02 -2.497100000000000014e-02 7.976460000000000494e-02 9.965009999999999701e-01 -1.503840000000000038e-02
9.996119999999999450e-01 9.606510000000000396e-03 2.616220000000000004e-02 -5.720220000000000166e-02 -7.423329999999999686e-03 9.965800000000000214e-01 -8.230210000000000303e-02 1.585560000000000094e-02 -2.686339999999999908e-02 8.207589999999999331e-02 9.962640000000000384e-01 -1.733360000000000109e-02
9.995309999999999473e-01 1.181390000000000044e-02 2.825899999999999940e-02 -5.848790000000000239e-02 -9.515110000000000234e-03 9.967380000000000129e-01 -8.014300000000000590e-02 1.735710000000000031e-02 -2.911359999999999990e-02 7.983650000000000468e-02 9.963830000000000187e-01 -1.922640000000000113e-02
9.994030000000000413e-01 1.449040000000000050e-02 3.136139999999999761e-02 -6.043300000000000061e-02 -1.196080000000000060e-02 9.967719999999999914e-01 -7.939400000000000623e-02 1.845099999999999865e-02 -3.241059999999999774e-02 7.897150000000000003e-02 9.963499999999999579e-01 -1.991520000000000096e-02
9.992769999999999708e-01 1.695369999999999863e-02 3.403699999999999781e-02 -6.248039999999999844e-02 -1.424579999999999944e-02 9.968299999999999939e-01 -7.828079999999999761e-02 1.837060000000000082e-02 -3.525620000000000143e-02 7.773929999999999729e-02 9.963499999999999579e-01 -2.100339999999999846e-02
9.991940000000000266e-01 1.678489999999999843e-02 3.646819999999999923e-02 -6.511279999999999846e-02 -1.385809999999999993e-02 9.967719999999999914e-01 -7.907540000000000402e-02 2.105020000000000155e-02 -3.767779999999999740e-02 7.850630000000000108e-02 9.962010000000000032e-01 -2.214349999999999999e-02
9.990160000000000151e-01 1.735070000000000015e-02 4.081060000000000243e-02 -6.920030000000000625e-02 -1.421060000000000031e-02 9.970059999999999478e-01 -7.601349999999999774e-02 2.090650000000000147e-02 -4.200720000000000148e-02 7.535880000000000356e-02 9.962710000000000177e-01 -2.404660000000000131e-02
9.989179999999999726e-01 1.638610000000000066e-02 4.352639999999999981e-02 -7.149659999999999349e-02 -1.307679999999999954e-02 9.970790000000000486e-01 -7.525469999999999382e-02 1.941529999999999992e-02 -4.463240000000000263e-02 7.460410000000000652e-02 9.962140000000000439e-01 -2.465739999999999946e-02
9.988390000000000324e-01 1.257959999999999981e-02 4.649240000000000317e-02 -7.390449999999999797e-02 -8.900860000000000022e-03 9.968740000000000379e-01 -7.850179999999999658e-02 1.945449999999999957e-02 -4.733459999999999751e-02 7.799680000000000502e-02 9.958289999999999642e-01 -2.491720000000000046e-02
9.987719999999999931e-01 9.985050000000000522e-03 4.853149999999999825e-02 -7.695670000000000288e-02 -6.056950000000000181e-03 9.967420000000000169e-01 -8.042230000000000212e-02 1.996579999999999883e-02 -4.917640000000000206e-02 8.002960000000000629e-02 9.955789999999999917e-01 -2.453690000000000038e-02
9.986660000000000537e-01 9.533240000000000117e-03 5.074349999999999694e-02 -8.007330000000000003e-02 -5.320919999999999817e-03 9.965760000000000174e-01 -8.250879999999999326e-02 1.927529999999999868e-02 -5.135630000000000056e-02 8.212880000000000180e-02 9.952980000000000160e-01 -2.423410000000000147e-02
9.985300000000000287e-01 4.501350000000000316e-03 5.402069999999999789e-02 -8.422490000000000532e-02 2.142880000000000056e-04 9.962109999999999577e-01 -8.697140000000000426e-02 1.987890000000000143e-02 -5.420749999999999874e-02 8.685510000000000452e-02 9.947449999999999903e-01 -2.564140000000000169e-02
9.983410000000000339e-01 1.708569999999999967e-03 5.755790000000000212e-02 -8.981160000000000532e-02 3.373759999999999953e-03 9.961069999999999647e-01 -8.808660000000000101e-02 2.083780000000000007e-02 -5.748430000000000206e-02 8.813459999999999350e-02 9.944490000000000274e-01 -2.636089999999999961e-02
9.982520000000000282e-01 -1.153869999999999982e-03 5.908850000000000213e-02 -9.470199999999999452e-02 6.411199999999999712e-03 9.960229999999999917e-01 -8.886180000000000467e-02 2.016890000000000002e-02 -5.875099999999999767e-02 8.908530000000000615e-02 9.942900000000000071e-01 -2.714530000000000068e-02
9.981649999999999689e-01 -4.155660000000000256e-03 6.040809999999999930e-02 -9.812350000000000239e-02 9.604760000000000381e-03 9.958780000000000410e-01 -9.019660000000000177e-02 2.047380000000000033e-02 -5.978420000000000262e-02 9.061130000000000573e-02 9.940900000000000292e-01 -2.720409999999999842e-02
9.978740000000000387e-01 -5.410289999999999891e-03 6.495439999999999547e-02 -1.049059999999999993e-01 1.132780000000000072e-02 9.957789999999999697e-01 -9.108320000000000305e-02 2.224500000000000088e-02 -6.418749999999999456e-02 9.162530000000000674e-02 9.937230000000000230e-01 -2.628700000000000134e-02
9.977479999999999682e-01 -5.538559999999999664e-03 6.684950000000000614e-02 -1.091160000000000047e-01 1.167359999999999925e-02 9.957150000000000167e-01 -9.173499999999999710e-02 2.243059999999999846e-02 -6.605489999999999973e-02 9.230869999999999354e-02 9.935370000000000035e-01 -2.499339999999999895e-02
9.975380000000000358e-01 -6.436260000000000071e-03 6.983549999999999480e-02 -1.150019999999999931e-01 1.295239999999999933e-02 9.955580000000000540e-01 -9.325980000000000381e-02 2.300900000000000167e-02 -6.892500000000000016e-02 9.393469999999999598e-02 9.931900000000000173e-01 -2.387919999999999973e-02
9.972299999999999498e-01 -5.519740000000000410e-03 7.417310000000000569e-02 -1.228830000000000061e-01 1.251020000000000083e-02 9.954830000000000068e-01 -9.411419999999999508e-02 2.419560000000000113e-02 -7.331859999999999766e-02 9.478150000000000464e-02 9.927939999999999543e-01 -2.349599999999999952e-02
9.970970000000000111e-01 -6.914990000000000199e-03 7.582189999999999763e-02 -1.287270000000000081e-01 1.403019999999999962e-02 9.955000000000000515e-01 -9.371379999999999988e-02 2.430840000000000084e-02 -7.483270000000000199e-02 9.450559999999999516e-02 9.927080000000000348e-01 -2.076570000000000152e-02
9.968230000000000146e-01 -9.903999999999999609e-03 7.903029999999999777e-02 -1.362980000000000025e-01 1.746369999999999867e-02 9.952720000000000455e-01 -9.554600000000000593e-02 2.320960000000000037e-02 -7.771029999999999605e-02 9.662260000000000293e-02 9.922830000000000261e-01 -1.899440000000000156e-02
9.964319999999999844e-01 -1.563499999999999959e-02 8.294400000000000384e-02 -1.448760000000000048e-01 2.373520000000000144e-02 9.949440000000000506e-01 -9.758989999999999332e-02 2.403809999999999975e-02 -8.099879999999999580e-02 9.921030000000000126e-02 9.917639999999999789e-01 -1.874200000000000171e-02
9.960020000000000540e-01 -2.329470000000000152e-02 8.624020000000000297e-02 -1.528569999999999929e-01 3.155639999999999834e-02 9.949090000000000433e-01 -9.571119999999999628e-02 2.375029999999999850e-02 -8.357159999999999589e-02 9.804999999999999827e-02 9.916660000000000474e-01 -1.767080000000000040e-02
9.955500000000000460e-01 -3.054310000000000011e-02 8.914890000000000314e-02 -1.608259999999999967e-01 3.892400000000000027e-02 9.948259999999999881e-01 -9.383990000000000387e-02 2.382820000000000077e-02 -8.582149999999999501e-02 9.689230000000000065e-02 9.915880000000000249e-01 -1.682099999999999915e-02
9.950700000000000101e-01 -3.644519999999999704e-02 9.223549999999999804e-02 -1.687589999999999923e-01 4.498579999999999940e-02 9.947160000000000446e-01 -9.227950000000000041e-02 2.355840000000000017e-02 -8.838509999999999422e-02 9.597390000000000088e-02 9.914520000000000000e-01 -1.490110000000000046e-02
9.945340000000000291e-01 -3.854470000000000118e-02 9.703900000000000026e-02 -1.760559999999999903e-01 4.749740000000000212e-02 9.946530000000000094e-01 -9.170799999999999785e-02 2.419260000000000160e-02 -9.298520000000000396e-02 9.581580000000000652e-02 9.910459999999999825e-01 -1.272799999999999973e-02
9.937409999999999854e-01 -4.204329999999999873e-02 1.034970000000000057e-01 -1.840630000000000044e-01 5.156070000000000098e-02 9.945089999999999764e-01 -9.107039999999999580e-02 2.357439999999999883e-02 -9.909930000000000128e-02 9.583669999999999689e-02 9.904519999999999991e-01 -1.100070000000000041e-02
9.928649999999999975e-01 -4.435320000000000235e-02 1.106860000000000066e-01 -1.907510000000000039e-01 5.473379999999999912e-02 9.941999999999999726e-01 -9.257959999999999801e-02 2.474410000000000151e-02 -1.059380000000000044e-01 9.797740000000000615e-02 9.895340000000000247e-01 -1.010100000000000060e-02
9.920039999999999969e-01 -4.627769999999999800e-02 1.174120000000000025e-01 -1.968949999999999867e-01 5.751509999999999956e-02 9.938909999999999689e-01 -9.420009999999999495e-02 2.579959999999999892e-02 -1.123350000000000043e-01 1.001999999999999974e-01 9.886049999999999560e-01 -6.395129999999999738e-03
9.912769999999999637e-01 -4.941159999999999997e-02 1.221829999999999999e-01 -2.019739999999999869e-01 6.136930000000000163e-02 9.934760000000000257e-01 -9.612519999999999398e-02 2.571980000000000099e-02 -1.166360000000000036e-01 1.027850000000000014e-01 9.878419999999999979e-01 -5.189749999999999919e-03
9.902680000000000371e-01 -5.434619999999999729e-02 1.281269999999999909e-01 -2.083250000000000102e-01 6.715949999999999698e-02 9.929270000000000040e-01 -9.790329999999999866e-02 2.637729999999999936e-02 -1.219009999999999955e-01 1.055549999999999961e-01 9.869139999999999580e-01 -3.698819999999999799e-03
9.892389999999999795e-01 -5.796280000000000182e-02 1.343340000000000090e-01 -2.141520000000000090e-01 7.145139999999999825e-02 9.926310000000000411e-01 -9.786749999999999616e-02 2.608950000000000158e-02 -1.276710000000000067e-01 1.064129999999999937e-01 9.860910000000000508e-01 -2.546899999999999945e-03
9.879790000000000516e-01 -6.367009999999999337e-02 1.408689999999999942e-01 -2.189450000000000007e-01 7.835839999999999472e-02 9.917650000000000077e-01 -1.013040000000000052e-01 2.508700000000000166e-02 -1.332579999999999876e-01 1.111250000000000016e-01 9.848320000000000407e-01 -1.316549999999999990e-04
9.865239999999999565e-01 -6.893380000000000341e-02 1.483869999999999911e-01 -2.235779999999999990e-01 8.489670000000000549e-02 9.909390000000000143e-01 -1.040750000000000008e-01 2.547929999999999987e-02 -1.398679999999999923e-01 1.152699999999999975e-01 9.834380000000000344e-01 2.185519999999999824e-03
9.851509999999999989e-01 -7.497330000000000660e-02 1.544580000000000120e-01 -2.259420000000000039e-01 9.199000000000000232e-02 9.900870000000000504e-01 -1.061379999999999962e-01 2.813279999999999947e-02 -1.449689999999999868e-01 1.187710000000000016e-01 9.822819999999999885e-01 4.537919999999999975e-03
9.834810000000000496e-01 -7.727779999999999372e-02 1.636839999999999962e-01 -2.317529999999999868e-01 9.532659999999999745e-02 9.898460000000000036e-01 -1.054400000000000059e-01 2.626619999999999996e-02 -1.538740000000000108e-01 1.193020000000000053e-01 9.808620000000000116e-01 5.561909999999999771e-03
9.818000000000000060e-01 -7.969350000000000045e-02 1.723870000000000124e-01 -2.366659999999999875e-01 9.943050000000000499e-02 9.890499999999999847e-01 -1.090570000000000012e-01 2.643320000000000045e-02 -1.618080000000000074e-01 1.242130000000000040e-01 9.789740000000000109e-01 6.870689999999999610e-03
9.800900000000000167e-01 -8.020069999999999977e-02 1.816359999999999919e-01 -2.447699999999999876e-01 1.011699999999999960e-01 9.888489999999999780e-01 -1.092780000000000001e-01 2.684519999999999962e-02 -1.708459999999999979e-01 1.254780000000000062e-01 9.772750000000000048e-01 4.628740000000000111e-03
9.784880000000000244e-01 -7.977670000000000594e-02 1.902540000000000064e-01 -2.514660000000000228e-01 1.017610000000000042e-01 9.888500000000000068e-01 -1.087240000000000012e-01 2.636969999999999939e-02 -1.794590000000000074e-01 1.257459999999999967e-01 9.756960000000000077e-01 2.310389999999999840e-03
9.773439999999999905e-01 -8.090450000000000419e-02 1.955850000000000088e-01 -2.561970000000000081e-01 1.039370000000000016e-01 9.884249999999999980e-01 -1.105099999999999971e-01 2.594979999999999856e-02 -1.843799999999999883e-01 1.283350000000000046e-01 9.744399999999999729e-01 2.176249999999999799e-03
9.757590000000000430e-01 -8.525889999999999858e-02 2.015579999999999872e-01 -2.635640000000000205e-01 1.093869999999999981e-01 9.876970000000000471e-01 -1.117549999999999932e-01 2.711279999999999940e-02 -1.895509999999999973e-01 1.310939999999999883e-01 9.730799999999999450e-01 1.066410000000000058e-03
9.740159999999999929e-01 -8.915520000000000389e-02 2.081919999999999882e-01 -2.733909999999999951e-01 1.136660000000000031e-01 9.875350000000000517e-01 -1.088820000000000066e-01 2.630460000000000090e-02 -1.958900000000000086e-01 1.297169999999999990e-01 9.720090000000000119e-01 -2.283980000000000125e-03
9.727839999999999820e-01 -9.069629999999999359e-02 2.132239999999999969e-01 -2.813680000000000070e-01 1.156319999999999987e-01 9.874560000000000004e-01 -1.075210000000000055e-01 2.627729999999999996e-02 -2.007980000000000043e-01 1.292500000000000038e-01 9.710689999999999600e-01 -3.672040000000000113e-03
9.717289999999999539e-01 -9.107659999999999367e-02 2.178269999999999929e-01 -2.894180000000000086e-01 1.167399999999999965e-01 9.872750000000000137e-01 -1.079839999999999967e-01 2.758170000000000066e-02 -2.052200000000000135e-01 1.303600000000000037e-01 9.699950000000000516e-01 -4.043390000000000005e-03
9.709160000000000013e-01 -8.916499999999999426e-02 2.221970000000000056e-01 -2.975200000000000067e-01 1.149960000000000010e-01 9.876789999999999736e-01 -1.061450000000000032e-01 2.909549999999999984e-02 -2.099949999999999872e-01 1.286100000000000021e-01 9.692070000000000407e-01 -4.596219999999999820e-03
9.699879999999999614e-01 -8.603130000000000499e-02 2.274239999999999873e-01 -3.050910000000000011e-01 1.123920000000000058e-01 9.880360000000000253e-01 -1.056050000000000044e-01 2.901310000000000000e-02 -2.156180000000000041e-01 1.279959999999999987e-01 9.680530000000000523e-01 -4.985990000000000040e-03
9.692209999999999992e-01 -8.402550000000000296e-02 2.314110000000000056e-01 -3.119509999999999783e-01 1.114249999999999963e-01 9.878890000000000171e-01 -1.079809999999999937e-01 2.846819999999999906e-02 -2.195350000000000079e-01 1.304420000000000024e-01 9.668449999999999545e-01 -4.828319999999999661e-03
9.680699999999999861e-01 -8.133129999999999526e-02 2.371209999999999984e-01 -3.191100000000000048e-01 1.105519999999999975e-01 9.874659999999999549e-01 -1.126439999999999941e-01 2.994789999999999952e-02 -2.249869999999999925e-01 1.352609999999999923e-01 9.649280000000000079e-01 -4.511000000000000253e-03
9.666109999999999980e-01 -7.889590000000000491e-02 2.437989999999999879e-01 -3.256069999999999798e-01 1.094669999999999949e-01 9.873750000000000027e-01 -1.144870000000000054e-01 3.224309999999999676e-02 -2.316880000000000051e-01 1.373520000000000019e-01 9.630450000000000399e-01 -3.277729999999999966e-03
9.651790000000000092e-01 -7.556100000000000316e-02 2.504390000000000227e-01 -3.289429999999999854e-01 1.077369999999999994e-01 9.872290000000000232e-01 -1.173529999999999990e-01 3.300510000000000249e-02 -2.383740000000000026e-01 1.402480000000000115e-01 9.609929999999999861e-01 3.500849999999999795e-04
9.632819999999999716e-01 -7.433199999999999530e-02 2.579980000000000051e-01 -3.341879999999999851e-01 1.095229999999999954e-01 9.861170000000000213e-01 -1.248129999999999934e-01 3.204390000000000016e-02 -2.451389999999999958e-01 1.484870000000000079e-01 9.580490000000000395e-01 2.656739999999999883e-03
9.613260000000000138e-01 -7.460559999999999414e-02 2.651169999999999916e-01 -3.413599999999999968e-01 1.131820000000000048e-01 9.845869999999999900e-01 -1.333330000000000071e-01 3.159370000000000234e-02 -2.510830000000000006e-01 1.581829999999999903e-01 9.549530000000000518e-01 2.533979999999999913e-03
9.596879999999999855e-01 -7.602390000000000536e-02 2.705899999999999972e-01 -3.495710000000000206e-01 1.174599999999999950e-01 9.831050000000000066e-01 -1.403820000000000068e-01 3.307580000000000242e-02 -2.553460000000000174e-01 1.665059999999999873e-01 9.524040000000000283e-01 1.682579999999999926e-03
9.592150000000000398e-01 -7.732959999999999834e-02 2.718960000000000266e-01 -3.557069999999999954e-01 1.198059999999999958e-01 9.824079999999999480e-01 -1.432539999999999925e-01 3.473520000000000080e-02 -2.560350000000000126e-01 1.699859999999999982e-01 9.516040000000000054e-01 2.726290000000000137e-03
9.589480000000000226e-01 -7.769669999999999355e-02 2.727289999999999992e-01 -3.622960000000000069e-01 1.207239999999999980e-01 9.820839999999999570e-01 -1.446969999999999923e-01 3.475140000000000173e-02 -2.566010000000000235e-01 1.716820000000000013e-01 9.511469999999999647e-01 3.925569999999999754e-03
9.588889999999999914e-01 -7.825409999999999311e-02 2.727780000000000205e-01 -3.683509999999999840e-01 1.226020000000000026e-01 9.811290000000000289e-01 -1.495150000000000090e-01 3.644680000000000142e-02 -2.559310000000000196e-01 1.768119999999999969e-01 9.503880000000000106e-01 4.477680000000000375e-03
9.584270000000000289e-01 -7.763359999999999705e-02 2.745739999999999847e-01 -3.757679999999999909e-01 1.227970000000000034e-01 9.808289999999999509e-01 -1.513140000000000041e-01 3.684869999999999812e-02 -2.575629999999999864e-01 1.787400000000000100e-01 9.495860000000000412e-01 4.110420000000000046e-03
9.587200000000000166e-01 -7.507949999999999346e-02 2.742609999999999770e-01 -3.804319999999999924e-01 1.204569999999999946e-01 9.809280000000000221e-01 -1.525440000000000129e-01 4.016379999999999950e-02 -2.575770000000000004e-01 1.792829999999999979e-01 9.494799999999999907e-01 5.747880000000000350e-03
9.585900000000000531e-01 -7.469119999999999926e-02 2.748200000000000087e-01 -3.860629999999999895e-01 1.200869999999999993e-01 9.810200000000000031e-01 -1.522489999999999954e-01 4.121500000000000163e-02 -2.582320000000000171e-01 1.789459999999999940e-01 9.493650000000000144e-01 6.013100000000000389e-03
9.590009999999999923e-01 -7.236929999999999752e-02 2.740060000000000273e-01 -3.873070000000000124e-01 1.184810000000000030e-01 9.806789999999999674e-01 -1.556619999999999948e-01 4.162280000000000146e-02 -2.574469999999999814e-01 1.817439999999999889e-01 9.490469999999999740e-01 7.551659999999999970e-03
9.583209999999999784e-01 -6.726999999999999647e-02 2.776620000000000199e-01 -3.912169999999999814e-01 1.163259999999999988e-01 9.795500000000000318e-01 -1.641680000000000084e-01 4.391130000000000033e-02 -2.609409999999999785e-01 1.896249999999999880e-01 9.465479999999999450e-01 8.116180000000000616e-03
9.570680000000000298e-01 -6.532839999999999481e-02 2.824050000000000171e-01 -3.942050000000000276e-01 1.171930000000000055e-01 9.783009999999999762e-01 -1.708580000000000099e-01 4.554799999999999821e-02 -2.651160000000000183e-01 1.966179999999999872e-01 9.439570000000000460e-01 7.060910000000000103e-03
9.557900000000000285e-01 -6.389559999999999684e-02 2.870240000000000014e-01 -3.974340000000000095e-01 1.181450000000000000e-01 9.772999999999999465e-01 -1.758619999999999906e-01 4.743760000000000338e-02 -2.692720000000000113e-01 2.019980000000000109e-01 9.416419999999999790e-01 7.627079999999999624e-03
9.546350000000000113e-01 -6.453470000000000040e-02 2.907009999999999872e-01 -4.025850000000000262e-01 1.202919999999999962e-01 9.766099999999999781e-01 -1.782239999999999935e-01 5.040329999999999810e-02 -2.723999999999999755e-01 2.051080000000000125e-01 9.400690000000000435e-01 5.389549999999999896e-03
9.538219999999999477e-01 -6.440880000000000216e-02 2.933850000000000069e-01 -4.075670000000000126e-01 1.208339999999999970e-01 9.764990000000000059e-01 -1.784640000000000115e-01 5.315770000000000217e-02 -2.749960000000000182e-01 2.056729999999999947e-01 9.391890000000000516e-01 2.241869999999999974e-03
9.536580000000000057e-01 -6.379269999999999385e-02 2.940519999999999801e-01 -4.111060000000000270e-01 1.203769999999999979e-01 9.765399999999999636e-01 -1.785490000000000133e-01 5.682689999999999964e-02 -2.757629999999999804e-01 2.056719999999999937e-01 9.389640000000000208e-01 -1.554610000000000106e-03
9.530830000000000135e-01 -6.259879999999999611e-02 2.961650000000000116e-01 -4.159709999999999797e-01 1.190419999999999950e-01 9.770630000000000148e-01 -1.765700000000000047e-01 5.909509999999999763e-02 -2.783180000000000098e-01 2.035409999999999997e-01 9.386740000000000084e-01 -4.696449999999999583e-03
9.528900000000000148e-01 -6.056940000000000240e-02 2.972080000000000277e-01 -4.186980000000000146e-01 1.170419999999999933e-01 9.773960000000000425e-01 -1.760639999999999983e-01 6.377420000000000311e-02 -2.798260000000000192e-01 2.025560000000000138e-01 9.384390000000000231e-01 -7.063909999999999634e-03
9.524829999999999686e-01 -6.134679999999999994e-02 2.983489999999999753e-01 -4.208250000000000046e-01 1.181460000000000010e-01 9.772300000000000431e-01 -1.762450000000000128e-01 6.703050000000000674e-02 -2.807430000000000203e-01 2.031199999999999950e-01 9.380429999999999602e-01 -9.710589999999999847e-03
9.521239999999999704e-01 -6.043210000000000248e-02 2.996809999999999752e-01 -4.218930000000000180e-01 1.178140000000000021e-01 9.770839999999999526e-01 -1.772769999999999901e-01 7.189890000000000170e-02 -2.821000000000000174e-01 2.040970000000000006e-01 9.374240000000000350e-01 -1.116269999999999936e-02
9.515479999999999494e-01 -6.043889999999999679e-02 3.015030000000000210e-01 -4.253660000000000219e-01 1.176709999999999978e-01 9.774329999999999963e-01 -1.754380000000000106e-01 7.460229999999999639e-02 -2.840960000000000152e-01 2.024150000000000116e-01 9.371859999999999635e-01 -1.463440000000000053e-02
9.507740000000000080e-01 -6.116669999999999746e-02 3.037889999999999757e-01 -4.293239999999999834e-01 1.185859999999999970e-01 9.775220000000000020e-01 -1.743220000000000047e-01 7.838269999999999960e-02 -2.862979999999999969e-01 2.017660000000000009e-01 9.366560000000000441e-01 -1.784300000000000122e-02
9.504340000000000011e-01 -6.298399999999999832e-02 3.044799999999999729e-01 -4.343940000000000023e-01 1.200230000000000047e-01 9.776860000000000550e-01 -1.724090000000000067e-01 8.112510000000000554e-02 -2.868269999999999986e-01 2.004080000000000028e-01 9.367860000000000076e-01 -2.504150000000000126e-02
9.499300000000000521e-01 -6.594919999999999949e-02 3.054230000000000000e-01 -4.418059999999999765e-01 1.232789999999999997e-01 9.772819999999999840e-01 -1.724019999999999997e-01 8.348569999999999602e-02 -2.871150000000000091e-01 2.014219999999999899e-01 9.364799999999999791e-01 -3.199540000000000023e-02
9.502570000000000183e-01 -6.686979999999999313e-02 3.042039999999999744e-01 -4.455830000000000068e-01 1.245109999999999967e-01 9.768029999999999768e-01 -1.742200000000000137e-01 8.813749999999999363e-02 -2.854979999999999740e-01 2.034310000000000007e-01 9.365400000000000391e-01 -3.609579999999999733e-02
9.505609999999999893e-01 -6.511340000000000183e-02 3.036340000000000150e-01 -4.507260000000000155e-01 1.225600000000000023e-01 9.770600000000000396e-01 -1.741620000000000112e-01 9.265379999999999450e-02 -2.853280000000000260e-01 2.027650000000000008e-01 9.367360000000000131e-01 -4.200410000000000255e-02
9.506419999999999870e-01 -6.022260000000000113e-02 3.043890000000000207e-01 -4.550219999999999820e-01 1.166880000000000001e-01 9.783610000000000362e-01 -1.708629999999999871e-01 9.670800000000000229e-02 -2.875130000000000186e-01 1.979480000000000128e-01 9.370979999999999865e-01 -4.702300000000000230e-02
9.506590000000000318e-01 -5.535779999999999867e-02 3.052590000000000026e-01 -4.562459999999999849e-01 1.121570000000000067e-01 9.787270000000000136e-01 -1.717980000000000063e-01 1.017860000000000015e-01 -2.892540000000000111e-01 1.975590000000000124e-01 9.366440000000000321e-01 -4.975910000000000055e-02
9.505510000000000348e-01 -4.736839999999999801e-02 3.069339999999999846e-01 -4.605199999999999849e-01 1.051519999999999955e-01 9.790159999999999973e-01 -1.745579999999999909e-01 1.056300000000000017e-01 -2.922239999999999838e-01 1.982009999999999883e-01 9.355860000000000287e-01 -5.555929999999999896e-02
