1.000000000000000000e+00 1.024810000000000010e-23 6.331440000000000514e-23 1.406710000000000041e-22 -1.024810000000000010e-23 1.000000000000000000e+00 2.568719999999999853e-23 5.702969999999999915e-23 -6.331440000000000514e-23 -2.568719999999999853e-23 1.000000000000000000e+00 -5.516759999999999772e-23
9.999970000000000248e-01 -2.311389999999999972e-03 1.104279999999999937e-04 -2.529729999999999783e-04 2.311280000000000192e-03 9.999970000000000248e-01 9.046759999999999828e-04 -2.588249999999999839e-03 -1.125189999999999979e-04 -9.044180000000000405e-04 1.000000000000000000e+00 -8.614919999999999869e-03
9.999940000000000495e-01 -3.475719999999999851e-03 5.532710000000000362e-04 1.744270000000000157e-05 3.475680000000000089e-03 9.999940000000000495e-01 7.037879999999999776e-05 -5.074660000000000368e-04 -5.535130000000000518e-04 -6.845530000000000169e-05 1.000000000000000000e+00 -9.511169999999999347e-03
9.999900000000000455e-01 -4.281280000000000155e-03 1.544510000000000024e-03 -6.295299999999999984e-04 4.274410000000000188e-03 9.999810000000000088e-01 4.423569999999999933e-03 -1.027080000000000094e-03 -1.563420000000000044e-03 -4.416920000000000394e-03 9.999890000000000168e-01 -1.312639999999999987e-02
9.999850000000000128e-01 -4.972729999999999859e-03 2.500430000000000100e-03 -5.836150000000000018e-04 4.956209999999999956e-03 9.999660000000000215e-01 6.573589999999999815e-03 -2.881170000000000172e-03 -2.533039999999999858e-03 -6.561090000000000325e-03 9.999749999999999472e-01 -1.452160000000000083e-02
9.999839999999999840e-01 -3.767180000000000181e-03 4.109790000000000318e-03 -2.307510000000000030e-03 3.751560000000000138e-03 9.999860000000000415e-01 3.803829999999999798e-03 -2.319400000000000107e-03 -4.124059999999999705e-03 -3.788349999999999791e-03 9.999839999999999840e-01 -1.545149999999999996e-02
9.999879999999999880e-01 -3.705110000000000174e-03 3.315240000000000114e-03 -1.977790000000000104e-03 3.694259999999999992e-03 9.999879999999999880e-01 3.274879999999999979e-03 -2.601270000000000145e-03 -3.327339999999999812e-03 -3.262590000000000108e-03 9.999890000000000168e-01 -1.751079999999999998e-02
9.999930000000000208e-01 -3.797000000000000028e-03 2.325139999999999900e-04 -8.930039999999999766e-04 3.797299999999999981e-03 9.999919999999999920e-01 -1.328050000000000107e-03 3.545460000000000170e-04 -2.274690000000000002e-04 1.328919999999999928e-03 9.999989999999999712e-01 -9.109350000000000433e-03
9.999789999999999512e-01 -5.765929999999999840e-03 2.863670000000000018e-03 -1.676919999999999930e-03 5.762889999999999679e-03 9.999829999999999552e-01 1.067079999999999982e-03 -1.288300000000000035e-03 -2.869780000000000161e-03 -1.050560000000000079e-03 9.999949999999999672e-01 -1.565930000000000100e-02
9.999679999999999680e-01 -6.256890000000000195e-03 5.064070000000000377e-03 -2.506979999999999799e-03 6.243480000000000037e-03 9.999770000000000048e-01 2.658129999999999868e-03 -2.677600000000000032e-03 -5.080590000000000279e-03 -2.626429999999999911e-03 9.999839999999999840e-01 -2.005279999999999910e-02
9.999620000000000175e-01 -6.427450000000000351e-03 5.953009999999999899e-03 -1.694839999999999975e-03 6.418479999999999845e-03 9.999780000000000335e-01 1.524069999999999982e-03 -2.408949999999999980e-03 -5.962669999999999776e-03 -1.485800000000000011e-03 9.999810000000000088e-01 -1.973650000000000057e-02
9.999479999999999480e-01 -7.207380000000000210e-03 7.186490000000000239e-03 -2.406839999999999934e-03 7.187680000000000111e-03 9.999700000000000255e-01 2.763180000000000063e-03 -3.504199999999999850e-03 -7.206190000000000338e-03 -2.711380000000000214e-03 9.999700000000000255e-01 -2.449399999999999841e-02
9.999519999999999520e-01 -5.274939999999999664e-03 8.272440000000000696e-03 -1.550940000000000001e-03 5.270060000000000022e-03 9.999860000000000415e-01 6.115330000000000418e-04 -2.698490000000000003e-03 -8.275549999999999573e-03 -5.679069999999999821e-04 9.999660000000000215e-01 -2.427160000000000081e-02
9.999419999999999975e-01 -4.535629999999999697e-03 9.772780000000000009e-03 -1.017289999999999904e-03 4.554479999999999640e-03 9.999879999999999880e-01 -1.907709999999999961e-03 -4.624900000000000365e-03 -9.764010000000000050e-03 1.952109999999999956e-03 9.999500000000000055e-01 -2.227590000000000126e-02
9.999120000000000230e-01 -3.561840000000000145e-03 1.275150000000000068e-02 -1.279289999999999984e-03 3.677049999999999850e-03 9.999529999999999808e-01 -9.023210000000000258e-03 -3.567990000000000050e-03 -1.271880000000000059e-02 9.069310000000000566e-03 9.998780000000000445e-01 -2.317330000000000084e-02
9.999000000000000110e-01 -4.862349999999999658e-03 1.330689999999999998e-02 -9.015050000000000363e-04 5.010330000000000339e-03 9.999259999999999815e-01 -1.111039999999999944e-02 -1.784779999999999917e-03 -1.325190000000000048e-02 1.117600000000000017e-02 9.998500000000000165e-01 -2.695739999999999942e-02
9.998939999999999495e-01 -2.796869999999999912e-03 1.431810000000000027e-02 -3.110459999999999896e-04 2.890559999999999918e-03 9.999749999999999472e-01 -6.526969999999999994e-03 -3.199060000000000098e-04 -1.429940000000000030e-02 6.567660000000000338e-03 9.998759999999999870e-01 -2.657829999999999915e-02
9.998639999999999750e-01 -7.706530000000000498e-04 1.649609999999999965e-02 -2.113279999999999933e-04 8.112119999999999574e-04 9.999970000000000248e-01 -2.452170000000000044e-03 2.128300000000000070e-04 -1.649420000000000053e-02 2.465220000000000172e-03 9.998609999999999998e-01 -2.493770000000000014e-02
9.998399999999999510e-01 5.734260000000000355e-04 1.786240000000000050e-02 -3.451360000000000105e-04 -5.336009999999999755e-04 9.999970000000000248e-01 -2.234240000000000184e-03 -3.107559999999999771e-04 -1.786369999999999972e-02 2.224359999999999879e-03 9.998380000000000045e-01 -2.401460000000000053e-02
9.998320000000000540e-01 1.604320000000000008e-03 1.824179999999999899e-02 8.763619999999999960e-05 -1.532619999999999946e-03 9.999909999999999632e-01 -3.943359999999999921e-03 6.115610000000000490e-04 -1.824800000000000033e-02 3.914739999999999887e-03 9.998259999999999925e-01 -2.343119999999999925e-02
9.998200000000000420e-01 1.002300000000000023e-03 1.895060000000000147e-02 -1.597459999999999982e-03 -9.556019999999999489e-04 9.999959999999999960e-01 -2.472949999999999801e-03 6.745709999999999489e-05 -1.895300000000000110e-02 2.454399999999999811e-03 9.998169999999999558e-01 -2.417899999999999910e-02
9.999120000000000230e-01 2.092740000000000052e-03 1.306520000000000077e-02 1.947640000000000048e-03 -2.005569999999999922e-03 9.999759999999999760e-01 -6.681750000000000189e-03 3.712340000000000171e-03 -1.307879999999999980e-02 6.654959999999999695e-03 9.998920000000000030e-01 -1.309719999999999981e-02
9.999360000000000470e-01 4.280789999999999921e-04 1.133849999999999962e-02 1.595140000000000099e-03 -3.492179999999999894e-04 9.999759999999999760e-01 -6.956140000000000413e-03 3.725480000000000198e-03 -1.134119999999999920e-02 6.951739999999999656e-03 9.999120000000000230e-01 -1.295359999999999914e-02
9.999479999999999480e-01 -1.575140000000000047e-03 1.004200000000000058e-02 1.488160000000000090e-03 1.658179999999999984e-03 9.999639999999999640e-01 -8.266130000000000005e-03 6.620069999999999601e-03 -1.002860000000000036e-02 8.282350000000000823e-03 9.999149999999999983e-01 -1.117070000000000042e-02
9.999620000000000175e-01 -5.712039999999999609e-04 8.740180000000000171e-03 1.436020000000000092e-03 6.240049999999999590e-04 9.999820000000000375e-01 -6.039680000000000396e-03 6.745819999999999594e-03 -8.736570000000000794e-03 6.044909999999999693e-03 9.999440000000000550e-01 -9.963569999999999718e-03
9.999620000000000175e-01 2.380249999999999987e-03 8.445750000000000132e-03 -2.403660000000000171e-03 -2.322480000000000031e-03 9.999740000000000295e-01 -6.843499999999999757e-03 6.665940000000000407e-03 -8.461820000000000105e-03 6.823619999999999859e-03 9.999409999999999688e-01 -8.020170000000000077e-03
9.999620000000000175e-01 7.035819999999999921e-03 5.166719999999999646e-03 -4.109419999999999913e-03 -6.976849999999999719e-03 9.999109999999999943e-01 -1.134319999999999946e-02 7.189319999999999912e-03 -5.246070000000000247e-03 1.130669999999999939e-02 9.999219999999999775e-01 -4.174139999999999795e-03
9.999470000000000303e-01 1.006130000000000045e-02 2.370929999999999826e-03 -3.105020000000000002e-03 -1.003270000000000030e-02 9.998799999999999910e-01 -1.179290000000000026e-02 7.815439999999999887e-03 -2.489289999999999906e-03 1.176849999999999945e-02 9.999280000000000390e-01 -6.311719999999999831e-03
9.999259999999999815e-01 1.208049999999999922e-02 1.423439999999999992e-03 -3.790579999999999991e-03 -1.206480000000000052e-02 9.998709999999999543e-01 -1.058620000000000047e-02 7.020089999999999664e-03 -1.551150000000000055e-03 1.056819999999999982e-02 9.999430000000000263e-01 -3.906719999999999811e-03
9.999099999999999655e-01 1.332380000000000023e-02 1.828940000000000036e-03 -5.070400000000000081e-03 -1.329989999999999992e-02 9.998329999999999718e-01 -1.251960000000000052e-02 7.626430000000000015e-03 -1.995439999999999801e-03 1.249409999999999930e-02 9.999200000000000310e-01 -3.896479999999999909e-03
9.999369999999999647e-01 1.105390000000000018e-02 2.003720000000000067e-03 -7.464730000000000150e-03 -1.102580000000000053e-02 9.998479999999999590e-01 -1.353760000000000033e-02 8.646380000000000385e-03 -2.153060000000000043e-03 1.351469999999999928e-02 9.999059999999999615e-01 -3.848760000000000115e-03
9.999299999999999855e-01 1.181420000000000040e-02 -8.159299999999999756e-04 -6.729899999999999598e-03 -1.182530000000000039e-02 9.998120000000000340e-01 -1.538750000000000014e-02 1.176950000000000045e-02 6.339860000000000113e-04 1.539599999999999996e-02 9.998810000000000198e-01 3.872920000000000182e-03
9.999029999999999863e-01 1.385590000000000085e-02 1.148949999999999928e-03 -9.360459999999999267e-03 -1.383900000000000061e-02 9.998120000000000340e-01 -1.357700000000000053e-02 1.146789999999999962e-02 -1.336850000000000104e-03 1.355980000000000033e-02 9.999069999999999903e-01 1.426189999999999923e-03
9.998719999999999830e-01 1.597449999999999912e-02 5.166349999999999892e-04 -1.076210000000000014e-02 -1.596780000000000074e-02 9.998110000000000053e-01 -1.105139999999999942e-02 1.100330000000000058e-02 -6.930789999999999824e-04 1.104179999999999919e-02 9.999390000000000223e-01 2.210269999999999856e-03
9.998409999999999798e-01 1.776859999999999898e-02 1.410409999999999962e-03 -1.220079999999999949e-02 -1.775380000000000014e-02 9.997930000000000428e-01 -9.900580000000000838e-03 1.097620000000000019e-02 -1.586039999999999933e-03 9.873969999999999275e-03 9.999500000000000055e-01 2.370099999999999985e-03
9.997989999999999933e-01 1.924119999999999997e-02 5.590559999999999627e-03 -1.706569999999999962e-02 -1.917719999999999841e-02 9.997519999999999740e-01 -1.128589999999999975e-02 9.944839999999999930e-03 -5.806330000000000172e-03 1.117639999999999953e-02 9.999209999999999487e-01 4.054799999999999897e-03
9.998029999999999973e-01 1.822150000000000158e-02 7.874340000000000506e-03 -2.099389999999999937e-02 -1.810840000000000019e-02 9.997350000000000403e-01 -1.421350000000000044e-02 7.689500000000000154e-03 -8.131239999999999649e-03 1.406810000000000005e-02 9.998679999999999790e-01 3.768679999999999947e-03
9.998280000000000500e-01 1.678699999999999984e-02 7.915790000000000673e-03 -2.393139999999999851e-02 -1.663660000000000139e-02 9.996869999999999923e-01 -1.870339999999999850e-02 6.677419999999999883e-03 -8.227280000000000010e-03 1.856850000000000167e-02 9.997939999999999605e-01 2.200179999999999931e-03
9.998890000000000278e-01 1.316529999999999957e-02 6.933550000000000130e-03 -2.545980000000000118e-02 -1.300139999999999976e-02 9.996469999999999523e-01 -2.318069999999999853e-02 6.220070000000000286e-03 -7.236280000000000316e-03 2.308800000000000088e-02 9.997070000000000123e-01 5.815510000000000297e-04
9.999400000000000510e-01 7.472939999999999965e-03 8.034970000000000653e-03 -2.855939999999999868e-02 -7.247530000000000291e-03 9.995889999999999498e-01 -2.772579999999999836e-02 5.231740000000000348e-03 -8.238860000000000627e-03 2.766590000000000021e-02 9.995829999999999993e-01 -7.029990000000000501e-04
9.999470000000000303e-01 3.758640000000000158e-03 9.613399999999999376e-03 -3.192369999999999930e-02 -3.428329999999999832e-03 9.994110000000000493e-01 -3.414840000000000236e-02 6.720989999999999603e-03 -9.736089999999999328e-03 3.411369999999999680e-02 9.993710000000000093e-01 -1.656549999999999906e-03
9.999379999999999935e-01 1.200820000000000012e-03 1.103819999999999975e-02 -3.441679999999999739e-02 -7.963889999999999945e-04 9.993309999999999693e-01 -3.657069999999999765e-02 6.362170000000000325e-03 -1.107469999999999982e-02 3.655959999999999765e-02 9.992699999999999916e-01 -5.853019999999999577e-03
9.999080000000000190e-01 1.207160000000000091e-03 1.352109999999999944e-02 -3.795550000000000312e-02 -6.737470000000000394e-04 9.992240000000000011e-01 -3.938559999999999978e-02 6.878949999999999995e-03 -1.355819999999999942e-02 3.937290000000000234e-02 9.991330000000000489e-01 -8.124660000000000562e-03
9.998719999999999830e-01 2.516770000000000205e-03 1.581950000000000023e-02 -3.951999999999999957e-02 -1.832400000000000088e-03 9.990679999999999561e-01 -4.312740000000000323e-02 6.352690000000000246e-03 -1.591329999999999828e-02 4.309290000000000342e-02 9.989440000000000541e-01 -9.958840000000000053e-03
9.997920000000000140e-01 3.359449999999999936e-03 2.009999999999999981e-02 -4.212679999999999897e-02 -2.389880000000000042e-03 9.988409999999999789e-01 -4.806810000000000249e-02 7.131489999999999878e-03 -2.023820000000000133e-02 4.801010000000000000e-02 9.986420000000000297e-01 -1.254820000000000067e-02
9.997219999999999995e-01 4.227479999999999606e-03 2.321080000000000018e-02 -4.499170000000000252e-02 -3.069099999999999953e-03 9.987589999999999524e-01 -4.971760000000000068e-02 8.239230000000000165e-03 -2.339219999999999841e-02 4.963250000000000300e-02 9.984939999999999927e-01 -1.382240000000000031e-02
9.996319999999999650e-01 5.875430000000000062e-03 2.646799999999999847e-02 -4.947139999999999871e-02 -4.517160000000000099e-03 9.986840000000000162e-01 -5.108800000000000147e-02 7.780590000000000422e-03 -2.673340000000000091e-02 5.094959999999999767e-02 9.983429999999999804e-01 -1.607269999999999879e-02
9.996530000000000138e-01 7.428960000000000077e-03 2.528769999999999976e-02 -5.126950000000000257e-02 -6.082040000000000363e-03 9.985800000000000232e-01 -5.292979999999999907e-02 7.058049999999999741e-03 -2.564500000000000113e-02 5.275769999999999765e-02 9.982779999999999987e-01 -1.941580000000000042e-02
9.996340000000000225e-01 1.255719999999999927e-02 2.397699999999999831e-02 -5.327849999999999947e-02 -1.107320000000000006e-02 9.980729999999999880e-01 -6.105180000000000329e-02 1.128060000000000000e-02 -2.469740000000000130e-02 6.076390000000000263e-02 9.978470000000000395e-01 -1.214950000000000058e-02
9.995610000000000328e-01 1.589619999999999922e-02 2.500820000000000126e-02 -5.658620000000000316e-02 -1.418729999999999991e-02 9.976460000000000328e-01 -6.708490000000000286e-02 1.232549999999999965e-02 -2.601569999999999924e-02 6.670059999999999878e-02 9.974340000000000428e-01 -1.476869999999999919e-02
9.995380000000000376e-01 1.737510000000000096e-02 2.494309999999999930e-02 -5.770299999999999735e-02 -1.550920000000000076e-02 9.972010000000000041e-01 -7.314729999999999843e-02 1.197510000000000067e-02 -2.614419999999999938e-02 7.272670000000000523e-02 9.970090000000000341e-01 -1.767240000000000130e-02
9.994750000000000023e-01 1.685240000000000002e-02 2.768409999999999968e-02 -6.168740000000000334e-02 -1.467380000000000073e-02 9.969160000000000244e-01 -7.709570000000000312e-02 1.014699999999999977e-02 -2.889800000000000008e-02 7.664899999999999491e-02 9.966390000000000526e-01 -2.710430000000000131e-02
9.994250000000000078e-01 1.630759999999999849e-02 2.972810000000000036e-02 -6.483429999999999749e-02 -1.375930000000000035e-02 9.963710000000000067e-01 -8.399660000000000459e-02 1.238769999999999975e-02 -3.099000000000000019e-02 8.353919999999999402e-02 9.960219999999999629e-01 -2.845400000000000013e-02
9.994049999999999878e-01 1.411639999999999943e-02 3.147130000000000066e-02 -6.645489999999999731e-02 -1.137990000000000008e-02 9.962739999999999929e-01 -8.549450000000000105e-02 1.595610000000000084e-02 -3.256089999999999679e-02 8.508549999999999447e-02 9.958409999999999762e-01 -2.998440000000000133e-02
9.992739999999999956e-01 1.636790000000000120e-02 3.440540000000000265e-02 -6.845299999999999996e-02 -1.349350000000000029e-02 9.965260000000000229e-01 -8.217679999999999430e-02 1.595210000000000031e-02 -3.563100000000000295e-02 8.165290000000000048e-02 9.960240000000000204e-01 -3.374749999999999972e-02
9.990940000000000376e-01 2.014149999999999968e-02 3.748169999999999974e-02 -7.014629999999999477e-02 -1.700110000000000163e-02 9.964629999999999876e-01 -8.229309999999999403e-02 1.837540000000000007e-02 -3.900660000000000238e-02 8.158129999999999549e-02 9.959029999999999827e-01 -3.221140000000000114e-02
9.989240000000000341e-01 2.141030000000000016e-02 4.113560000000000133e-02 -7.337639999999999441e-02 -1.808039999999999994e-02 9.966559999999999864e-01 -7.968169999999999420e-02 1.650400000000000131e-02 -4.270410000000000178e-02 7.885230000000000017e-02 9.959710000000000507e-01 -3.782920000000000033e-02
9.988810000000000189e-01 2.114459999999999951e-02 4.231100000000000139e-02 -7.403830000000000133e-02 -1.773639999999999939e-02 9.966880000000000184e-01 -7.936390000000000111e-02 1.816869999999999943e-02 -4.384899999999999909e-02 7.852459999999999996e-02 9.959470000000000267e-01 -3.938640000000000196e-02
9.987070000000000114e-01 2.117609999999999978e-02 4.622110000000000107e-02 -7.791760000000000352e-02 -1.757639999999999897e-02 9.968810000000000171e-01 -7.694209999999999938e-02 1.859979999999999967e-02 -4.770630000000000009e-02 7.603020000000000611e-02 9.959639999999999604e-01 -3.919650000000000217e-02
9.985849999999999449e-01 2.059240000000000029e-02 4.902650000000000063e-02 -8.050169999999999548e-02 -1.677549999999999875e-02 9.968879999999999963e-01 -7.703129999999999700e-02 1.789409999999999959e-02 -5.046019999999999672e-02 7.609989999999999810e-02 9.958230000000000137e-01 -3.938389999999999946e-02
9.984340000000000437e-01 1.619440000000000116e-02 5.355460000000000081e-02 -8.428979999999999806e-02 -1.195869999999999919e-02 9.968430000000000346e-01 -7.848629999999999496e-02 1.604890000000000136e-02 -5.465659999999999963e-02 7.772289999999999754e-02 9.954760000000000275e-01 -4.283900000000000208e-02
9.983039999999999692e-01 1.461460000000000016e-02 5.635819999999999719e-02 -8.816989999999999550e-02 -9.964070000000000218e-03 9.965880000000000294e-01 -8.193300000000000582e-02 1.836689999999999851e-02 -5.736340000000000189e-02 8.123239999999999628e-02 9.950430000000000108e-01 -3.978070000000000217e-02
9.981520000000000392e-01 1.439660000000000072e-02 5.903800000000000020e-02 -9.188789999999999458e-02 -9.394229999999999942e-03 9.964089999999999892e-01 -8.414979999999999682e-02 1.784900000000000028e-02 -6.003750000000000059e-02 8.343960000000000266e-02 9.947030000000000038e-01 -4.009549999999999920e-02
9.979719999999999702e-01 9.750760000000000677e-03 6.289920000000000233e-02 -9.683110000000000328e-02 -4.185760000000000175e-03 9.961109999999999687e-01 -8.800689999999999902e-02 1.772330000000000086e-02 -6.351279999999999426e-02 8.756510000000000682e-02 9.941320000000000157e-01 -4.280149999999999927e-02
9.979059999999999597e-01 6.047799999999999877e-03 6.439649999999999541e-02 -1.003740000000000049e-01 -2.823689999999999794e-04 9.960170000000000412e-01 -8.916530000000000289e-02 1.874929999999999999e-02 -6.467920000000000613e-02 8.896039999999999504e-02 9.939329999999999554e-01 -4.081459999999999949e-02
9.979200000000000292e-01 4.314529999999999581e-03 6.431599999999999817e-02 -1.034889999999999977e-01 1.634770000000000017e-03 9.957430000000000447e-01 -9.216259999999999730e-02 2.005989999999999857e-02 -6.443989999999999441e-02 9.207609999999999406e-02 9.936650000000000205e-01 -3.548790000000000278e-02
9.977789999999999715e-01 2.189260000000000164e-03 6.657059999999999367e-02 -1.078699999999999937e-01 4.077700000000000075e-03 9.955770000000000453e-01 -9.385849999999999749e-02 2.071419999999999859e-02 -6.648170000000000468e-02 9.392159999999999398e-02 9.933570000000000455e-01 -3.562850000000000045e-02
9.975680000000000103e-01 -6.345120000000000534e-04 6.969100000000000295e-02 -1.128569999999999990e-01 7.203969999999999645e-03 9.955410000000000093e-01 -9.405479999999999396e-02 2.216210000000000055e-02 -6.932059999999999611e-02 9.432820000000000094e-02 9.931250000000000355e-01 -3.541729999999999878e-02
9.973090000000000011e-01 1.570489999999999934e-05 7.331290000000000029e-02 -1.194159999999999944e-01 6.890320000000000125e-03 9.955540000000000500e-01 -9.394550000000000123e-02 2.122740000000000044e-02 -7.298839999999999495e-02 9.419779999999999820e-02 9.928740000000000343e-01 -3.430659999999999960e-02
9.971339999999999648e-01 -1.593739999999999957e-03 7.563380000000000103e-02 -1.242589999999999945e-01 8.910299999999999471e-03 9.952929999999999833e-01 -9.649829999999999519e-02 2.239350000000000021e-02 -7.512399999999999634e-02 9.689570000000000127e-02 9.924549999999999761e-01 -3.237820000000000281e-02
9.968399999999999483e-01 -1.336490000000000074e-03 7.942920000000000536e-02 -1.316849999999999965e-01 9.000319999999999154e-03 9.953210000000000113e-01 -9.620689999999999797e-02 2.311269999999999991e-02 -7.892899999999999916e-02 9.661770000000000080e-02 9.921870000000000411e-01 -3.305469999999999936e-02
9.965789999999999926e-01 -5.277770000000000204e-03 8.247430000000000039e-02 -1.397220000000000129e-01 1.285880000000000009e-02 9.957070000000000087e-01 -9.166100000000000636e-02 1.817109999999999906e-02 -8.163650000000000073e-02 9.240800000000000403e-02 9.923689999999999456e-01 -3.933369999999999922e-02
9.964060000000000139e-01 -5.660120000000000255e-03 8.451440000000000341e-02 -1.450279999999999903e-01 1.388900000000000030e-02 9.951780000000000070e-01 -9.709890000000000188e-02 2.156239999999999893e-02 -8.355719999999999814e-02 9.792380000000000528e-02 9.916800000000000059e-01 -2.880699999999999927e-02
9.960499999999999909e-01 -1.197130000000000069e-02 8.798549999999999427e-02 -1.531389999999999973e-01 2.070920000000000052e-02 9.948639999999999706e-01 -9.907939999999999803e-02 2.243559999999999999e-02 -8.634749999999999370e-02 1.005100000000000021e-01 9.911820000000000075e-01 -2.862939999999999929e-02
9.956509999999999527e-01 -1.879669999999999952e-02 9.124989999999999490e-02 -1.610850000000000060e-01 2.765029999999999918e-02 9.949240000000000306e-01 -9.675309999999999466e-02 2.167919999999999917e-02 -8.896809999999999441e-02 9.885539999999999605e-02 9.911170000000000258e-01 -2.726570000000000035e-02
9.951989999999999448e-01 -2.581069999999999892e-02 9.440350000000000130e-02 -1.694019999999999970e-01 3.481530000000000041e-02 9.948669999999999458e-01 -9.501709999999999323e-02 2.200620000000000007e-02 -9.146640000000000326e-02 9.784760000000000679e-02 9.909890000000000088e-01 -2.646269999999999872e-02
9.947279999999999456e-01 -3.243189999999999962e-02 9.728140000000000398e-02 -1.770660000000000012e-01 4.150290000000000229e-02 9.948270000000000168e-01 -9.272039999999999449e-02 2.097890000000000171e-02 -9.377109999999999612e-02 9.626909999999999634e-02 9.909280000000000310e-01 -2.526549999999999976e-02
9.941790000000000349e-01 -3.495850000000000346e-02 1.019110000000000016e-01 -1.841420000000000001e-01 4.439089999999999703e-02 9.947869999999999768e-01 -9.180720000000000547e-02 2.155740000000000087e-02 -9.817059999999999675e-02 9.579669999999999852e-02 9.905479999999999841e-01 -2.323120000000000046e-02
9.933980000000000032e-01 -3.785299999999999776e-02 1.082909999999999984e-01 -1.918169999999999875e-01 4.790149999999999963e-02 9.946289999999999853e-01 -9.174809999999999910e-02 2.139179999999999901e-02 -1.042369999999999963e-01 9.632970000000000421e-02 9.898759999999999781e-01 -2.070939999999999934e-02
9.925690000000000346e-01 -3.984610000000000235e-02 1.149749999999999939e-01 -1.983640000000000125e-01 5.062219999999999914e-02 9.944359999999999866e-01 -9.238200000000000578e-02 2.179530000000000009e-02 -1.106540000000000024e-01 9.751569999999999683e-02 9.890630000000000255e-01 -2.032300000000000079e-02
9.916030000000000122e-01 -4.039820000000000216e-02 1.228439999999999949e-01 -2.058850000000000124e-01 5.195779999999999843e-02 9.943650000000000544e-01 -9.240130000000000565e-02 2.125080000000000024e-02 -1.184189999999999965e-01 9.800820000000000365e-02 9.881149999999999656e-01 -1.965149999999999883e-02
9.906509999999999483e-01 -4.182870000000000338e-02 1.298519999999999952e-01 -2.132139999999999869e-01 5.438679999999999903e-02 9.940170000000000394e-01 -9.472239999999999827e-02 2.183670000000000055e-02 -1.251130000000000020e-01 1.008990000000000026e-01 9.869989999999999597e-01 -1.935979999999999993e-02
9.895969999999999489e-01 -4.507520000000000276e-02 1.366259999999999974e-01 -2.207550000000000068e-01 5.857539999999999969e-02 9.936120000000000507e-01 -9.645860000000000545e-02 2.299220000000000083e-02 -1.314049999999999940e-01 1.034579999999999944e-01 9.859149999999999858e-01 -1.688210000000000058e-02
9.883680000000000243e-01 -5.019110000000000238e-02 1.435589999999999922e-01 -2.273280000000000023e-01 6.442620000000000291e-02 9.932659999999999823e-01 -9.629250000000000309e-02 2.184060000000000168e-02 -1.377589999999999926e-01 1.044209999999999999e-01 9.849459999999999882e-01 -1.698759999999999853e-02
9.870750000000000357e-01 -5.503059999999999896e-02 1.505120000000000069e-01 -2.324130000000000085e-01 7.060929999999999984e-02 9.924589999999999801e-01 -1.001979999999999954e-01 2.151549999999999990e-02 -1.438629999999999909e-01 1.095310000000000034e-01 9.835169999999999746e-01 -1.620330000000000034e-02
9.850269999999999859e-01 -6.141209999999999725e-02 1.610929999999999862e-01 -2.401749999999999996e-01 7.839509999999999534e-02 9.917650000000000077e-01 -1.012770000000000059e-01 2.056339999999999904e-02 -1.535469999999999891e-01 1.123890000000000028e-01 9.817289999999999628e-01 -1.854990000000000111e-02
9.832400000000000029e-01 -6.625659999999999883e-02 1.698510000000000020e-01 -2.461369999999999947e-01 8.401820000000000122e-02 9.914730000000000487e-01 -9.960750000000000159e-02 1.994090000000000099e-02 -1.618030000000000024e-01 1.122090000000000032e-01 9.804230000000000445e-01 -1.860850000000000004e-02
9.813830000000000053e-01 -6.708359999999999324e-02 1.799630000000000118e-01 -2.529460000000000042e-01 8.613389999999999935e-02 9.912300000000000555e-01 -1.002159999999999995e-01 1.945399999999999907e-02 -1.716620000000000090e-01 1.138509999999999939e-01 9.785549999999999526e-01 -1.751410000000000119e-02
9.793290000000000051e-01 -6.803779999999999550e-02 1.904889999999999917e-01 -2.604400000000000048e-01 8.838110000000000410e-02 9.910120000000000040e-01 -1.004140000000000033e-01 1.670639999999999972e-02 -1.819449999999999956e-01 1.151739999999999986e-01 9.765399999999999636e-01 -2.059199999999999919e-02
9.777230000000000087e-01 -6.941819999999999935e-02 1.980860000000000121e-01 -2.663900000000000157e-01 9.104629999999999668e-02 9.905840000000000201e-01 -1.022460000000000035e-01 1.867469999999999894e-02 -1.891230000000000133e-01 1.180029999999999968e-01 9.748369999999999536e-01 -2.110590000000000035e-02
9.758850000000000025e-01 -6.867330000000000656e-02 2.072039999999999993e-01 -2.741839999999999833e-01 9.150669999999999638e-02 9.904950000000000143e-01 -1.026979999999999976e-01 1.899860000000000090e-02 -1.981819999999999971e-01 1.191819999999999963e-01 9.728919999999999790e-01 -2.166090000000000029e-02
9.743840000000000279e-01 -6.891940000000000566e-02 2.140690000000000093e-01 -2.805460000000000176e-01 9.303350000000000508e-02 9.901440000000000241e-01 -1.046870000000000023e-01 1.853520000000000167e-02 -2.047440000000000093e-01 1.219210000000000016e-01 9.711929999999999730e-01 -2.225620000000000029e-02
9.725660000000000416e-01 -7.268189999999999373e-02 2.209820000000000118e-01 -2.894539999999999891e-01 9.763170000000000182e-02 9.897580000000000267e-01 -1.041519999999999946e-01 1.837569999999999829e-02 -2.111490000000000034e-01 1.228699999999999931e-01 9.697010000000000352e-01 -2.422109999999999888e-02
9.714720000000000022e-01 -7.630299999999999583e-02 2.245439999999999936e-01 -2.946079999999999810e-01 1.016220000000000040e-01 9.894309999999999494e-01 -1.034380000000000022e-01 1.941560000000000161e-02 -2.142779999999999963e-01 1.233059999999999989e-01 9.689590000000000147e-01 -2.023010000000000086e-02
9.701650000000000551e-01 -7.856409999999999783e-02 2.293640000000000123e-01 -3.021929999999999894e-01 1.042779999999999957e-01 9.892819999999999947e-01 -1.022150000000000003e-01 1.959359999999999921e-02 -2.188749999999999862e-01 1.230829999999999980e-01 9.679590000000000138e-01 -2.205009999999999956e-02
9.691290000000000182e-01 -7.959280000000000521e-02 2.333550000000000069e-01 -3.104939999999999922e-01 1.059940000000000049e-01 9.890330000000000510e-01 -1.028560000000000030e-01 2.101690000000000155e-02 -2.226100000000000023e-01 1.244149999999999978e-01 9.669360000000000177e-01 -2.380410000000000165e-02
9.683370000000000033e-01 -7.848739999999999883e-02 2.369870000000000032e-01 -3.173400000000000110e-01 1.050460000000000005e-01 9.892649999999999499e-01 -1.015899999999999997e-01 2.233970000000000053e-02 -2.264690000000000036e-01 1.232680000000000026e-01 9.661870000000000180e-01 -2.277339999999999920e-02
9.671760000000000357e-01 -7.523860000000000270e-02 2.427140000000000131e-01 -3.258380000000000165e-01 1.018960000000000005e-01 9.898369999999999669e-01 -9.919909999999999839e-02 2.127269999999999855e-02 -2.327839999999999909e-01 1.206740000000000035e-01 9.650130000000000097e-01 -2.414789999999999992e-02
9.662429999999999630e-01 -7.240270000000000039e-02 2.472479999999999956e-01 -3.332249999999999934e-01 1.008069999999999938e-01 9.894330000000000069e-01 -1.042119999999999991e-01 2.273249999999999924e-02 -2.370899999999999952e-01 1.256180000000000074e-01 9.633319999999999661e-01 -2.344219999999999984e-02
9.646280000000000410e-01 -7.659199999999999342e-02 2.522429999999999950e-01 -3.432459999999999956e-01 1.055600000000000011e-01 9.890259999999999607e-01 -1.033700000000000035e-01 1.751420000000000060e-02 -2.415569999999999939e-01 1.263410000000000089e-01 9.621269999999999545e-01 -3.110100000000000017e-02
9.629339999999999566e-01 -7.619520000000000459e-02 2.587510000000000088e-01 -3.494840000000000169e-01 1.063090000000000007e-01 9.888329999999999620e-01 -1.044410000000000061e-01 1.892440000000000094e-02 -2.479040000000000132e-01 1.280769999999999964e-01 9.602810000000000512e-01 -3.045959999999999987e-02
9.607820000000000249e-01 -7.549580000000000179e-02 2.668280000000000096e-01 -3.549530000000000185e-01 1.070989999999999998e-01 9.885890000000000510e-01 -1.059279999999999944e-01 1.789129999999999887e-02 -2.557869999999999866e-01 1.303509999999999946e-01 9.579050000000000065e-01 -2.952180000000000082e-02
9.581509999999999749e-01 -7.457199999999999940e-02 2.763800000000000145e-01 -3.630700000000000038e-01 1.093070000000000014e-01 9.876249999999999751e-01 -1.124649999999999955e-01 1.631610000000000005e-02 -2.645730000000000026e-01 1.379680000000000073e-01 9.544449999999999878e-01 -2.944710000000000036e-02
9.563779999999999504e-01 -7.449740000000000528e-02 2.824749999999999761e-01 -3.697199999999999931e-01 1.126589999999999953e-01 9.861969999999999903e-01 -1.213390000000000024e-01 1.597880000000000134e-02 -2.695370000000000266e-01 1.478690000000000004e-01 9.515700000000000269e-01 -2.823799999999999921e-02
9.550170000000000048e-01 -7.468450000000000089e-02 2.869920000000000249e-01 -3.772610000000000130e-01 1.152590000000000003e-01 9.851609999999999534e-01 -1.271730000000000083e-01 1.602529999999999927e-02 -2.732359999999999789e-01 1.545310000000000017e-01 9.494540000000000202e-01 -2.753689999999999957e-02
9.547200000000000131e-01 -7.645649999999999669e-02 2.875139999999999918e-01 -3.819980000000000042e-01 1.184909999999999991e-01 9.841760000000000508e-01 -1.317470000000000030e-01 2.005339999999999900e-02 -2.728920000000000234e-01 1.598489999999999911e-01 9.486719999999999597e-01 -2.386660000000000170e-02
9.542709999999999804e-01 -7.811680000000000013e-02 2.885559999999999792e-01 -3.893280000000000074e-01 1.205249999999999932e-01 9.838639999999999608e-01 -1.322359999999999924e-01 1.838659999999999947e-02 -2.735699999999999799e-01 1.609669999999999990e-01 9.482869999999999910e-01 -2.437519999999999964e-02
9.541250000000000009e-01 -7.875400000000000456e-02 2.888649999999999829e-01 -3.953329999999999900e-01 1.223400000000000043e-01 9.831180000000000474e-01 -1.360609999999999875e-01 1.899290000000000006e-02 -2.732729999999999881e-01 1.651590000000000003e-01 9.476520000000000499e-01 -2.329739999999999936e-02
9.541929999999999579e-01 -7.729650000000000409e-02 2.890340000000000131e-01 -4.008740000000000081e-01 1.218439999999999940e-01 9.827050000000000507e-01 -1.394420000000000104e-01 2.153659999999999949e-02 -2.732570000000000277e-01 1.682720000000000049e-01 9.471089999999999787e-01 -2.294480000000000131e-02
9.543279999999999541e-01 -7.689959999999999851e-02 2.886940000000000062e-01 -4.061119999999999730e-01 1.212649999999999978e-01 9.828299999999999814e-01 -1.390669999999999962e-01 2.294519999999999893e-02 -2.730429999999999802e-01 1.677240000000000120e-01 9.472679999999999989e-01 -2.361359999999999848e-02
9.542140000000000066e-01 -7.569009999999999627e-02 2.893910000000000093e-01 -4.121139999999999803e-01 1.200539999999999941e-01 9.830240000000000089e-01 -1.387470000000000092e-01 2.368920000000000053e-02 -2.739770000000000261e-01 1.671370000000000078e-01 9.471019999999999994e-01 -2.276859999999999995e-02
9.544310000000000294e-01 -7.455920000000000603e-02 2.889680000000000026e-01 -4.152210000000000067e-01 1.195070000000000021e-01 9.827479999999999549e-01 -1.411519999999999997e-01 2.328049999999999911e-02 -2.734590000000000076e-01 1.692529999999999868e-01 9.468760000000000510e-01 -2.451240000000000016e-02
9.536780000000000257e-01 -7.192310000000000370e-02 2.921050000000000035e-01 -4.185440000000000271e-01 1.191780000000000062e-01 9.818799999999999750e-01 -1.473359999999999947e-01 2.336059999999999873e-02 -2.762149999999999883e-01 1.753240000000000076e-01 9.449689999999999479e-01 -2.592830000000000135e-02
9.522329999999999961e-01 -7.004000000000000503e-02 2.972330000000000250e-01 -4.220880000000000187e-01 1.205350000000000033e-01 9.805169999999999719e-01 -1.551029999999999909e-01 2.566950000000000134e-02 -2.805790000000000228e-01 1.835209999999999897e-01 9.421230000000000437e-01 -2.695360000000000117e-02
9.503319999999999546e-01 -6.809830000000000050e-02 3.036960000000000215e-01 -4.274700000000000166e-01 1.212769999999999959e-01 9.796660000000000368e-01 -1.598320000000000018e-01 2.783079999999999929e-02 -2.866360000000000019e-01 1.887250000000000039e-01 9.392669999999999630e-01 -2.962740000000000165e-02
9.493260000000000032e-01 -6.820360000000000311e-02 3.068029999999999924e-01 -4.328130000000000033e-01 1.225369999999999931e-01 9.792399999999999993e-01 -1.614720000000000044e-01 3.021899999999999933e-02 -2.894209999999999838e-01 1.908849999999999991e-01 9.379760000000000320e-01 -3.234909999999999869e-02
9.485179999999999723e-01 -6.806070000000000175e-02 3.093230000000000146e-01 -4.376860000000000195e-01 1.228429999999999939e-01 9.792419999999999458e-01 -1.612260000000000082e-01 3.234859999999999819e-02 -2.919289999999999941e-01 1.909240000000000104e-01 9.371899999999999675e-01 -3.407260000000000150e-02
9.484200000000000408e-01 -6.769390000000000129e-02 3.097050000000000081e-01 -4.408900000000000041e-01 1.225259999999999960e-01 9.792920000000000513e-01 -1.611650000000000027e-01 3.579310000000000130e-02 -2.923810000000000020e-01 1.907989999999999964e-01 9.370749999999999913e-01 -3.572820000000000162e-02
9.483759999999999968e-01 -6.701179999999999637e-02 3.099859999999999838e-01 -4.437610000000000166e-01 1.213909999999999989e-01 9.796899999999999498e-01 -1.595999999999999919e-01 3.829409999999999759e-02 -2.929950000000000054e-01 1.889899999999999913e-01 9.372489999999999988e-01 -3.866870000000000029e-02
9.476689999999999836e-01 -6.591049999999999687e-02 3.123750000000000138e-01 -4.486979999999999857e-01 1.199839999999999934e-01 9.802560000000000162e-01 -1.571710000000000051e-01 4.090309999999999779e-02 -2.958479999999999999e-01 1.864270000000000094e-01 9.368659999999999766e-01 -4.331320000000000309e-02
9.470920000000000449e-01 -6.728459999999999996e-02 3.138310000000000266e-01 -4.514469999999999872e-01 1.214780000000000026e-01 9.801870000000000305e-01 -1.564510000000000067e-01 4.347419999999999757e-02 -2.970860000000000167e-01 1.862969999999999904e-01 9.365010000000000279e-01 -4.731389999999999901e-02
9.461990000000000123e-01 -6.739259999999999695e-02 3.164890000000000203e-01 -4.555379999999999985e-01 1.218830000000000052e-01 9.802629999999999955e-01 -1.556559999999999888e-01 4.664469999999999728e-02 -2.997529999999999917e-01 1.858559999999999934e-01 9.357379999999999587e-01 -5.374450000000000061e-02
9.455440000000000511e-01 -6.739910000000000345e-02 3.184390000000000276e-01 -4.590899999999999981e-01 1.218280000000000057e-01 9.804969999999999519e-01 -1.542189999999999950e-01 4.993650000000000172e-02 -3.018339999999999912e-01 1.846160000000000023e-01 9.353150000000000075e-01 -5.786970000000000308e-02
9.446820000000000217e-01 -6.811240000000000350e-02 3.208380000000000121e-01 -4.637040000000000051e-01 1.224920000000000037e-01 9.806869999999999754e-01 -1.524729999999999974e-01 5.325209999999999666e-02 -3.042560000000000264e-01 1.833380000000000010e-01 9.347809999999999730e-01 -6.222690000000000166e-02
9.443890000000000340e-01 -6.917900000000000438e-02 3.214699999999999780e-01 -4.690210000000000212e-01 1.231779999999999958e-01 9.808620000000000116e-01 -1.507860000000000034e-01 5.617489999999999983e-02 -3.048870000000000191e-01 1.819989999999999941e-01 9.348370000000000291e-01 -6.755719999999999781e-02
9.444909999999999695e-01 -7.204850000000000143e-02 3.205390000000000184e-01 -4.734929999999999972e-01 1.262719999999999954e-01 9.803250000000000020e-01 -1.517199999999999938e-01 5.921429999999999749e-02 -3.033009999999999873e-01 1.837729999999999919e-01 9.350060000000000038e-01 -7.312040000000000206e-02
9.445480000000000542e-01 -7.321690000000000142e-02 3.201080000000000036e-01 -4.793319999999999803e-01 1.278620000000000034e-01 9.798949999999999605e-01 -1.531569999999999876e-01 6.340250000000000052e-02 -3.024580000000000046e-01 1.855940000000000090e-01 9.349189999999999445e-01 -7.893759999999999666e-02
9.447999999999999732e-01 -7.176349999999999396e-02 3.196910000000000029e-01 -4.849180000000000157e-01 1.259709999999999996e-01 9.802830000000000155e-01 -1.522370000000000112e-01 6.698350000000000137e-02 -3.024629999999999819e-01 1.841049999999999909e-01 9.352120000000000433e-01 -8.478579999999999450e-02
9.449610000000000509e-01 -6.722630000000000272e-02 3.202030000000000154e-01 -4.887279999999999958e-01 1.202170000000000044e-01 9.815469999999999473e-01 -1.487020000000000008e-01 7.115150000000000641e-02 -3.042980000000000129e-01 1.790120000000000045e-01 9.356050000000000200e-01 -9.062140000000000473e-02
9.445869999999999544e-01 -6.089379999999999793e-02 3.225640000000000174e-01 -4.931940000000000213e-01 1.136790000000000023e-01 9.825209999999999777e-01 -1.474119999999999875e-01 7.390019999999999922e-02 -3.079489999999999728e-01 1.759120000000000128e-01 9.349979999999999958e-01 -9.551500000000000268e-02
9.444519999999999582e-01 -5.404380000000000295e-02 3.241760000000000197e-01 -4.972179999999999933e-01 1.079129999999999950e-01 9.826920000000000099e-01 -1.505680000000000074e-01 7.790579999999999727e-02 -3.104279999999999817e-01 1.771870000000000112e-01 9.339380000000000459e-01 -1.025169999999999970e-01
