1.000000000000000000e+00 1.252780000000000035e-23 1.613199999999999914e-23 9.698749999999999860e-25 -1.252780000000000035e-23 1.000000000000000000e+00 -1.470089999999999924e-23 -2.316560000000000127e-24 -1.613199999999999914e-23 1.470089999999999924e-23 1.000000000000000000e+00 3.113730000000000230e-23
9.999980000000000535e-01 -8.545109999999999642e-04 -1.966519999999999813e-03 1.335419999999999923e-03 8.504139999999999660e-04 9.999970000000000248e-01 -2.083230000000000151e-03 -3.473269999999999765e-04 1.968290000000000144e-03 2.081550000000000154e-03 9.999959999999999960e-01 6.398040000000000021e-04
9.999930000000000208e-01 -2.795709999999999862e-03 -2.382159999999999920e-03 2.564190000000000046e-03 2.791179999999999876e-03 9.999940000000000495e-01 -1.904560000000000020e-03 9.587219999999999596e-04 2.387479999999999984e-03 1.897900000000000108e-03 9.999949999999999672e-01 -1.466669999999999969e-05
9.999980000000000535e-01 -1.234260000000000045e-03 -1.217980000000000017e-03 2.506280000000000053e-03 1.235530000000000092e-03 9.999989999999999712e-01 1.044559999999999933e-03 1.350159999999999989e-03 1.216690000000000089e-03 -1.046059999999999915e-03 9.999989999999999712e-01 -1.317230000000000126e-04
9.999989999999999712e-01 -1.076069999999999935e-03 -5.259099999999999843e-04 2.545869999999999991e-03 1.076700000000000096e-03 9.999989999999999712e-01 1.191889999999999920e-03 1.965759999999999990e-03 5.246269999999999493e-04 -1.192460000000000004e-03 9.999989999999999712e-01 2.866659999999999825e-04
9.999949999999999672e-01 -2.882009999999999954e-03 -1.141180000000000102e-03 2.416859999999999842e-03 2.884170000000000136e-03 9.999940000000000495e-01 1.896780000000000037e-03 -5.065570000000000359e-04 1.135710000000000061e-03 -1.900060000000000074e-03 9.999980000000000535e-01 -4.729479999999999990e-04
9.999959999999999960e-01 -2.162680000000000158e-03 -1.605649999999999916e-03 2.130009999999999890e-03 2.160399999999999820e-03 9.999970000000000248e-01 -1.415680000000000107e-03 1.543510000000000108e-03 1.608700000000000017e-03 1.412199999999999957e-03 9.999980000000000535e-01 -2.323360000000000063e-04
9.999959999999999960e-01 -2.906329999999999938e-03 -3.987940000000000039e-04 1.500409999999999982e-03 2.905220000000000025e-03 9.999919999999999920e-01 -2.741959999999999884e-03 2.164090000000000024e-03 4.067599999999999883e-04 2.740789999999999893e-03 9.999959999999999960e-01 5.261100000000000162e-05
9.999839999999999840e-01 -5.436449999999999790e-03 -1.452549999999999935e-03 3.047419999999999903e-03 5.433580000000000354e-03 9.999829999999999552e-01 -1.969289999999999843e-03 1.623059999999999954e-03 1.463230000000000043e-03 1.961360000000000100e-03 9.999970000000000248e-01 -1.888899999999999997e-03
9.999850000000000128e-01 -5.395719999999999683e-03 -9.812690000000001082e-04 4.172590000000000326e-03 5.395050000000000193e-03 9.999850000000000128e-01 -6.845609999999999803e-04 4.739410000000000216e-04 9.849480000000000301e-04 6.792560000000000438e-04 9.999989999999999712e-01 -1.945429999999999946e-03
9.999860000000000415e-01 -5.063780000000000364e-03 1.494969999999999979e-03 3.125559999999999884e-03 5.067549999999999659e-03 9.999839999999999840e-01 -2.526850000000000190e-03 1.680649999999999896e-03 -1.482150000000000004e-03 2.534390000000000080e-03 9.999959999999999960e-01 -3.234240000000000205e-03
9.999900000000000455e-01 -4.565470000000000292e-03 -2.626689999999999884e-04 5.270010000000000319e-03 4.564640000000000017e-03 9.999850000000000128e-01 -3.106470000000000065e-03 1.909359999999999920e-03 2.768480000000000029e-04 3.105239999999999997e-03 9.999949999999999672e-01 -1.346119999999999912e-03
9.999890000000000168e-01 -4.597770000000000155e-03 1.948829999999999974e-04 6.078670000000000427e-03 4.598449999999999586e-03 9.999829999999999552e-01 -3.643710000000000091e-03 1.590990000000000026e-03 -1.781270000000000108e-04 3.644570000000000188e-03 9.999930000000000208e-01 -1.905009999999999950e-03
9.999930000000000208e-01 -3.158740000000000159e-03 2.165680000000000122e-03 6.666970000000000361e-03 3.173590000000000005e-03 9.999710000000000543e-01 -6.885979999999999879e-03 8.943319999999999612e-04 -2.143869999999999977e-03 6.892810000000000083e-03 9.999740000000000295e-01 -1.155760000000000034e-03
9.999909999999999632e-01 -3.269649999999999813e-03 2.692379999999999860e-03 8.368109999999999785e-03 3.304559999999999789e-03 9.999090000000000478e-01 -1.306629999999999944e-02 7.737640000000000273e-04 -2.649410000000000046e-03 1.307509999999999922e-02 9.999109999999999943e-01 -2.718859999999999918e-04
9.999860000000000415e-01 -2.902239999999999941e-03 4.447010000000000372e-03 7.826869999999999661e-03 2.976879999999999891e-03 9.998529999999999918e-01 -1.687090000000000117e-02 4.481080000000000133e-03 -4.397390000000000153e-03 1.688390000000000030e-02 9.998479999999999590e-01 -1.659399999999999894e-03
9.999839999999999840e-01 -9.494920000000000226e-04 5.528820000000000262e-03 8.842859999999999263e-03 1.019539999999999986e-03 9.999190000000000023e-01 -1.268129999999999952e-02 6.047880000000000270e-03 -5.516339999999999785e-03 1.268670000000000041e-02 9.999040000000000150e-01 -1.702119999999999892e-03
9.999730000000000008e-01 1.017699999999999963e-04 7.387030000000000159e-03 9.384939999999999602e-03 -4.363320000000000094e-05 9.999689999999999968e-01 -7.869869999999999297e-03 5.541130000000000014e-03 -7.387610000000000184e-03 7.869340000000000709e-03 9.999419999999999975e-01 -1.727390000000000089e-03
9.999519999999999520e-01 2.368449999999999809e-03 9.551620000000000249e-03 8.409790000000000321e-03 -2.293519999999999847e-03 9.999670000000000503e-01 -7.847969999999999252e-03 5.374140000000000340e-03 -9.569889999999999300e-03 7.825679999999999789e-03 9.999240000000000350e-01 -1.887800000000000025e-03
9.999479999999999480e-01 2.235519999999999955e-03 9.987960000000000588e-03 8.450030000000000735e-03 -2.151520000000000082e-03 9.999620000000000175e-01 -8.413089999999999805e-03 5.333710000000000187e-03 -1.000640000000000036e-02 8.391159999999999938e-03 9.999149999999999983e-01 -2.465370000000000148e-03
9.999529999999999808e-01 1.368979999999999893e-03 9.588249999999999551e-03 7.861989999999999257e-03 -1.290190000000000087e-03 9.999649999999999928e-01 -8.218680000000000777e-03 6.275069999999999780e-03 -9.599170000000000619e-03 8.205930000000000168e-03 9.999200000000000310e-01 -1.949739999999999937e-03
9.999789999999999512e-01 6.042000000000000495e-04 6.420770000000000123e-03 9.184380000000000668e-03 -5.462400000000000285e-04 9.999590000000000423e-01 -9.024930000000000452e-03 6.224089999999999831e-03 -6.425959999999999658e-03 9.021229999999999874e-03 9.999390000000000223e-01 -7.288830000000000482e-05
9.999930000000000208e-01 -5.037769999999999575e-04 3.676319999999999848e-03 1.028850000000000077e-02 5.413250000000000527e-04 9.999479999999999480e-01 -1.021949999999999942e-02 6.949860000000000412e-03 -3.670969999999999962e-03 1.022149999999999968e-02 9.999409999999999688e-01 1.206730000000000042e-03
9.999940000000000495e-01 -1.564449999999999999e-03 2.972890000000000168e-03 9.868220000000000464e-03 1.593639999999999900e-03 9.999500000000000055e-01 -9.841199999999999601e-03 8.386559999999999501e-03 -2.957350000000000083e-03 9.845879999999999563e-03 9.999470000000000303e-01 1.800519999999999898e-03
9.999949999999999672e-01 -1.530660000000000093e-03 2.672550000000000099e-03 9.023099999999999177e-03 1.548780000000000035e-03 9.999759999999999760e-01 -6.790629999999999757e-03 8.232690000000000841e-03 -2.662090000000000203e-03 6.794729999999999694e-03 9.999730000000000008e-01 2.691680000000000114e-03
9.999959999999999960e-01 2.527160000000000083e-03 1.598749999999999911e-03 6.644100000000000006e-03 -2.514029999999999997e-03 9.999639999999999640e-01 -8.161119999999999139e-03 8.602189999999999143e-03 -1.619310000000000107e-03 8.157060000000000699e-03 9.999649999999999928e-01 5.493060000000000130e-03
9.999770000000000048e-01 6.113940000000000000e-03 -2.890499999999999840e-03 6.247520000000000330e-03 -6.148439999999999808e-03 9.999080000000000190e-01 -1.208069999999999977e-02 8.670169999999999613e-03 2.816369999999999898e-03 1.209819999999999993e-02 9.999230000000000063e-01 5.156400000000000219e-03
9.999550000000000383e-01 8.334259999999999585e-03 -4.501980000000000044e-03 5.168729999999999852e-03 -8.388980000000000742e-03 9.998890000000000278e-01 -1.227540000000000055e-02 8.770810000000000412e-03 4.399169999999999990e-03 1.231259999999999993e-02 9.999149999999999983e-01 5.871770000000000114e-03
9.999350000000000183e-01 9.899989999999999138e-03 -5.624579999999999684e-03 4.985579999999999873e-03 -9.967880000000000143e-03 9.998759999999999870e-01 -1.217260000000000043e-02 9.688979999999999815e-03 5.503380000000000424e-03 1.222789999999999988e-02 9.999099999999999655e-01 7.534629999999999626e-03
9.999160000000000270e-01 1.164869999999999968e-02 -5.669050000000000131e-03 4.354209999999999851e-03 -1.172130000000000047e-02 9.998479999999999590e-01 -1.293139999999999915e-02 8.707509999999999903e-03 5.517550000000000406e-03 1.299669999999999992e-02 9.999000000000000110e-01 7.914320000000000729e-03
9.999339999999999895e-01 9.972639999999999630e-03 -5.638920000000000390e-03 1.996229999999999880e-03 -1.005039999999999926e-02 9.998519999999999630e-01 -1.392900000000000041e-02 9.678620000000000625e-03 5.499180000000000214e-03 1.398469999999999921e-02 9.998869999999999703e-01 8.455990000000000034e-03
9.999200000000000310e-01 1.017979999999999927e-02 -7.481849999999999959e-03 2.443299999999999812e-03 -1.028100000000000021e-02 9.998540000000000205e-01 -1.361820000000000044e-02 1.047159999999999931e-02 7.342129999999999664e-03 1.369399999999999958e-02 9.998789999999999623e-01 1.005789999999999983e-02
9.999090000000000478e-01 1.203159999999999993e-02 -6.033929999999999849e-03 -3.382670000000000056e-04 -1.210720000000000025e-02 9.998470000000000413e-01 -1.265299999999999932e-02 1.159630000000000036e-02 5.880759999999999633e-03 1.272490000000000079e-02 9.999019999999999575e-01 1.023609999999999971e-02
9.998650000000000038e-01 1.567819999999999978e-02 -4.979360000000000383e-03 -3.170130000000000170e-03 -1.572909999999999933e-02 9.998230000000000173e-01 -1.035009999999999923e-02 1.110249999999999952e-02 4.816199999999999648e-03 1.042700000000000050e-02 9.999339999999999895e-01 9.968589999999999396e-03
9.998519999999999630e-01 1.681639999999999871e-02 -3.559500000000000164e-03 -4.809309999999999800e-03 -1.684619999999999868e-02 9.998219999999999885e-01 -8.504239999999999716e-03 1.015639999999999946e-02 3.415860000000000164e-03 8.562949999999999728e-03 9.999580000000000135e-01 9.732140000000000235e-03
9.998310000000000253e-01 1.838570000000000135e-02 -8.522609999999999908e-04 -7.906629999999999561e-03 -1.839340000000000072e-02 9.997800000000000020e-01 -1.009840000000000043e-02 9.651689999999999228e-03 6.664060000000000296e-04 1.011240000000000056e-02 9.999489999999999768e-01 9.978539999999999285e-03
9.998559999999999670e-01 1.692540000000000017e-02 9.308380000000000213e-04 -1.095939999999999935e-02 -1.691140000000000004e-02 9.997660000000000435e-01 -1.347399999999999987e-02 7.951530000000000056e-03 -1.158670000000000099e-03 1.345640000000000031e-02 9.999090000000000478e-01 1.102990000000000047e-02
9.998939999999999495e-01 1.451599999999999939e-02 8.468850000000000206e-04 -1.426400000000000064e-02 -1.449869999999999978e-02 9.997390000000000443e-01 -1.767760000000000165e-02 6.965100000000000111e-03 -1.103269999999999945e-03 1.766349999999999865e-02 9.998430000000000373e-01 9.717919999999999683e-03
9.999409999999999688e-01 1.083839999999999977e-02 2.244589999999999867e-04 -1.636829999999999882e-02 -1.083010000000000049e-02 9.996650000000000258e-01 -2.352370000000000155e-02 7.845450000000000340e-03 -4.793430000000000217e-04 2.351989999999999983e-02 9.997230000000000283e-01 1.067040000000000002e-02
9.999850000000000128e-01 5.364410000000000012e-03 1.023169999999999896e-03 -1.939039999999999861e-02 -5.334189999999999938e-03 9.996059999999999945e-01 -2.754600000000000104e-02 5.752870000000000206e-03 -1.170529999999999921e-03 2.754020000000000079e-02 9.996199999999999530e-01 8.275440000000000226e-03
9.999970000000000248e-01 8.837260000000000428e-04 2.063539999999999992e-03 -2.198459999999999998e-02 -8.139790000000000480e-04 9.994359999999999911e-01 -3.355930000000000024e-02 6.962910000000000106e-03 -2.092029999999999931e-03 3.355759999999999993e-02 9.994349999999999623e-01 6.561980000000000243e-03
9.999980000000000535e-01 -1.337740000000000023e-03 1.707200000000000080e-03 -2.327349999999999905e-02 1.400900000000000062e-03 9.992940000000000156e-01 -3.754709999999999992e-02 8.592950000000000241e-03 -1.655760000000000044e-03 3.754939999999999667e-02 9.992929999999999868e-01 7.313540000000000318e-03
9.999940000000000495e-01 -1.773049999999999973e-03 3.094120000000000117e-03 -2.563659999999999897e-02 1.897599999999999938e-03 9.991679999999999451e-01 -4.072810000000000319e-02 9.248440000000000133e-03 -3.019340000000000131e-03 4.073369999999999769e-02 9.991649999999999698e-01 7.842899999999999872e-03
9.999839999999999840e-01 -7.352870000000000499e-04 5.648910000000000042e-03 -2.800290000000000071e-02 9.854889999999999831e-04 9.990130000000000399e-01 -4.441769999999999746e-02 8.394240000000000729e-03 -5.610669999999999893e-03 4.442259999999999959e-02 9.989970000000000239e-01 6.401429999999999620e-03
9.999649999999999928e-01 6.140269999999999539e-04 8.317200000000000287e-03 -2.943449999999999886e-02 -1.946130000000000017e-04 9.987319999999999531e-01 -5.033449999999999730e-02 1.038110000000000074e-02 -8.337560000000000804e-03 5.033109999999999667e-02 9.986979999999999746e-01 6.208629999999999705e-03
9.999200000000000310e-01 1.047530000000000076e-03 1.257059999999999948e-02 -3.313769999999999910e-02 -3.913920000000000094e-04 9.986429999999999474e-01 -5.208560000000000273e-02 1.164120000000000085e-02 -1.260799999999999942e-02 5.207649999999999779e-02 9.985640000000000072e-01 3.749759999999999985e-03
9.998749999999999583e-01 3.379029999999999881e-03 1.546649999999999935e-02 -3.660839999999999927e-02 -2.559039999999999839e-03 9.986049999999999649e-01 -5.273320000000000091e-02 1.100469999999999920e-02 -1.562320000000000028e-02 5.268699999999999772e-02 9.984889999999999599e-01 -9.540669999999999576e-05
9.998519999999999630e-01 7.139719999999999574e-03 1.564180000000000084e-02 -4.037749999999999673e-02 -6.249910000000000014e-03 9.983990000000000364e-01 -5.621489999999999820e-02 1.155519999999999985e-02 -1.601810000000000039e-02 5.610890000000000322e-02 9.982959999999999612e-01 -9.884080000000000817e-04
9.998519999999999630e-01 9.264510000000000106e-03 1.452529999999999967e-02 -4.185149999999999981e-02 -8.374650000000000843e-03 9.981529999999999569e-01 -6.016969999999999957e-02 1.141080000000000046e-02 -1.505590000000000053e-02 6.003909999999999803e-02 9.980820000000000247e-01 -3.412510000000000109e-03
9.997909999999999853e-01 1.264120000000000001e-02 1.606430000000000011e-02 -4.561210000000000264e-02 -1.155149999999999927e-02 9.977390000000000425e-01 -6.620499999999999996e-02 1.272470000000000025e-02 -1.686489999999999864e-02 6.600559999999999761e-02 9.976770000000000360e-01 -4.710699999999999957e-03
9.997819999999999485e-01 1.351280000000000016e-02 1.593170000000000003e-02 -4.684109999999999663e-02 -1.234200000000000054e-02 9.973699999999999788e-01 -7.142569999999999475e-02 1.161479999999999978e-02 -1.685489999999999905e-02 7.121339999999999615e-02 9.973189999999999555e-01 -8.054409999999999695e-03
9.997840000000000060e-01 1.310300000000000006e-02 1.613260000000000041e-02 -4.805799999999999655e-02 -1.178309999999999948e-02 9.967770000000000241e-01 -7.935699999999999699e-02 1.394560000000000070e-02 -1.712040000000000090e-02 7.914980000000000626e-02 9.967160000000000464e-01 -7.048999999999999710e-03
9.997409999999999908e-01 1.317059999999999932e-02 1.857779999999999848e-02 -5.161439999999999778e-02 -1.151830000000000041e-02 9.961940000000000239e-01 -8.640190000000000370e-02 1.619220000000000034e-02 -1.964499999999999927e-02 8.616550000000000598e-02 9.960869999999999447e-01 -8.490980000000000402e-03
9.997380000000000155e-01 1.137080000000000035e-02 1.988820000000000171e-02 -5.234210000000000251e-02 -9.567630000000000579e-03 9.960280000000000244e-01 -8.852240000000000109e-02 1.992800000000000127e-02 -2.081569999999999948e-02 8.830889999999999573e-02 9.958759999999999835e-01 -1.064269999999999973e-02
9.996789999999999843e-01 1.184729999999999984e-02 2.238000000000000059e-02 -5.411839999999999706e-02 -9.879080000000000153e-03 9.962379999999999569e-01 -8.609759999999999636e-02 2.090950000000000100e-02 -2.331580000000000111e-02 8.584890000000000576e-02 9.960350000000000037e-01 -1.238999999999999997e-02
9.995629999999999793e-01 1.566249999999999934e-02 2.505200000000000135e-02 -5.565370000000000039e-02 -1.348809999999999940e-02 9.963130000000000042e-01 -8.472530000000000339e-02 2.157850000000000046e-02 -2.628660000000000024e-02 8.435040000000000593e-02 9.960890000000000022e-01 -1.304089999999999937e-02
9.994819999999999816e-01 1.679249999999999840e-02 2.745519999999999905e-02 -5.724359999999999865e-02 -1.442240000000000015e-02 9.963309999999999667e-01 -8.435360000000000080e-02 2.212980000000000155e-02 -2.877100000000000143e-02 8.391400000000000248e-02 9.960579999999999989e-01 -1.434320000000000039e-02
9.994159999999999711e-01 1.648389999999999925e-02 2.994739999999999902e-02 -5.966590000000000088e-02 -1.390620000000000051e-02 9.963410000000000322e-01 -8.433029999999999693e-02 2.398290000000000144e-02 -3.122789999999999941e-02 8.386459999999999748e-02 9.959879999999999844e-01 -1.540910000000000023e-02
9.992670000000000163e-01 1.738960000000000158e-02 3.409949999999999787e-02 -6.352109999999999701e-02 -1.456260000000000020e-02 9.965699999999999559e-01 -8.146810000000000163e-02 2.410709999999999936e-02 -3.539919999999999872e-02 8.091180000000000594e-02 9.960919999999999774e-01 -1.712280000000000052e-02
9.991120000000000001e-01 1.724070000000000116e-02 3.844129999999999769e-02 -6.757349999999999468e-02 -1.408739999999999992e-02 9.966270000000000406e-01 -8.084199999999999720e-02 2.279010000000000064e-02 -3.970540000000000180e-02 8.022859999999999714e-02 9.959850000000000092e-01 -1.843080000000000065e-02
9.990790000000000504e-01 1.312759999999999969e-02 4.084039999999999893e-02 -6.907610000000000139e-02 -9.647050000000000763e-03 9.963950000000000307e-01 -8.428220000000000156e-02 2.312610000000000013e-02 -4.179959999999999926e-02 8.381059999999999899e-02 9.956049999999999622e-01 -1.833989999999999926e-02
9.990310000000000024e-01 9.669989999999999836e-03 4.294250000000000150e-02 -7.199310000000000431e-02 -5.925879999999999689e-03 9.962360000000000104e-01 -8.647520000000000207e-02 2.374690000000000134e-02 -4.361709999999999893e-02 8.613700000000000523e-02 9.953279999999999905e-01 -1.967239999999999961e-02
9.989149999999999974e-01 9.527709999999999999e-03 4.558109999999999939e-02 -7.551950000000000329e-02 -5.461360000000000173e-03 9.960599999999999454e-01 -8.851779999999999371e-02 2.299599999999999908e-02 -4.624489999999999851e-02 8.817279999999999562e-02 9.950309999999999988e-01 -1.870669999999999972e-02
9.988089999999999469e-01 3.973059999999999613e-03 4.862230000000000024e-02 -7.969909999999999495e-02 5.923909999999999463e-04 9.956169999999999742e-01 -9.352370000000000128e-02 2.392160000000000120e-02 -4.878070000000000322e-02 9.344109999999999916e-02 9.944290000000000074e-01 -1.950390000000000110e-02
9.985889999999999489e-01 1.544489999999999925e-03 5.307499999999999718e-02 -8.593589999999999562e-02 3.481820000000000054e-03 9.955209999999999892e-01 -9.447919999999999929e-02 2.488490000000000146e-02 -5.298320000000000113e-02 9.453069999999999529e-02 9.941109999999999669e-01 -2.024029999999999926e-02
9.985739999999999617e-01 -8.494040000000000010e-04 5.338529999999999665e-02 -8.978020000000000445e-02 5.929160000000000159e-03 9.954530000000000323e-01 -9.506670000000000398e-02 2.390429999999999985e-02 -5.306179999999999924e-02 9.524760000000000171e-02 9.940379999999999772e-01 -1.985750000000000015e-02
9.985009999999999719e-01 -4.670040000000000302e-03 5.453229999999999883e-02 -9.305599999999999983e-02 9.923019999999999410e-03 9.952879999999999505e-01 -9.645869999999999445e-02 2.422780000000000072e-02 -5.382479999999999903e-02 9.685520000000000240e-02 9.938420000000000032e-01 -2.027649999999999939e-02
9.981940000000000257e-01 -6.011520000000000231e-03 5.976329999999999837e-02 -1.004170000000000063e-01 1.176220000000000043e-02 9.952790000000000248e-01 -9.634370000000000434e-02 2.543439999999999937e-02 -5.890200000000000297e-02 9.687270000000000603e-02 9.935519999999999907e-01 -2.036479999999999888e-02
9.980550000000000255e-01 -6.755800000000000173e-03 6.197670000000000262e-02 -1.048930000000000001e-01 1.279089999999999915e-02 9.951529999999999543e-01 -9.750440000000000496e-02 2.580769999999999939e-02 -6.101750000000000229e-02 9.810750000000000026e-02 9.933030000000000470e-01 -1.896439999999999931e-02
9.978580000000000227e-01 -7.303129999999999691e-03 6.500880000000000547e-02 -1.110470000000000068e-01 1.372540000000000045e-02 9.950029999999999708e-01 -9.890019999999999367e-02 2.607649999999999899e-02 -6.396169999999999634e-02 9.958060000000000522e-02 9.929719999999999658e-01 -1.842330000000000009e-02
9.976359999999999673e-01 -7.621049999999999873e-03 6.830110000000000348e-02 -1.175729999999999970e-01 1.430850000000000004e-02 9.950870000000000548e-01 -9.796480000000000465e-02 2.585590000000000110e-02 -6.721900000000000097e-02 9.871040000000000370e-02 9.928430000000000311e-01 -1.791179999999999856e-02
9.974460000000000548e-01 -8.346680000000000418e-03 7.092869999999999731e-02 -1.242879999999999957e-01 1.527240000000000021e-02 9.951020000000000421e-01 -9.767009999999999581e-02 2.635250000000000092e-02 -6.976609999999999756e-02 9.850399999999999434e-02 9.926880000000000148e-01 -1.471300000000000038e-02
9.971700000000000008e-01 -1.043529999999999978e-02 7.444760000000000266e-02 -1.321599999999999997e-01 1.789730000000000140e-02 9.947979999999999601e-01 -1.002799999999999941e-01 2.603990000000000124e-02 -7.301390000000000657e-02 1.013290000000000024e-01 9.921699999999999964e-01 -1.198530000000000081e-02
9.968470000000000386e-01 -1.661790000000000142e-02 7.759340000000000681e-02 -1.399829999999999963e-01 2.453050000000000022e-02 9.944650000000000434e-01 -1.021640000000000048e-01 2.678929999999999853e-02 -7.546619999999999717e-02 1.037450000000000039e-01 9.917369999999999797e-01 -1.213490000000000055e-02
9.963889999999999691e-01 -2.343100000000000044e-02 8.161409999999999498e-02 -1.487380000000000091e-01 3.169450000000000045e-02 9.943330000000000224e-01 -1.014749999999999958e-01 2.751989999999999992e-02 -7.877389999999999393e-02 1.036959999999999965e-01 9.914849999999999497e-01 -1.157760000000000039e-02
9.959660000000000180e-01 -2.983900000000000094e-02 8.463070000000000315e-02 -1.565239999999999965e-01 3.828329999999999927e-02 9.942530000000000534e-01 -9.997939999999999605e-02 2.815990000000000160e-02 -8.116099999999999703e-02 1.028160000000000046e-01 9.913840000000000430e-01 -9.414620000000000280e-03
9.955089999999999772e-01 -3.593210000000000154e-02 8.758599999999999719e-02 -1.644140000000000046e-01 4.452040000000000164e-02 9.941740000000000022e-01 -9.816289999999999738e-02 2.767290000000000028e-02 -8.354849999999999777e-02 1.016210000000000030e-01 9.913089999999999957e-01 -7.978960000000000219e-03
9.949900000000000411e-01 -3.845969999999999944e-02 9.227680000000000604e-02 -1.714029999999999998e-01 4.758249999999999980e-02 9.939700000000000202e-01 -9.879319999999999768e-02 2.928640000000000063e-02 -8.792070000000000440e-02 1.026890000000000025e-01 9.908200000000000340e-01 -5.112560000000000368e-03
9.942229999999999679e-01 -4.179349999999999732e-02 9.886000000000000343e-02 -1.796159999999999979e-01 5.153220000000000023e-02 9.938409999999999744e-01 -9.810259999999999814e-02 2.854889999999999858e-02 -9.415110000000000146e-02 1.026299999999999990e-01 9.902539999999999676e-01 -3.624130000000000146e-03
9.933990000000000320e-01 -4.419710000000000305e-02 1.058530000000000026e-01 -1.863329999999999986e-01 5.471170000000000200e-02 9.936239999999999517e-01 -9.858240000000000058e-02 2.873960000000000056e-02 -1.008209999999999940e-01 1.037229999999999958e-01 9.894830000000000014e-01 -3.242960000000000027e-03
9.925199999999999578e-01 -4.597230000000000066e-02 1.130980000000000041e-01 -1.936269999999999936e-01 5.731449999999999739e-02 9.934180000000000232e-01 -9.917109999999999814e-02 2.901859999999999856e-02 -1.077950000000000019e-01 1.049110000000000043e-01 9.886220000000000008e-01 -1.917099999999999924e-03
9.917620000000000324e-01 -5.368780000000000080e-02 1.162959999999999966e-01 -1.983159999999999923e-01 6.544189999999999729e-02 9.928599999999999648e-01 -9.973039999999999683e-02 2.645000000000000129e-02 -1.101110000000000005e-01 1.065200000000000036e-01 9.881950000000000456e-01 -4.630740000000000377e-03
9.907340000000000035e-01 -5.778939999999999771e-02 1.229070000000000024e-01 -2.055510000000000115e-01 7.050389999999999435e-02 9.923079999999999679e-01 -1.017499999999999932e-01 2.736900000000000097e-02 -1.160810000000000036e-01 1.094730000000000009e-01 9.871879999999999544e-01 -4.084240000000000266e-03
9.896430000000000504e-01 -6.265619999999999523e-02 1.291579999999999950e-01 -2.116230000000000055e-01 7.608230000000000548e-02 9.918930000000000247e-01 -1.017829999999999985e-01 2.677190000000000125e-02 -1.217329999999999940e-01 1.105560000000000015e-01 9.863870000000000138e-01 -3.255740000000000023e-03
9.883950000000000236e-01 -6.624420000000000308e-02 1.366979999999999862e-01 -2.171559999999999879e-01 8.091130000000000544e-02 9.912079999999999780e-01 -1.046870000000000023e-01 2.589260000000000173e-02 -1.285610000000000086e-01 1.145329999999999959e-01 9.850659999999999972e-01 -4.473440000000000185e-04
9.869590000000000307e-01 -7.194159999999999444e-02 1.440039999999999931e-01 -2.207389999999999908e-01 8.813160000000000438e-02 9.900830000000000464e-01 -1.093999999999999972e-01 2.825619999999999868e-02 -1.347059999999999924e-01 1.206649999999999945e-01 9.835110000000000241e-01 3.555949999999999996e-03
9.855589999999999629e-01 -7.811339999999999950e-02 1.502380000000000104e-01 -2.235870000000000080e-01 9.535290000000000432e-02 9.892140000000000377e-01 -1.111899999999999972e-01 3.028219999999999870e-02 -1.399320000000000008e-01 1.239100000000000062e-01 9.823769999999999447e-01 5.216509999999999724e-03
9.838040000000000118e-01 -7.841030000000000222e-02 1.611899999999999999e-01 -2.319799999999999918e-01 9.688779999999999615e-02 9.891799999999999482e-01 -1.101599999999999940e-01 2.867039999999999866e-02 -1.508079999999999976e-01 1.239930000000000060e-01 9.807559999999999611e-01 4.504840000000000406e-03
9.820090000000000208e-01 -8.206159999999999843e-02 1.700689999999999980e-01 -2.372799999999999909e-01 1.021060000000000023e-01 9.883720000000000283e-01 -1.126700000000000063e-01 2.758470000000000019e-02 -1.588459999999999872e-01 1.280080000000000107e-01 9.789700000000000069e-01 5.287570000000000117e-03
9.803760000000000252e-01 -8.384110000000000174e-02 1.784189999999999943e-01 -2.442519999999999969e-01 1.049410000000000065e-01 9.881170000000000231e-01 -1.123030000000000000e-01 2.735150000000000081e-02 -1.668830000000000036e-01 1.288219999999999921e-01 9.775249999999999773e-01 1.477009999999999955e-03
9.789130000000000331e-01 -8.088739999999999819e-02 1.875809999999999977e-01 -2.502849999999999797e-01 1.030220000000000025e-01 9.884199999999999653e-01 -1.114150000000000001e-01 2.678300000000000125e-02 -1.763969999999999982e-01 1.283900000000000041e-01 9.759100000000000552e-01 3.877869999999999841e-03
9.776839999999999975e-01 -8.259710000000000663e-02 1.931609999999999994e-01 -2.554440000000000044e-01 1.058370000000000005e-01 9.879130000000000411e-01 -1.132530000000000064e-01 2.650440000000000088e-02 -1.814719999999999944e-01 1.311690000000000078e-01 9.746089999999999476e-01 3.197779999999999893e-03
9.759550000000000169e-01 -8.836489999999999623e-02 1.992589999999999917e-01 -2.634400000000000075e-01 1.127139999999999947e-01 9.870259999999999589e-01 -1.143499999999999933e-01 2.737020000000000078e-02 -1.865690000000000126e-01 1.340590000000000115e-01 9.732520000000000060e-01 6.815649999999999703e-04
9.740189999999999682e-01 -9.454940000000000566e-02 2.057849999999999957e-01 -2.747240000000000237e-01 1.191949999999999954e-01 9.866639999999999855e-01 -1.108419999999999961e-01 2.525200000000000014e-02 -1.925610000000000099e-01 1.324899999999999967e-01 9.723000000000000531e-01 -4.717200000000000386e-03
9.728719999999999590e-01 -9.612410000000000398e-02 2.104280000000000039e-01 -2.807020000000000071e-01 1.212000000000000022e-01 9.865490000000000093e-01 -1.096870000000000067e-01 2.579920000000000130e-02 -1.970540000000000069e-01 1.322160000000000002e-01 9.714359999999999662e-01 -4.478529999999999664e-03
9.718419999999999837e-01 -9.777260000000000117e-02 2.143889999999999962e-01 -2.895340000000000136e-01 1.232420000000000043e-01 9.863920000000000465e-01 -1.088189999999999991e-01 2.561410000000000076e-02 -2.008320000000000105e-01 1.321769999999999889e-01 9.706679999999999753e-01 -7.718110000000000248e-03
9.706799999999999873e-01 -9.538180000000000269e-02 2.206420000000000048e-01 -3.000240000000000129e-01 1.211519999999999958e-01 9.869200000000000195e-01 -1.063520000000000021e-01 2.657999999999999946e-02 -2.076119999999999910e-01 1.299649999999999972e-01 9.695390000000000397e-01 -9.281879999999999298e-03
9.700349999999999806e-01 -9.278459999999999486e-02 2.245489999999999986e-01 -3.058239999999999847e-01 1.192710000000000020e-01 9.870370000000000532e-01 -1.073930000000000023e-01 2.809740000000000154e-02 -2.116740000000000010e-01 1.309569999999999901e-01 9.685270000000000268e-01 -8.562760000000000857e-03
9.690210000000000212e-01 -9.099409999999999443e-02 2.296060000000000045e-01 -3.148130000000000095e-01 1.183779999999999971e-01 9.870309999999999917e-01 -1.084320000000000006e-01 2.617900000000000088e-02 -2.167620000000000102e-01 1.322530000000000094e-01 9.672250000000000014e-01 -1.023729999999999953e-02
9.680220000000000491e-01 -8.704510000000000025e-02 2.352779999999999871e-01 -3.216729999999999867e-01 1.162239999999999940e-01 9.867609999999999992e-01 -1.131179999999999963e-01 2.797530000000000155e-02 -2.223169999999999868e-01 1.368459999999999954e-01 9.653230000000000421e-01 -8.929990000000000497e-03
9.666559999999999597e-01 -8.511699999999999822e-02 2.415200000000000125e-01 -3.275419999999999998e-01 1.155520000000000019e-01 9.866489999999999982e-01 -1.147679999999999950e-01 3.019010000000000096e-02 -2.285270000000000079e-01 1.388490000000000002e-01 9.635850000000000248e-01 -7.427279999999999646e-03
9.650450000000000417e-01 -8.112540000000000029e-02 2.492129999999999901e-01 -3.319360000000000088e-01 1.132640000000000036e-01 9.866000000000000325e-01 -1.174369999999999997e-01 3.089180000000000051e-02 -2.363470000000000015e-01 1.415589999999999904e-01 9.613019999999999898e-01 -3.256129999999999875e-03
9.631140000000000256e-01 -7.899710000000000065e-02 2.572369999999999934e-01 -3.374380000000000157e-01 1.143419999999999992e-01 9.854870000000000019e-01 -1.254619999999999902e-01 3.077380000000000046e-02 -2.435930000000000040e-01 1.502469999999999917e-01 9.581690000000000484e-01 -4.717219999999999942e-04
9.610830000000000206e-01 -7.848199999999999621e-02 2.648780000000000023e-01 -3.454570000000000141e-01 1.172259999999999969e-01 9.840550000000000130e-01 -1.337700000000000000e-01 3.016349999999999934e-02 -2.501559999999999895e-01 1.596150000000000069e-01 9.549579999999999735e-01 -1.837599999999999889e-04
9.595339999999999980e-01 -7.880829999999999780e-02 2.703389999999999960e-01 -3.536949999999999816e-01 1.201659999999999950e-01 9.828320000000000389e-01 -1.400029999999999886e-01 3.083939999999999945e-02 -2.546640000000000015e-01 1.668229999999999991e-01 9.525310000000000166e-01 -1.301590000000000039e-03
9.590440000000000076e-01 -8.071889999999999621e-02 2.715139999999999776e-01 -3.597960000000000047e-01 1.233260000000000051e-01 9.819069999999999743e-01 -1.436999999999999944e-01 3.335950000000000026e-02 -2.550020000000000064e-01 1.712990000000000068e-01 9.516459999999999919e-01 -6.898580000000000077e-04
9.584390000000000409e-01 -8.129190000000000027e-02 2.734710000000000196e-01 -3.677759999999999918e-01 1.245669999999999972e-01 9.815909999999999913e-01 -1.447839999999999960e-01 3.300580000000000180e-02 -2.566660000000000053e-01 1.728320000000000134e-01 9.509210000000000163e-01 -3.752730000000000237e-04
9.584780000000000522e-01 -8.155700000000000449e-02 2.732539999999999969e-01 -3.726329999999999920e-01 1.258579999999999977e-01 9.808379999999999876e-01 -1.487189999999999901e-01 3.355729999999999824e-02 -2.558880000000000043e-01 1.769350000000000089e-01 9.503759999999999986e-01 1.651880000000000102e-03
9.584740000000000482e-01 -7.939609999999999723e-02 2.739030000000000076e-01 -3.787150000000000238e-01 1.247019999999999934e-01 9.804559999999999942e-01 -1.521679999999999977e-01 3.630930000000000268e-02 -2.564690000000000025e-01 1.800049999999999983e-01 9.496430000000000149e-01 2.034680000000000082e-03
9.585399999999999476e-01 -7.868819999999999981e-02 2.738769999999999816e-01 -3.843730000000000202e-01 1.240679999999999977e-01 9.804819999999999647e-01 -1.525209999999999899e-01 3.822849999999999859e-02 -2.565299999999999803e-01 1.801770000000000038e-01 9.495940000000000492e-01 2.264149999999999930e-03
9.586829999999999519e-01 -7.795390000000000652e-02 2.735859999999999959e-01 -3.884529999999999927e-01 1.232660000000000006e-01 9.805800000000000072e-01 -1.525400000000000089e-01 3.969240000000000268e-02 -2.563819999999999988e-01 1.799620000000000108e-01 9.496750000000000469e-01 2.340730000000000068e-03
9.585409999999999764e-01 -7.811010000000000175e-02 2.740400000000000058e-01 -3.933200000000000029e-01 1.238250000000000045e-01 9.803290000000000060e-01 -1.536929999999999963e-01 3.667680000000000246e-02 -2.566450000000000120e-01 1.812539999999999984e-01 9.493580000000000352e-01 -1.304370000000000009e-03
9.581880000000000397e-01 -7.103909999999999392e-02 2.771830000000000127e-01 -3.951729999999999965e-01 1.201200000000000045e-01 9.790670000000000206e-01 -1.643149999999999888e-01 4.261059999999999848e-02 -2.597070000000000212e-01 1.907399999999999929e-01 9.466630000000000322e-01 2.135769999999999943e-03
9.568889999999999896e-01 -6.915330000000000088e-02 2.821029999999999927e-01 -3.983140000000000014e-01 1.209449999999999970e-01 9.779020000000000490e-01 -1.705270000000000119e-01 4.285049999999999970e-02 -2.640759999999999774e-01 1.972939999999999972e-01 9.441070000000000295e-01 2.235399999999999800e-03
9.557579999999999965e-01 -6.872599999999999543e-02 2.860150000000000192e-01 -4.009110000000000174e-01 1.227789999999999992e-01 9.767799999999999816e-01 -1.755720000000000058e-01 4.520280000000000131e-02 -2.673070000000000168e-01 2.029209999999999903e-01 9.420030000000000348e-01 1.635629999999999896e-03
9.545460000000000056e-01 -6.954789999999999583e-02 2.898350000000000093e-01 -4.053919999999999746e-01 1.252459999999999962e-01 9.759729999999999794e-01 -1.782960000000000100e-01 4.837579999999999658e-02 -2.704710000000000170e-01 2.064930000000000099e-01 9.403219999999999912e-01 2.637490000000000255e-04
9.537029999999999674e-01 -6.922649999999999637e-02 2.926759999999999917e-01 -4.110590000000000077e-01 1.255229999999999957e-01 9.759590000000000209e-01 -1.781800000000000050e-01 5.091600000000000292e-02 -2.733050000000000201e-01 2.066689999999999916e-01 9.394639999999999658e-01 -3.744770000000000130e-03
9.535989999999999744e-01 -6.845329999999999471e-02 2.931960000000000122e-01 -4.142819999999999836e-01 1.246479999999999949e-01 9.761959999999999527e-01 -1.774930000000000119e-01 5.367369999999999780e-02 -2.740670000000000051e-01 2.058039999999999869e-01 9.394320000000000448e-01 -7.019199999999999745e-03
9.531539999999999457e-01 -6.644429999999999781e-02 2.950969999999999982e-01 -4.186309999999999754e-01 1.225320000000000020e-01 9.767620000000000191e-01 -1.758440000000000003e-01 5.656510000000000010e-02 -2.765560000000000240e-01 2.037650000000000017e-01 9.391469999999999541e-01 -9.340460000000000082e-03
9.526040000000000063e-01 -6.533609999999999418e-02 2.971150000000000180e-01 -4.232299999999999951e-01 1.212359999999999965e-01 9.772910000000000208e-01 -1.737960000000000060e-01 5.969859999999999750e-02 -2.790119999999999822e-01 2.015800000000000092e-01 9.388919999999999488e-01 -1.297290000000000075e-02
9.521490000000000231e-01 -6.579469999999999763e-02 2.984680000000000111e-01 -4.253580000000000139e-01 1.219920000000000032e-01 9.772039999999999615e-01 -1.737539999999999918e-01 6.296259999999999357e-02 -2.802319999999999811e-01 2.018510000000000026e-01 9.384700000000000264e-01 -1.513339999999999998e-02
9.516729999999999912e-01 -6.487210000000000198e-02 3.001840000000000064e-01 -4.269569999999999754e-01 1.215230000000000060e-01 9.772039999999999615e-01 -1.740819999999999868e-01 6.679150000000000365e-02 -2.820480000000000209e-01 2.021479999999999944e-01 9.378619999999999735e-01 -1.752300000000000038e-02
9.510760000000000325e-01 -6.453780000000000627e-02 3.021420000000000217e-01 -4.304189999999999960e-01 1.211020000000000013e-01 9.775549999999999518e-01 -1.723969999999999947e-01 6.971009999999999707e-02 -2.842339999999999867e-01 2.005520000000000080e-01 9.375440000000000440e-01 -2.115900000000000072e-02
9.502169999999999783e-01 -6.487640000000000073e-02 3.047590000000000021e-01 -4.359910000000000174e-01 1.214309999999999973e-01 9.778550000000000297e-01 -1.704509999999999914e-01 7.288409999999999334e-02 -2.869519999999999849e-01 1.989720000000000100e-01 9.370530000000000248e-01 -2.661329999999999946e-02
9.500049999999999883e-01 -6.672100000000000253e-02 3.050229999999999886e-01 -4.398489999999999900e-01 1.231669999999999987e-01 9.777630000000000488e-01 -1.697309999999999930e-01 7.724709999999999910e-02 -2.869149999999999756e-01 1.988139999999999907e-01 9.370979999999999865e-01 -3.271310000000000190e-02
9.494249999999999634e-01 -6.974479999999999569e-02 3.061499999999999777e-01 -4.475009999999999821e-01 1.264399999999999968e-01 9.773939999999999850e-01 -1.694499999999999895e-01 7.908320000000000627e-02 -2.874110000000000276e-01 1.995889999999999886e-01 9.367809999999999748e-01 -3.962679999999999675e-02
9.498999999999999666e-01 -7.057009999999999672e-02 3.044819999999999749e-01 -4.508639999999999870e-01 1.275759999999999950e-01 9.768729999999999913e-01 -1.715919999999999945e-01 8.403779999999999584e-02 -2.853310000000000013e-01 2.018399999999999916e-01 9.369349999999999623e-01 -4.366609999999999936e-02
9.501669999999999838e-01 -6.921320000000000250e-02 3.039609999999999812e-01 -4.561000000000000054e-01 1.260439999999999894e-01 9.770839999999999526e-01 -1.715220000000000078e-01 8.862539999999999307e-02 -2.851239999999999886e-01 2.012879999999999947e-01 9.371169999999999778e-01 -4.984879999999999867e-02
9.503509999999999458e-01 -6.395589999999999609e-02 3.045359999999999734e-01 -4.598180000000000045e-01 1.200309999999999988e-01 9.782570000000000432e-01 -1.691310000000000036e-01 9.392540000000000611e-02 -2.870980000000000198e-01 1.972879999999999912e-01 9.373650000000000038e-01 -5.489979999999999860e-02
9.502040000000000486e-01 -5.835479999999999834e-02 3.061169999999999725e-01 -4.626640000000000197e-01 1.147819999999999951e-01 9.787879999999999914e-01 -1.697039999999999937e-01 9.865039999999999920e-02 -2.897210000000000063e-01 1.963900000000000090e-01 9.367459999999999676e-01 -5.839339999999999808e-02
9.501159999999999606e-01 -5.062200000000000033e-02 3.077599999999999780e-01 -4.664749999999999730e-01 1.081489999999999951e-01 9.789930000000000021e-01 -1.728470000000000006e-01 1.027460000000000040e-01 -2.925459999999999727e-01 1.975079999999999891e-01 9.356320000000000192e-01 -6.384650000000000047e-02
