1.000000000000000000e+00 -2.158720000000000059e-23 4.072180000000000023e-23 2.403890000000000109e-23 2.158720000000000059e-23 1.000000000000000000e+00 1.600770000000000105e-23 -1.990869999999999974e-24 -4.072180000000000023e-23 -1.600770000000000105e-23 1.000000000000000000e+00 1.873910000000000012e-23
9.999980000000000535e-01 -1.996159999999999862e-03 -5.044129999999999968e-04 2.489099999999999733e-04 1.996439999999999933e-03 9.999980000000000535e-01 5.617940000000000086e-04 -2.318660000000000165e-03 5.032899999999999874e-04 -5.628000000000000190e-04 1.000000000000000000e+00 -7.462739999999999825e-03
9.999959999999999960e-01 -2.778150000000000064e-03 6.711179999999999533e-04 -2.126549999999999892e-04 2.777529999999999843e-03 9.999959999999999960e-01 9.118810000000000197e-04 -1.372710000000000076e-03 -6.736490000000000143e-04 -9.100129999999999894e-04 9.999989999999999712e-01 -1.079079999999999970e-02
9.999949999999999672e-01 -2.205499999999999995e-03 2.324290000000000123e-03 -1.934759999999999995e-03 2.199389999999999852e-03 9.999940000000000495e-01 2.625950000000000159e-03 3.786139999999999905e-04 -2.330070000000000058e-03 -2.620819999999999834e-03 9.999940000000000495e-01 -1.145709999999999958e-02
9.999900000000000455e-01 -2.809499999999999931e-03 3.341520000000000167e-03 -1.826560000000000076e-03 2.794150000000000019e-03 9.999860000000000415e-01 4.591679999999999894e-03 -9.137159999999999640e-04 -3.354370000000000181e-03 -4.582300000000000088e-03 9.999839999999999840e-01 -1.450670000000000084e-02
9.999850000000000128e-01 -3.108660000000000069e-03 4.617429999999999625e-03 -2.621529999999999954e-03 3.087260000000000091e-03 9.999839999999999840e-01 4.635160000000000148e-03 -2.942740000000000113e-03 -4.631760000000000391e-03 -4.620840000000000190e-03 9.999789999999999512e-01 -1.751590000000000091e-02
9.999970000000000248e-01 -2.325139999999999846e-03 1.205719999999999969e-03 -1.293459999999999966e-03 2.325390000000000096e-03 9.999970000000000248e-01 -2.081349999999999986e-04 3.828840000000000021e-04 -1.205230000000000060e-03 2.109380000000000055e-04 9.999989999999999712e-01 -9.102620000000000502e-03
9.999879999999999880e-01 -3.543619999999999930e-03 3.515299999999999848e-03 -2.988600000000000111e-03 3.540709999999999864e-03 9.999930000000000208e-01 8.339789999999999920e-04 -1.055359999999999979e-03 -3.518229999999999795e-03 -8.215219999999999858e-04 9.999930000000000208e-01 -1.664310000000000095e-02
9.999689999999999968e-01 -6.372609999999999907e-03 4.711690000000000149e-03 -3.427570000000000009e-03 6.357640000000000340e-03 9.999749999999999472e-01 3.186109999999999810e-03 -3.354660000000000194e-03 -4.731870000000000000e-03 -3.156050000000000088e-03 9.999839999999999840e-01 -2.336589999999999848e-02
9.999689999999999968e-01 -5.348570000000000407e-03 5.807529999999999984e-03 -3.249839999999999934e-03 5.333059999999999710e-03 9.999820000000000375e-01 2.682739999999999864e-03 -2.507080000000000072e-03 -5.821770000000000417e-03 -2.651680000000000009e-03 9.999799999999999800e-01 -2.078949999999999895e-02
9.999620000000000175e-01 -5.334990000000000392e-03 6.915929999999999821e-03 -3.131489999999999795e-03 5.326649999999999614e-03 9.999850000000000128e-01 1.224080000000000003e-03 -1.949870000000000032e-03 -6.922359999999999798e-03 -1.187200000000000017e-03 9.999749999999999472e-01 -2.004380000000000051e-02
9.999529999999999808e-01 -5.486170000000000282e-03 8.012820000000000359e-03 -3.201190000000000025e-03 5.480429999999999677e-03 9.999850000000000128e-01 7.375450000000000408e-04 -2.155339999999999947e-03 -8.016739999999999630e-03 -6.935959999999999912e-04 9.999679999999999680e-01 -2.169039999999999857e-02
9.999510000000000343e-01 -4.151619999999999963e-03 8.936170000000000224e-03 -2.689340000000000133e-03 4.157209999999999725e-03 9.999909999999999632e-01 -6.076220000000000449e-04 -1.711810000000000024e-03 -8.933570000000000053e-03 6.447420000000000147e-04 9.999599999999999600e-01 -2.172939999999999941e-02
9.999360000000000470e-01 -2.376769999999999838e-03 1.106290000000000051e-02 -2.403119999999999909e-03 2.410400000000000043e-03 9.999930000000000208e-01 -3.027649999999999786e-03 -3.921179999999999805e-03 -1.105560000000000050e-02 3.054120000000000012e-03 9.999339999999999895e-01 -2.337629999999999916e-02
9.998970000000000358e-01 -1.648390000000000011e-03 1.423209999999999927e-02 -3.061379999999999831e-03 1.796260000000000044e-03 9.999440000000000550e-01 -1.038359999999999977e-02 -2.627420000000000103e-03 -1.421419999999999975e-02 1.040809999999999999e-02 9.998449999999999838e-01 -2.224630000000000010e-02
9.998730000000000118e-01 -2.095549999999999843e-03 1.581029999999999935e-02 -3.280299999999999883e-03 2.292950000000000196e-03 9.999200000000000310e-01 -1.247799999999999951e-02 -1.076120000000000071e-03 -1.578289999999999901e-02 1.251260000000000046e-02 9.997970000000000468e-01 -3.043999999999999831e-02
9.998690000000000078e-01 -1.256369999999999926e-03 1.611980000000000010e-02 -2.073109999999999970e-03 1.366419999999999918e-03 9.999759999999999760e-01 -6.817909999999999943e-03 -5.657839999999999484e-04 -1.611080000000000151e-02 6.839040000000000223e-03 9.998470000000000413e-01 -3.109639999999999974e-02
9.998359999999999470e-01 2.317429999999999935e-04 1.812259999999999913e-02 -1.538780000000000009e-03 -1.797149999999999963e-04 9.999959999999999960e-01 -2.872420000000000095e-03 3.219629999999999801e-04 -1.812319999999999903e-02 2.868700000000000069e-03 9.998320000000000540e-01 -2.605939999999999993e-02
9.997979999999999645e-01 2.450700000000000101e-03 1.993129999999999902e-02 -2.191989999999999997e-03 -2.403980000000000006e-03 9.999940000000000495e-01 -2.367760000000000004e-03 -3.190940000000000182e-04 -1.993690000000000045e-02 2.319369999999999852e-03 9.997989999999999933e-01 -2.598450000000000065e-02
9.998230000000000173e-01 4.819920000000000107e-03 1.816229999999999928e-02 -1.427169999999999958e-03 -4.672560000000000081e-03 9.999559999999999560e-01 -8.147170000000000453e-03 4.554980000000000140e-03 -1.820070000000000021e-02 8.060859999999999553e-03 9.998019999999999685e-01 -1.499170000000000016e-02
9.998059999999999725e-01 3.194370000000000195e-03 1.943479999999999860e-02 -2.410300000000000203e-03 -3.109419999999999892e-03 9.999850000000000128e-01 -4.399280000000000204e-03 1.247080000000000020e-03 -1.944859999999999992e-02 4.337989999999999902e-03 9.998010000000000508e-01 -2.402630000000000043e-02
9.998970000000000358e-01 4.172290000000000373e-03 1.370080000000000083e-02 1.124269999999999914e-03 -4.056760000000000400e-03 9.999559999999999560e-01 -8.448870000000000685e-03 5.100089999999999832e-03 -1.373540000000000004e-02 8.392419999999999394e-03 9.998700000000000365e-01 -1.389450000000000060e-02
9.999209999999999487e-01 2.282849999999999897e-03 1.238990000000000057e-02 5.289039999999999627e-04 -2.169710000000000041e-03 9.999559999999999560e-01 -9.137529999999999611e-03 5.013169999999999953e-03 -1.241019999999999970e-02 9.109920000000000517e-03 9.998810000000000198e-01 -1.259120000000000031e-02
9.999310000000000143e-01 2.107459999999999802e-03 1.152530000000000047e-02 2.710400000000000070e-04 -1.997730000000000079e-03 9.999529999999999808e-01 -9.524160000000000265e-03 7.367809999999999811e-03 -1.154490000000000030e-02 9.500480000000000383e-03 9.998879999999999990e-01 -1.096169999999999957e-02
9.999400000000000510e-01 2.152489999999999959e-03 1.069739999999999927e-02 -8.371140000000000221e-04 -2.075959999999999958e-03 9.999719999999999720e-01 -7.160539999999999961e-03 7.703849999999999934e-03 -1.071259999999999921e-02 7.137909999999999915e-03 9.999169999999999447e-01 -1.023959999999999974e-02
9.999470000000000303e-01 4.217389999999999681e-03 9.407650000000000040e-03 -3.192780000000000097e-03 -4.142479999999999600e-03 9.999599999999999600e-01 -7.968009999999999329e-03 6.935450000000000122e-03 -9.440870000000000511e-03 7.928620000000000806e-03 9.999240000000000350e-01 -8.332509999999999570e-03
9.999369999999999647e-01 9.732650000000000676e-03 5.603170000000000199e-03 -3.990379999999999969e-03 -9.666020000000000861e-03 9.998839999999999950e-01 -1.179889999999999932e-02 7.397260000000000120e-03 -5.717350000000000383e-03 1.174399999999999923e-02 9.999149999999999983e-01 -6.556900000000000055e-03
9.999219999999999775e-01 1.192050000000000054e-02 3.661580000000000217e-03 -4.526829999999999916e-03 -1.186869999999999939e-02 9.998340000000000005e-01 -1.385950000000000029e-02 9.332240000000000327e-03 -3.826180000000000206e-03 1.381489999999999975e-02 9.998970000000000358e-01 -7.092420000000000321e-03
9.998920000000000030e-01 1.458270000000000052e-02 2.025920000000000065e-03 -4.546810000000000088e-03 -1.455700000000000049e-02 9.998200000000000420e-01 -1.217739999999999968e-02 8.170320000000000013e-03 -2.203130000000000192e-03 1.214660000000000045e-02 9.999240000000000350e-01 -4.842130000000000045e-03
9.998770000000000158e-01 1.538460000000000001e-02 3.174329999999999947e-03 -6.511229999999999796e-03 -1.533810000000000034e-02 9.997819999999999485e-01 -1.418200000000000016e-02 8.946449999999999889e-03 -3.391830000000000192e-03 1.413159999999999937e-02 9.998939999999999495e-01 -3.722150000000000025e-03
9.998850000000000238e-01 1.486260000000000012e-02 2.956519999999999808e-03 -8.100760000000000252e-03 -1.481659999999999922e-02 9.997779999999999445e-01 -1.500600000000000024e-02 9.296890000000000362e-03 -3.178890000000000188e-03 1.496040000000000043e-02 9.998829999999999663e-01 -4.931770000000000251e-03
9.998839999999999950e-01 1.501899999999999936e-02 2.713500000000000200e-03 -8.860710000000000808e-03 -1.498000000000000026e-02 9.997920000000000140e-01 -1.384110000000000028e-02 9.291850000000000803e-03 -2.920820000000000187e-03 1.379879999999999995e-02 9.999010000000000398e-01 -7.709940000000000196e-03
9.998740000000000405e-01 1.499729999999999987e-02 5.150240000000000373e-03 -1.231329999999999925e-02 -1.494520000000000050e-02 9.998380000000000045e-01 -1.002149999999999916e-02 7.944400000000000767e-03 -5.299700000000000071e-03 9.943219999999999142e-03 9.999369999999999647e-01 -1.222359999999999940e-02
9.998040000000000260e-01 1.940530000000000033e-02 3.816649999999999991e-03 -1.367050000000000036e-02 -1.935699999999999921e-02 9.997369999999999868e-01 -1.229730000000000059e-02 1.183050000000000074e-02 -4.054280000000000383e-03 1.222099999999999922e-02 9.999169999999999447e-01 -2.693399999999999874e-03
9.997880000000000100e-01 1.977340000000000000e-02 5.674860000000000321e-03 -1.590600000000000000e-02 -1.970919999999999964e-02 9.997430000000000483e-01 -1.115939999999999988e-02 1.177319999999999929e-02 -5.894059999999999577e-03 1.104519999999999981e-02 9.999219999999999775e-01 -1.978090000000000057e-03
9.997230000000000283e-01 2.189469999999999958e-02 8.669670000000000848e-03 -1.900080000000000172e-02 -2.180520000000000028e-02 9.997089999999999588e-01 -1.028470000000000079e-02 8.596909999999999275e-03 -8.892330000000000373e-03 1.009280000000000073e-02 9.999099999999999655e-01 -4.764449999999999935e-03
9.997120000000000450e-01 2.157359999999999833e-02 1.055820000000000022e-02 -2.226370000000000085e-02 -2.140989999999999907e-02 9.996519999999999850e-01 -1.537900000000000031e-02 8.682759999999999437e-03 -1.088629999999999980e-02 1.514850000000000051e-02 9.998259999999999925e-01 -8.610379999999999510e-04
9.997340000000000115e-01 2.036140000000000172e-02 1.080839999999999926e-02 -2.597160000000000094e-02 -2.013890000000000124e-02 9.995910000000000073e-01 -2.031639999999999835e-02 7.913689999999999267e-03 -1.121759999999999945e-02 2.009340000000000084e-02 9.997350000000000403e-01 -1.679879999999999915e-03
9.998080000000000300e-01 1.690420000000000117e-02 9.882949999999999721e-03 -2.756410000000000110e-02 -1.664819999999999842e-02 9.995380000000000376e-01 -2.543350000000000125e-02 7.897440000000000362e-03 -1.030829999999999941e-02 2.526410000000000114e-02 9.996279999999999610e-01 -1.785459999999999998e-03
9.998850000000000238e-01 1.069439999999999974e-02 1.070710000000000064e-02 -3.035909999999999997e-02 -1.038009999999999974e-02 9.995260000000000256e-01 -2.899940000000000156e-02 6.035790000000000079e-03 -1.101210000000000036e-02 2.888490000000000155e-02 9.995220000000000216e-01 -4.701349999999999973e-03
9.998920000000000030e-01 7.574359999999999600e-03 1.258639999999999932e-02 -3.409310000000000118e-02 -7.120439999999999582e-03 9.993360000000000021e-01 -3.572639999999999844e-02 7.772359999999999859e-03 -1.284869999999999936e-02 3.563299999999999801e-02 9.992820000000000036e-01 -5.449670000000000208e-03
9.998850000000000238e-01 5.558300000000000393e-03 1.411630000000000003e-02 -3.660179999999999684e-02 -5.001099999999999643e-03 9.992189999999999683e-01 -3.920470000000000205e-02 8.444429999999999298e-03 -1.432319999999999947e-02 3.912960000000000049e-02 9.991309999999999913e-01 -8.919899999999999704e-03
9.998489999999999878e-01 5.394600000000000263e-03 1.649880000000000096e-02 -4.004280000000000339e-02 -4.706450000000000043e-03 9.991290000000000449e-01 -4.146679999999999811e-02 8.297650000000000164e-03 -1.670819999999999944e-02 4.138290000000000024e-02 9.990040000000000031e-01 -1.173470000000000069e-02
9.997880000000000100e-01 7.202179999999999867e-03 1.928500000000000006e-02 -4.267859999999999709e-02 -6.325599999999999799e-03 9.989609999999999879e-01 -4.513520000000000032e-02 7.842190000000000619e-03 -1.958999999999999977e-02 4.500359999999999777e-02 9.987949999999999884e-01 -1.229820000000000045e-02
9.996859999999999635e-01 8.905750000000000471e-03 2.340280000000000138e-02 -4.513550000000000201e-02 -7.688849999999999678e-03 9.986390000000000544e-01 -5.158309999999999979e-02 9.756420000000000023e-03 -2.383029999999999871e-02 5.138700000000000212e-02 9.983940000000000037e-01 -1.346020000000000029e-02
9.995560000000000000e-01 1.024030000000000079e-02 2.797859999999999930e-02 -4.872590000000000254e-02 -8.719680000000000486e-03 9.985060000000000047e-01 -5.394279999999999908e-02 1.134980000000000017e-02 -2.848909999999999984e-02 5.367489999999999761e-02 9.981520000000000392e-01 -1.711199999999999874e-02
9.994790000000000063e-01 1.121319999999999956e-02 3.027159999999999920e-02 -5.237769999999999926e-02 -9.570800000000000834e-03 9.985020000000000007e-01 -5.386459999999999859e-02 9.868780000000000607e-03 -3.083019999999999858e-02 5.354679999999999856e-02 9.980890000000000040e-01 -1.851059999999999858e-02
9.995399999999999840e-01 1.362919999999999930e-02 2.708910000000000137e-02 -5.308829999999999799e-02 -1.200999999999999984e-02 9.981820000000000137e-01 -5.906310000000000032e-02 1.250670000000000080e-02 -2.784489999999999882e-02 5.871060000000000167e-02 9.978869999999999685e-01 -1.297579999999999914e-02
9.994680000000000231e-01 1.749159999999999951e-02 2.754279999999999923e-02 -5.657000000000000223e-02 -1.570629999999999943e-02 9.978420000000000067e-01 -6.375390000000000224e-02 1.307939999999999971e-02 -2.859849999999999892e-02 6.328739999999999366e-02 9.975859999999999728e-01 -1.566199999999999884e-02
9.994709999999999983e-01 1.834859999999999963e-02 2.685720000000000121e-02 -5.869089999999999724e-02 -1.650700000000000084e-02 9.975990000000000135e-01 -6.725259999999999572e-02 1.165410000000000057e-02 -2.802670000000000161e-02 6.677370000000000527e-02 9.973739999999999828e-01 -2.231479999999999922e-02
9.994359999999999911e-01 1.721630000000000035e-02 2.882389999999999952e-02 -6.199489999999999862e-02 -1.514539999999999983e-02 9.973910000000000275e-01 -7.058290000000000397e-02 8.189250000000000348e-03 -2.996390000000000164e-02 7.010650000000000215e-02 9.970890000000000031e-01 -3.103629999999999931e-02
9.993530000000000468e-01 1.717499999999999930e-02 3.159370000000000234e-02 -6.596019999999999661e-02 -1.472230000000000066e-02 9.969770000000000021e-01 -7.629049999999999720e-02 7.994690000000000477e-03 -3.280849999999999739e-02 7.577599999999999614e-02 9.965850000000000541e-01 -3.766619999999999691e-02
9.992839999999999501e-01 1.676010000000000000e-02 3.393229999999999857e-02 -6.949410000000000309e-02 -1.388159999999999915e-02 9.964229999999999476e-01 -8.335739999999999816e-02 1.041629999999999986e-02 -3.520800000000000318e-02 8.282670000000000310e-02 9.959419999999999940e-01 -4.035989999999999717e-02
9.992459999999999676e-01 1.457559999999999932e-02 3.598380000000000328e-02 -7.155079999999999774e-02 -1.147109999999999970e-02 9.963130000000000042e-01 -8.502070000000000460e-02 1.386530000000000054e-02 -3.709040000000000253e-02 8.454380000000000228e-02 9.957289999999999752e-01 -4.267329999999999735e-02
9.992170000000000218e-01 1.409170000000000041e-02 3.697990000000000305e-02 -7.152949999999999586e-02 -1.108280000000000029e-02 9.967049999999999521e-01 -8.034589999999999788e-02 1.374180000000000020e-02 -3.799020000000000175e-02 7.987310000000000243e-02 9.960809999999999942e-01 -4.220129999999999715e-02
9.990860000000000296e-01 1.645780000000000159e-02 3.945359999999999839e-02 -7.316720000000000168e-02 -1.330789999999999924e-02 9.968010000000000481e-01 -7.881050000000000555e-02 1.370170000000000068e-02 -4.062450000000000089e-02 7.821340000000000237e-02 9.961090000000000222e-01 -4.420489999999999836e-02
9.989040000000000141e-01 1.744590000000000030e-02 4.343149999999999789e-02 -7.636859999999999482e-02 -1.404880000000000018e-02 9.969069999999999876e-01 -7.732849999999999446e-02 1.318410000000000068e-02 -4.464619999999999700e-02 7.663359999999999617e-02 9.960590000000000277e-01 -4.666349999999999665e-02
9.988639999999999741e-01 1.711800000000000127e-02 4.448189999999999783e-02 -7.698420000000000263e-02 -1.364600000000000014e-02 9.969209999999999461e-01 -7.721709999999999685e-02 1.504489999999999994e-02 -4.566680000000000045e-02 7.652230000000000143e-02 9.960219999999999629e-01 -4.862869999999999693e-02
9.986939999999999706e-01 1.784569999999999906e-02 4.787550000000000139e-02 -8.024100000000000676e-02 -1.428729999999999931e-02 9.971809999999999841e-01 -7.366440000000000488e-02 1.462669999999999942e-02 -4.905509999999999732e-02 7.288409999999999334e-02 9.961330000000000462e-01 -4.932260000000000116e-02
9.985460000000000447e-01 1.722430000000000141e-02 5.107649999999999690e-02 -8.327930000000000055e-02 -1.338890000000000045e-02 9.971309999999999896e-01 -7.450370000000000603e-02 1.449220000000000022e-02 -5.221320000000000128e-02 7.371149999999999924e-02 9.959120000000000195e-01 -4.840520000000000239e-02
9.984119999999999662e-01 1.189160000000000043e-02 5.506409999999999777e-02 -8.641699999999999382e-02 -7.675330000000000173e-03 9.970660000000000078e-01 -7.615890000000000160e-02 1.298279999999999920e-02 -5.580820000000000225e-02 7.561529999999999641e-02 9.955739999999999590e-01 -5.129539999999999794e-02
9.981980000000000297e-01 1.065619999999999935e-02 5.905749999999999889e-02 -9.148879999999999513e-02 -5.953090000000000291e-03 9.968369999999999731e-01 -7.924670000000000325e-02 1.523090000000000034e-02 -5.971520000000000300e-02 7.875229999999999730e-02 9.951039999999999885e-01 -5.243869999999999781e-02
9.981170000000000320e-01 8.187639999999999502e-03 6.078519999999999757e-02 -9.404890000000000472e-02 -3.336589999999999955e-03 9.968310000000000226e-01 -7.948289999999999522e-02 1.226769999999999944e-02 -6.124330000000000052e-02 7.913040000000000351e-02 9.949810000000000043e-01 -5.180189999999999795e-02
9.979080000000000172e-01 4.793359999999999982e-03 6.447519999999999640e-02 -9.889520000000000255e-02 7.034219999999999882e-04 9.963840000000000474e-01 -8.496249999999999636e-02 1.424330000000000040e-02 -6.464930000000000676e-02 8.483010000000000550e-02 9.942959999999999576e-01 -5.105139999999999678e-02
9.977070000000000105e-01 8.360540000000000289e-04 6.766869999999999830e-02 -1.039569999999999939e-01 4.952909999999999605e-03 9.963400000000000034e-01 -8.533559999999999757e-02 1.428019999999999984e-02 -6.749239999999999406e-02 8.547509999999999830e-02 9.940520000000000467e-01 -5.339839999999999864e-02
9.977979999999999627e-01 -1.833709999999999897e-03 6.630129999999999357e-02 -1.059979999999999950e-01 7.656259999999999802e-03 9.961200000000000054e-01 -8.767250000000000043e-02 1.512239999999999938e-02 -6.588330000000000575e-02 8.798709999999999865e-02 9.939400000000000457e-01 -4.658840000000000203e-02
9.976249999999999840e-01 -3.663179999999999822e-03 6.878080000000000305e-02 -1.105980000000000019e-01 9.865080000000000029e-03 9.958890000000000242e-01 -9.004739999999999966e-02 1.685100000000000139e-02 -6.816819999999999824e-02 9.051209999999999811e-02 9.935599999999999987e-01 -4.660450000000000009e-02
9.974229999999999485e-01 -7.542410000000000260e-03 7.135149999999999826e-02 -1.157050000000000023e-01 1.386489999999999945e-02 9.959770000000000012e-01 -8.853550000000000308e-02 1.580389999999999920e-02 -7.039670000000000649e-02 8.929660000000000375e-02 9.935140000000000082e-01 -4.736089999999999745e-02
9.972309999999999786e-01 -8.874389999999999362e-03 7.383879999999999610e-02 -1.206460000000000032e-01 1.530690000000000002e-02 9.960900000000000309e-01 -8.701129999999999975e-02 1.402809999999999994e-02 -7.277790000000000648e-02 8.790059999999999540e-02 9.934669999999999890e-01 -4.558759999999999896e-02
9.969559999999999533e-01 -8.860969999999999264e-03 7.746250000000000357e-02 -1.268940000000000068e-01 1.585340000000000013e-02 9.958040000000000225e-01 -9.012539999999999440e-02 1.570759999999999865e-02 -7.633890000000000120e-02 9.107909999999999617e-02 9.929130000000000456e-01 -4.392719999999999958e-02
9.966920000000000224e-01 -9.664640000000000383e-03 8.069239999999999746e-02 -1.337210000000000065e-01 1.687429999999999833e-02 9.958749999999999547e-01 -8.915009999999999601e-02 1.553779999999999918e-02 -7.949799999999999922e-02 9.021690000000000265e-02 9.927439999999999598e-01 -4.389010000000000133e-02
9.964439999999999964e-01 -1.311000000000000013e-02 8.323490000000000055e-02 -1.404930000000000068e-01 2.037610000000000116e-02 9.959949999999999637e-01 -8.705709999999999837e-02 1.395700000000000066e-02 -8.176020000000000509e-02 8.844349999999999434e-02 9.927200000000000468e-01 -4.518609999999999988e-02
9.961790000000000367e-01 -1.540719999999999937e-02 8.597040000000000237e-02 -1.472519999999999940e-01 2.311509999999999954e-02 9.957279999999999465e-01 -8.939550000000000274e-02 1.370870000000000075e-02 -8.422580000000000344e-02 9.104109999999999980e-02 9.922790000000000221e-01 -4.078760000000000024e-02
9.957989999999999897e-01 -2.114500000000000060e-02 8.908820000000000627e-02 -1.551049999999999929e-01 2.936549999999999924e-02 9.953260000000000440e-01 -9.199799999999999645e-02 1.531249999999999972e-02 -8.672649999999999804e-02 9.422759999999999470e-02 9.917660000000000364e-01 -3.940079999999999971e-02
9.953290000000000193e-01 -2.916969999999999980e-02 9.203060000000000407e-02 -1.632349999999999912e-01 3.749659999999999799e-02 9.952280000000000015e-01 -9.008889999999999953e-02 1.446500000000000043e-02 -8.896350000000000091e-02 9.311890000000000445e-02 9.916730000000000267e-01 -3.929860000000000297e-02
9.948360000000000536e-01 -3.597990000000000216e-02 9.490139999999999687e-02 -1.709100000000000064e-01 4.441919999999999896e-02 9.950970000000000093e-01 -8.836929999999999785e-02 1.491379999999999963e-02 -9.125659999999999328e-02 9.212839999999999918e-02 9.915570000000000217e-01 -3.739499999999999769e-02
9.942919999999999536e-01 -4.264289999999999747e-02 9.780510000000000592e-02 -1.787610000000000032e-01 5.113979999999999915e-02 9.949750000000000538e-01 -8.608219999999999761e-02 1.393080000000000013e-02 -9.364279999999999826e-02 9.059259999999999535e-02 9.914760000000000240e-01 -3.596139999999999753e-02
9.937169999999999614e-01 -4.514809999999999657e-02 1.024110000000000020e-01 -1.858090000000000019e-01 5.399720000000000214e-02 9.948869999999999658e-01 -8.534940000000000582e-02 1.456739999999999945e-02 -9.803380000000000427e-02 9.034309999999999563e-02 9.910740000000000105e-01 -3.419119999999999798e-02
9.928949999999999720e-01 -4.833130000000000065e-02 1.087400000000000033e-01 -1.933539999999999981e-01 5.774939999999999934e-02 9.946890000000000454e-01 -8.519830000000000458e-02 1.447999999999999982e-02 -1.040449999999999986e-01 9.087259999999999782e-02 9.904119999999999591e-01 -3.144430000000000142e-02
9.919740000000000224e-01 -5.072820000000000107e-02 1.158180000000000043e-01 -2.005139999999999978e-01 6.082980000000000331e-02 9.944859999999999811e-01 -8.541959999999999831e-02 1.435069999999999922e-02 -1.108460000000000001e-01 9.177920000000000522e-02 9.895909999999999984e-01 -3.118769999999999876e-02
9.910269999999999913e-01 -5.239520000000000288e-02 1.229610000000000009e-01 -2.073520000000000085e-01 6.319660000000000555e-02 9.943189999999999529e-01 -8.565369999999999928e-02 1.391449999999999979e-02 -1.177740000000000037e-01 9.265589999999999937e-02 9.887080000000000313e-01 -3.057259999999999839e-02
9.899909999999999544e-01 -5.439630000000000160e-02 1.302260000000000084e-01 -2.156160000000000021e-01 6.605460000000000498e-02 9.940210000000000434e-01 -8.694459999999999689e-02 1.321740000000000068e-02 -1.247179999999999955e-01 9.467639999999999390e-02 9.876650000000000151e-01 -3.038669999999999913e-02
9.888850000000000140e-01 -5.877609999999999779e-02 1.365730000000000000e-01 -2.225280000000000036e-01 7.122850000000000015e-02 9.935570000000000235e-01 -8.815359999999999863e-02 1.346709999999999921e-02 -1.305109999999999881e-01 9.690160000000000440e-02 9.867000000000000215e-01 -3.157000000000000084e-02
9.876129999999999631e-01 -6.427919999999999467e-02 1.431360000000000132e-01 -2.292780000000000096e-01 7.734040000000000359e-02 9.931459999999999733e-01 -8.763509999999999356e-02 1.221249999999999940e-02 -1.365220000000000045e-01 9.761980000000000657e-02 9.858149999999999968e-01 -3.198469999999999785e-02
9.863220000000000320e-01 -6.910339999999999538e-02 1.496429999999999982e-01 -2.334880000000000011e-01 8.343879999999999353e-02 9.922809999999999686e-01 -9.173589999999999522e-02 1.200979999999999930e-02 -1.421479999999999966e-01 1.029670000000000030e-01 9.844749999999999890e-01 -2.869089999999999835e-02
9.842659999999999743e-01 -7.424100000000000144e-02 1.603380000000000083e-01 -2.419890000000000096e-01 9.023599999999999677e-02 9.913899999999999935e-01 -9.489000000000000212e-02 1.255820000000000027e-02 -1.519129999999999925e-01 1.078650000000000025e-01 9.824910000000000032e-01 -3.205249999999999766e-02
9.823769999999999447e-01 -7.839440000000000297e-02 1.696729999999999905e-01 -2.478619999999999990e-01 9.542710000000000081e-02 9.909249999999999448e-01 -9.466679999999999540e-02 1.342519999999999998e-02 -1.607119999999999937e-01 1.091899999999999954e-01 9.809430000000000094e-01 -3.137399999999999911e-02
9.805490000000000039e-01 -7.966289999999999483e-02 1.793829999999999869e-01 -2.545250000000000012e-01 9.748270000000000546e-02 9.909000000000000030e-01 -9.281010000000000648e-02 1.096699999999999932e-02 -1.703570000000000084e-01 1.084920000000000051e-01 9.793920000000000403e-01 -3.099609999999999865e-02
9.784880000000000244e-01 -8.127089999999999315e-02 1.896190000000000098e-01 -2.616209999999999924e-01 1.003830000000000000e-01 9.905500000000000416e-01 -9.345440000000000691e-02 8.555689999999999476e-03 -1.802320000000000033e-01 1.104789999999999939e-01 9.774000000000000465e-01 -3.340150000000000063e-02
9.768700000000000161e-01 -8.047619999999999774e-02 1.981120000000000103e-01 -2.680690000000000017e-01 1.011620000000000019e-01 9.901689999999999658e-01 -9.659760000000000568e-02 1.151089999999999926e-02 -1.883910000000000029e-01 1.144050000000000067e-01 9.754080000000000528e-01 -3.258790000000000298e-02
9.751170000000000115e-01 -8.278639999999999610e-02 2.056510000000000005e-01 -2.736979999999999968e-01 1.043179999999999941e-01 9.898850000000000149e-01 -9.614899999999999836e-02 1.091959999999999979e-02 -1.956110000000000071e-01 1.152100000000000068e-01 9.738909999999999512e-01 -3.222819999999999852e-02
9.734610000000000207e-01 -8.330210000000000392e-02 2.131520000000000081e-01 -2.815719999999999890e-01 1.059849999999999959e-01 9.895969999999999489e-01 -9.728720000000000423e-02 9.837200000000000805e-03 -2.028300000000000103e-01 1.172959999999999975e-01 9.721629999999999994e-01 -3.559980000000000089e-02
9.716869999999999674e-01 -8.840430000000000510e-02 2.191089999999999982e-01 -2.891900000000000026e-01 1.120270000000000016e-01 9.888789999999999525e-01 -9.782190000000000329e-02 9.934530000000000444e-03 -2.080239999999999867e-01 1.195979999999999960e-01 9.707839999999999803e-01 -3.610239999999999977e-02
9.698999999999999844e-01 -9.244330000000000602e-02 2.252740000000000020e-01 -2.982890000000000263e-01 1.164909999999999973e-01 9.885530000000000150e-01 -9.588220000000000076e-02 9.934230000000000491e-03 -2.138309999999999933e-01 1.192389999999999978e-01 9.695660000000000389e-01 -3.597050000000000247e-02
9.690320000000000045e-01 -9.346279999999999866e-02 2.285619999999999874e-01 -3.033080000000000220e-01 1.177470000000000044e-01 9.884889999999999510e-01 -9.500229999999999786e-02 1.055339999999999924e-02 -2.170519999999999949e-01 1.189729999999999954e-01 9.688830000000000497e-01 -3.567370000000000263e-02
9.680600000000000316e-01 -9.460340000000000416e-02 2.321830000000000005e-01 -3.108259999999999912e-01 1.195360000000000034e-01 9.882020000000000248e-01 -9.574639999999999540e-02 1.188050000000000044e-02 -2.203859999999999986e-01 1.204429999999999945e-01 9.679480000000000306e-01 -3.405450000000000144e-02
9.670020000000000282e-01 -9.427549999999999819e-02 2.366830000000000045e-01 -3.197699999999999987e-01 1.190810000000000063e-01 9.885420000000000318e-01 -9.276560000000000361e-02 1.171630000000000067e-02 -2.252260000000000095e-01 1.178889999999999938e-01 9.671480000000000077e-01 -3.720740000000000158e-02
9.660360000000000058e-01 -9.009989999999999666e-02 2.421899999999999886e-01 -3.277680000000000038e-01 1.152200000000000030e-01 9.891060000000000407e-01 -9.161629999999999774e-02 1.148219999999999970e-02 -2.312970000000000026e-01 1.164099999999999996e-01 9.658940000000000303e-01 -3.768049999999999872e-02
9.651260000000000394e-01 -8.778170000000000417e-02 2.466289999999999871e-01 -3.346359999999999890e-01 1.140400000000000025e-01 9.889940000000000397e-01 -9.426070000000000282e-02 1.109729999999999918e-02 -2.356409999999999894e-01 1.190989999999999965e-01 9.645150000000000112e-01 -3.767619999999999997e-02
9.637480000000000491e-01 -8.481819999999999637e-02 2.529719999999999747e-01 -3.438829999999999942e-01 1.129899999999999932e-01 9.886540000000000328e-01 -9.897569999999999979e-02 1.234359999999999971e-02 -2.417070000000000052e-01 1.239709999999999979e-01 9.623969999999999470e-01 -3.931640000000000135e-02
9.620619999999999727e-01 -8.181470000000000409e-02 2.602760000000000074e-01 -3.516440000000000121e-01 1.111390000000000017e-01 9.887610000000000010e-01 -1.000010000000000066e-01 1.380550000000000006e-02 -2.491700000000000026e-01 1.251339999999999952e-01 9.603420000000000289e-01 -4.044299999999999978e-02
9.601589999999999847e-01 -8.024470000000000214e-02 2.676850000000000063e-01 -3.561969999999999859e-01 1.110310000000000047e-01 9.885779999999999568e-01 -1.019069999999999976e-01 1.328370000000000072e-02 -2.564500000000000113e-01 1.275679999999999870e-01 9.581020000000000092e-01 -3.816979999999999679e-02
9.576599999999999557e-01 -7.810899999999999788e-02 2.771029999999999882e-01 -3.633339999999999903e-01 1.123139999999999972e-01 9.875909999999999966e-01 -1.097739999999999966e-01 1.326680000000000047e-02 -2.650899999999999923e-01 1.362490000000000090e-01 9.545489999999999808e-01 -3.675769999999999732e-02
9.554000000000000270e-01 -7.543429999999999580e-02 2.855179999999999940e-01 -3.722770000000000246e-01 1.143740000000000034e-01 9.858879999999999866e-01 -1.222459999999999936e-01 1.619140000000000162e-02 -2.722680000000000100e-01 1.494499999999999995e-01 9.505449999999999733e-01 -3.617250000000000326e-02
9.543289999999999829e-01 -7.150289999999999424e-02 2.900750000000000273e-01 -3.792369999999999908e-01 1.141459999999999975e-01 9.845420000000000282e-01 -1.328449999999999909e-01 2.073169999999999874e-02 -2.760920000000000041e-01 1.598880000000000023e-01 9.477389999999999981e-01 -3.225059999999999732e-02
9.541859999999999786e-01 -7.616920000000000635e-02 2.893560000000000021e-01 -3.832300000000000151e-01 1.194370000000000015e-01 9.836300000000000043e-01 -1.349299999999999944e-01 2.228370000000000004e-02 -2.743419999999999748e-01 1.633080000000000087e-01 9.476639999999999509e-01 -3.020190000000000027e-02
9.537740000000000107e-01 -7.927530000000000687e-02 2.898789999999999978e-01 -3.897849999999999926e-01 1.223130000000000051e-01 9.834749999999999881e-01 -1.334809999999999885e-01 1.902140000000000081e-02 -2.745070000000000010e-01 1.627669999999999950e-01 9.477090000000000236e-01 -3.106549999999999936e-02
9.537910000000000554e-01 -7.874699999999999755e-02 2.899689999999999768e-01 -3.955339999999999967e-01 1.225770000000000054e-01 9.830659999999999954e-01 -1.362190000000000067e-01 1.848079999999999862e-02 -2.743320000000000203e-01 1.654680000000000040e-01 9.472920000000000229e-01 -2.966960000000000083e-02
9.538400000000000212e-01 -7.796060000000000489e-02 2.900209999999999733e-01 -4.009420000000000206e-01 1.227850000000000052e-01 9.825509999999999522e-01 -1.397039999999999949e-01 2.111949999999999938e-02 -2.740690000000000071e-01 1.688659999999999883e-01 9.467680000000000540e-01 -2.938270000000000118e-02
9.536390000000000144e-01 -7.720889999999999698e-02 2.908810000000000007e-01 -4.078809999999999936e-01 1.219299999999999967e-01 9.827740000000000364e-01 -1.388840000000000074e-01 2.211000000000000118e-02 -2.751469999999999749e-01 1.679120000000000057e-01 9.466250000000000497e-01 -2.944710000000000036e-02
9.537750000000000394e-01 -7.724179999999999935e-02 2.904260000000000175e-01 -4.127069999999999905e-01 1.219250000000000056e-01 9.827529999999999877e-01 -1.390339999999999909e-01 2.351730000000000140e-02 -2.746779999999999777e-01 1.680169999999999997e-01 9.467430000000000012e-01 -2.875619999999999912e-02
9.540640000000000231e-01 -7.604479999999999573e-02 2.897919999999999940e-01 -4.159209999999999852e-01 1.212239999999999984e-01 9.825199999999999489e-01 -1.412740000000000107e-01 2.291100000000000081e-02 -2.739829999999999766e-01 1.699140000000000095e-01 9.466059999999999475e-01 -3.089319999999999913e-02
9.533930000000000460e-01 -7.364199999999999913e-02 2.926070000000000060e-01 -4.189959999999999796e-01 1.209900000000000003e-01 9.816859999999999475e-01 -1.471530000000000060e-01 2.270159999999999886e-02 -2.764110000000000178e-01 1.756969999999999921e-01 9.448419999999999597e-01 -3.246980000000000005e-02
9.515869999999999607e-01 -6.858670000000000044e-02 2.996309999999999807e-01 -4.246440000000000214e-01 1.203459999999999946e-01 9.801020000000000287e-01 -1.578529999999999933e-01 2.762109999999999913e-02 -2.828419999999999823e-01 1.862699999999999911e-01 9.409060000000000201e-01 -3.375609999999999722e-02
9.501460000000000461e-01 -6.597129999999999661e-02 3.047449999999999881e-01 -4.286170000000000258e-01 1.209879999999999983e-01 9.787890000000000201e-01 -1.653310000000000057e-01 3.171970000000000345e-02 -2.873740000000000183e-01 1.939589999999999925e-01 9.379739999999999744e-01 -3.376090000000000341e-02
9.488710000000000200e-01 -6.723450000000000260e-02 3.084210000000000007e-01 -4.340040000000000009e-01 1.233589999999999964e-01 9.783380000000000409e-01 -1.662470000000000059e-01 3.374789999999999734e-02 -2.905619999999999870e-01 1.957939999999999958e-01 9.366100000000000536e-01 -3.674550000000000038e-02
9.482019999999999893e-01 -6.810320000000000262e-02 3.102820000000000022e-01 -4.382110000000000172e-01 1.239579999999999987e-01 9.786399999999999544e-01 -1.640079999999999871e-01 3.438909999999999884e-02 -2.924840000000000217e-01 1.939740000000000075e-01 9.363899999999999446e-01 -3.974849999999999911e-02
9.480809999999999516e-01 -6.751469999999999694e-02 3.107790000000000274e-01 -4.415899999999999825e-01 1.234279999999999961e-01 9.787219999999999809e-01 -1.639180000000000081e-01 3.784389999999999976e-02 -2.930989999999999984e-01 1.937659999999999938e-01 9.362409999999999899e-01 -4.126169999999999838e-02
9.477579999999999893e-01 -6.591020000000000212e-02 3.121050000000000213e-01 -4.459500000000000131e-01 1.213810000000000028e-01 9.793340000000000378e-01 -1.617770000000000041e-01 3.994960000000000178e-02 -2.949930000000000052e-01 1.912089999999999901e-01 9.361720000000000041e-01 -4.660179999999999878e-02
9.471439999999999859e-01 -6.657530000000000392e-02 3.138259999999999939e-01 -4.497570000000000179e-01 1.217359999999999970e-01 9.796500000000000208e-01 -1.595820000000000016e-01 4.275369999999999865e-02 -2.968160000000000243e-01 1.893509999999999915e-01 9.359739999999999727e-01 -4.966249999999999831e-02
9.466900000000000315e-01 -6.736549999999999483e-02 3.150229999999999975e-01 -4.521729999999999916e-01 1.226389999999999980e-01 9.796219999999999928e-01 -1.590620000000000089e-01 4.544429999999999997e-02 -2.978879999999999861e-01 1.892159999999999953e-01 9.356600000000000472e-01 -5.376650000000000179e-02
9.457349999999999923e-01 -6.696409999999999862e-02 3.179649999999999976e-01 -4.566580000000000084e-01 1.227410000000000029e-01 9.796589999999999465e-01 -1.587530000000000052e-01 4.917849999999999999e-02 -3.008660000000000223e-01 1.891660000000000008e-01 9.347170000000000201e-01 -5.922709999999999780e-02
9.450939999999999896e-01 -6.710439999999999461e-02 3.198349999999999804e-01 -4.601319999999999855e-01 1.227789999999999992e-01 9.799029999999999685e-01 -1.572129999999999916e-01 5.229629999999999695e-02 -3.028580000000000161e-01 1.878499999999999892e-01 9.343390000000000306e-01 -6.288549999999999696e-02
9.442639999999999922e-01 -6.802779999999999938e-02 3.220839999999999814e-01 -4.647689999999999877e-01 1.235310000000000019e-01 9.801379999999999537e-01 -1.551440000000000041e-01 5.526469999999999994e-02 -3.051329999999999876e-01 1.862840000000000051e-01 9.339119999999999644e-01 -6.796520000000000339e-02
9.438940000000000108e-01 -6.922899999999999887e-02 3.229110000000000036e-01 -4.704110000000000236e-01 1.244340000000000029e-01 9.802720000000000322e-01 -1.535690000000000111e-01 5.826619999999999716e-02 -3.059089999999999865e-01 1.851339999999999930e-01 9.338870000000000227e-01 -7.349709999999999577e-02
9.441220000000000168e-01 -7.203370000000000606e-02 3.216289999999999982e-01 -4.744579999999999909e-01 1.273749999999999882e-01 9.797519999999999563e-01 -1.544719999999999982e-01 6.134160000000000307e-02 -3.039899999999999824e-01 1.868080000000000018e-01 9.341800000000000104e-01 -7.891040000000000554e-02
9.441289999999999960e-01 -7.308199999999999419e-02 3.213710000000000178e-01 -4.805699999999999972e-01 1.285679999999999878e-01 9.795190000000000285e-01 -1.549590000000000134e-01 6.458310000000000439e-02 -3.034649999999999848e-01 1.876190000000000080e-01 9.341890000000000471e-01 -8.575800000000000090e-02
9.444489999999999830e-01 -7.218769999999999354e-02 3.206330000000000013e-01 -4.854919999999999791e-01 1.274210000000000065e-01 9.797010000000000440e-01 -1.547570000000000057e-01 6.895239999999999703e-02 -3.029529999999999723e-01 1.870149999999999868e-01 9.344759999999999733e-01 -9.109770000000000367e-02
9.445430000000000215e-01 -6.732059999999999433e-02 3.214119999999999755e-01 -4.900499999999999856e-01 1.214380000000000043e-01 9.809839999999999671e-01 -1.514030000000000098e-01 7.335060000000000191e-02 -3.051079999999999903e-01 1.820390000000000064e-01 9.347569999999999490e-01 -9.756679999999999520e-02
9.442249999999999810e-01 -6.128970000000000251e-02 3.235460000000000003e-01 -4.942909999999999804e-01 1.153030000000000027e-01 9.818630000000000413e-01 -1.504999999999999949e-01 7.664250000000000229e-02 -3.084540000000000060e-01 1.794119999999999882e-01 9.341669999999999696e-01 -1.027470000000000050e-01
9.441009999999999680e-01 -5.472980000000000206e-02 3.250819999999999821e-01 -4.980570000000000275e-01 1.097569999999999935e-01 9.820470000000000033e-01 -1.534210000000000018e-01 8.033659999999999413e-02 -3.108489999999999864e-01 1.805249999999999910e-01 9.331580000000000430e-01 -1.085819999999999980e-01
