1.000000000000000000e+00 -2.809600000000000273e-23 1.176380000000000030e-23 4.917130000000000303e-24 2.809600000000000273e-23 1.000000000000000000e+00 -1.105289999999999929e-23 -1.645660000000000024e-23 -1.176380000000000030e-23 1.105289999999999929e-23 1.000000000000000000e+00 7.032109999999999770e-24
9.999879999999999880e-01 -1.462760000000000015e-03 -4.569110000000000359e-03 3.590100000000000149e-03 1.448129999999999947e-03 9.999940000000000495e-01 -3.203210000000000172e-03 8.274759999999999494e-04 4.573759999999999631e-03 3.196560000000000200e-03 9.999839999999999840e-01 7.876489999999999663e-04
9.999799999999999800e-01 -3.807759999999999877e-03 -4.986680000000000279e-03 4.800030000000000269e-03 3.791029999999999921e-03 9.999869999999999592e-01 -3.360339999999999855e-03 2.470099999999999813e-03 4.999410000000000139e-03 3.341370000000000191e-03 9.999820000000000375e-01 1.079080000000000056e-03
9.999789999999999512e-01 -4.160920000000000243e-03 -5.044650000000000349e-03 5.612390000000000087e-03 4.155700000000000019e-03 9.999909999999999632e-01 -1.044919999999999963e-03 3.324769999999999896e-03 5.048949999999999966e-03 1.023929999999999936e-03 9.999869999999999592e-01 1.630680000000000020e-03
9.999810000000000088e-01 -4.222459999999999929e-03 -4.441529999999999957e-03 5.839010000000000380e-03 4.224709999999999577e-03 9.999909999999999632e-01 4.966849999999999651e-04 2.639310000000000180e-03 4.439389999999999656e-03 -5.154400000000000388e-04 9.999900000000000455e-01 2.062430000000000079e-03
9.999700000000000255e-01 -5.134119999999999830e-03 -5.760750000000000245e-03 6.304520000000000089e-03 5.135350000000000331e-03 9.999869999999999592e-01 1.980589999999999955e-04 8.405520000000000526e-04 5.759659999999999780e-03 -2.276360000000000005e-04 9.999829999999999552e-01 1.862570000000000024e-04
9.999550000000000383e-01 -6.361440000000000324e-03 -6.996729999999999616e-03 6.878669999999999923e-03 6.345360000000000410e-03 9.999770000000000048e-01 -2.317490000000000175e-03 2.690479999999999868e-03 7.011319999999999705e-03 2.272989999999999906e-03 9.999730000000000008e-01 6.225669999999999772e-04
9.999559999999999560e-01 -7.097749999999999893e-03 -6.193979999999999972e-03 5.767959999999999927e-03 7.079079999999999748e-03 9.999700000000000255e-01 -3.030660000000000125e-03 2.322059999999999923e-03 6.215299999999999991e-03 2.986679999999999804e-03 9.999759999999999760e-01 -1.849769999999999876e-04
9.999440000000000550e-01 -8.690059999999999452e-03 -6.094940000000000080e-03 6.500999999999999834e-03 8.676019999999999566e-03 9.999599999999999600e-01 -2.327089999999999975e-03 2.503200000000000130e-03 6.114910000000000311e-03 2.274079999999999938e-03 9.999789999999999512e-01 -3.188339999999999902e-04
9.999419999999999975e-01 -9.144340000000000801e-03 -5.719430000000000174e-03 7.381790000000000053e-03 9.128630000000000425e-03 9.999550000000000383e-01 -2.767930000000000043e-03 2.267900000000000211e-03 5.744479999999999725e-03 2.715550000000000169e-03 9.999799999999999800e-01 6.470210000000000111e-04
9.999489999999999768e-01 -8.850510000000000668e-03 -4.833080000000000015e-03 7.727569999999999578e-03 8.827019999999999658e-03 9.999489999999999768e-01 -4.859450000000000401e-03 4.203150000000000115e-03 4.875840000000000209e-03 4.816540000000000231e-03 9.999770000000000048e-01 1.167740000000000011e-03
9.999280000000000390e-01 -8.820980000000000834e-03 -8.133829999999999880e-03 1.097069999999999990e-02 8.777729999999999214e-03 9.999470000000000303e-01 -5.338240000000000172e-03 4.388210000000000027e-03 8.180490000000000331e-03 5.266459999999999718e-03 9.999529999999999808e-01 1.157409999999999993e-03
9.999270000000000103e-01 -8.947979999999999476e-03 -8.138130000000000364e-03 1.216569999999999978e-02 8.898190000000000266e-03 9.999419999999999975e-01 -6.133750000000000313e-03 4.135500000000000287e-03 8.192539999999999892e-03 6.060880000000000260e-03 9.999479999999999480e-01 6.231430000000000476e-04
9.999270000000000103e-01 -9.060320000000000179e-03 -7.983830000000000787e-03 1.408760000000000047e-02 8.975580000000000364e-03 9.999040000000000150e-01 -1.058749999999999969e-02 4.276140000000000323e-03 8.078989999999999436e-03 1.051500000000000004e-02 9.999120000000000230e-01 2.449660000000000205e-03
9.999369999999999647e-01 -8.709029999999999549e-03 -7.038720000000000046e-03 1.492409999999999917e-02 8.586289999999999895e-03 9.998139999999999805e-01 -1.728460000000000066e-02 4.848029999999999701e-03 7.187940000000000301e-03 1.722310000000000160e-02 9.998259999999999925e-01 4.622549999999999576e-03
9.999519999999999520e-01 -7.308509999999999833e-03 -6.449200000000000418e-03 1.586550000000000113e-02 7.176580000000000112e-03 9.997690000000000188e-01 -2.024870000000000142e-02 7.885740000000000458e-03 6.595700000000000347e-03 2.020150000000000071e-02 9.997740000000000515e-01 3.168550000000000012e-03
9.999590000000000423e-01 -6.409480000000000385e-03 -6.454849999999999824e-03 1.768919999999999867e-02 6.301639999999999846e-03 9.998430000000000373e-01 -1.659019999999999939e-02 1.017370000000000080e-02 6.560169999999999717e-03 1.654879999999999893e-02 9.998420000000000085e-01 4.759740000000000151e-03
9.999759999999999760e-01 -4.280049999999999653e-03 -5.514429999999999853e-03 1.856850000000000167e-02 4.216390000000000415e-03 9.999249999999999527e-01 -1.150460000000000024e-02 8.822730000000000850e-03 5.563260000000000427e-03 1.148109999999999929e-02 9.999190000000000023e-01 5.705749999999999884e-03
9.999799999999999800e-01 -4.998830000000000114e-03 -3.979820000000000232e-03 1.804750000000000104e-02 4.957529999999999923e-03 9.999339999999999895e-01 -1.032089999999999917e-02 8.479209999999999178e-03 4.031159999999999778e-03 1.030089999999999999e-02 9.999390000000000223e-01 5.579800000000000211e-03
9.999839999999999840e-01 -3.831320000000000038e-03 -4.102780000000000316e-03 1.848450000000000093e-02 3.778329999999999883e-03 9.999099999999999655e-01 -1.284590000000000037e-02 9.533780000000000379e-03 4.151629999999999904e-03 1.283019999999999994e-02 9.999090000000000478e-01 4.727320000000000133e-03
9.999869999999999592e-01 -4.298299999999999690e-03 -2.796519999999999822e-03 1.693619999999999848e-02 4.264079999999999954e-03 9.999169999999999447e-01 -1.212899999999999916e-02 9.743240000000000234e-03 2.848429999999999886e-03 1.211689999999999989e-02 9.999230000000000063e-01 3.971950000000000133e-03
9.999609999999999888e-01 -3.780640000000000042e-03 -7.975499999999999950e-03 1.944210000000000035e-02 3.662710000000000011e-03 9.998850000000000238e-01 -1.475019999999999977e-02 1.181190000000000018e-02 8.030340000000000394e-03 1.472039999999999980e-02 9.998590000000000533e-01 5.890809999999999796e-03
9.999430000000000263e-01 -4.671279999999999877e-03 -9.647340000000000776e-03 1.906530000000000030e-02 4.526490000000000201e-03 9.998780000000000445e-01 -1.497569999999999978e-02 1.174060000000000034e-02 9.716119999999999965e-03 1.493109999999999923e-02 9.998409999999999798e-01 6.777280000000000110e-03
9.999099999999999655e-01 -6.514630000000000420e-03 -1.173229999999999933e-02 2.000220000000000123e-02 6.330030000000000379e-03 9.998569999999999958e-01 -1.570389999999999980e-02 1.408689999999999942e-02 1.183290000000000036e-02 1.562819999999999834e-02 9.998080000000000300e-01 8.772169999999999274e-03
9.999069999999999903e-01 -6.165630000000000069e-03 -1.219579999999999970e-02 1.865680000000000116e-02 6.003060000000000167e-03 9.998930000000000318e-01 -1.332179999999999996e-02 1.438320000000000050e-02 1.227660000000000036e-02 1.324730000000000005e-02 9.998369999999999758e-01 9.373050000000000825e-03
9.998890000000000278e-01 -3.125450000000000103e-03 -1.455240000000000006e-02 1.729460000000000025e-02 2.928270000000000178e-03 9.999040000000000150e-01 -1.355130000000000050e-02 1.338050000000000003e-02 1.459330000000000002e-02 1.350720000000000046e-02 9.998019999999999685e-01 1.111430000000000057e-02
9.998430000000000373e-01 1.223179999999999927e-03 -1.766420000000000143e-02 1.629589999999999858e-02 -1.536800000000000058e-03 9.998409999999999798e-01 -1.775209999999999982e-02 1.384969999999999951e-02 1.763970000000000121e-02 1.777650000000000063e-02 9.996859999999999635e-01 1.224339999999999977e-02
9.997850000000000348e-01 3.023360000000000110e-03 -2.049969999999999917e-02 1.640950000000000047e-02 -3.427100000000000198e-03 9.998000000000000220e-01 -1.968829999999999886e-02 1.573990000000000111e-02 2.043609999999999871e-02 1.975429999999999894e-02 9.995960000000000401e-01 1.248750000000000034e-02
9.997580000000000355e-01 5.270519999999999892e-03 -2.133929999999999855e-02 1.575810000000000058e-02 -5.648349999999999899e-03 9.998280000000000500e-01 -1.768439999999999943e-02 1.432759999999999936e-02 2.124240000000000156e-02 1.780059999999999976e-02 9.996159999999999490e-01 1.476060000000000046e-02
9.997589999999999533e-01 6.236850000000000380e-03 -2.106550000000000089e-02 1.445510000000000024e-02 -6.662369999999999924e-03 9.997740000000000515e-01 -2.019069999999999893e-02 1.527060000000000049e-02 2.093489999999999934e-02 2.032619999999999913e-02 9.995739999999999625e-01 1.579469999999999832e-02
9.997519999999999740e-01 4.592279999999999800e-03 -2.180999999999999953e-02 1.306809999999999916e-02 -5.051439999999999923e-03 9.997660000000000435e-01 -2.104460000000000011e-02 1.596660000000000093e-02 2.170829999999999982e-02 2.114950000000000163e-02 9.995410000000000128e-01 1.533630000000000063e-02
9.996789999999999843e-01 4.727010000000000239e-03 -2.489229999999999915e-02 1.446120000000000044e-02 -5.240869999999999904e-03 9.997740000000000515e-01 -2.061889999999999903e-02 1.667549999999999935e-02 2.478920000000000082e-02 2.074269999999999933e-02 9.994769999999999488e-01 1.721299999999999913e-02
9.997019999999999795e-01 7.139989999999999705e-03 -2.335090000000000082e-02 1.172149999999999928e-02 -7.605989999999999973e-03 9.997719999999999940e-01 -1.992899999999999880e-02 1.813000000000000028e-02 2.320329999999999962e-02 2.010069999999999912e-02 9.995290000000000008e-01 1.866090000000000110e-02
9.996549999999999603e-01 9.418769999999999920e-03 -2.450019999999999976e-02 1.055260000000000052e-02 -9.881380000000000371e-03 9.997740000000000515e-01 -1.882949999999999902e-02 1.880280000000000146e-02 2.431730000000000003e-02 1.906510000000000149e-02 9.995220000000000216e-01 1.893179999999999863e-02
9.996930000000000538e-01 9.236690000000000525e-03 -2.300630000000000036e-02 8.281969999999999610e-03 -9.647839999999999541e-03 9.997949999999999893e-01 -1.782519999999999938e-02 1.878550000000000011e-02 2.283690000000000025e-02 1.804170000000000079e-02 9.995760000000000201e-01 1.935800000000000021e-02
9.997350000000000403e-01 1.148560000000000032e-02 -1.996260000000000048e-02 5.371810000000000300e-03 -1.184450000000000086e-02 9.997690000000000188e-01 -1.795530000000000043e-02 1.659729999999999886e-02 1.975179999999999991e-02 1.818699999999999831e-02 9.996390000000000553e-01 1.956650000000000056e-02
9.997800000000000020e-01 1.038019999999999915e-02 -1.821839999999999918e-02 2.599849999999999904e-03 -1.077350000000000009e-02 9.997080000000000410e-01 -2.162559999999999830e-02 1.527049999999999935e-02 1.798860000000000042e-02 2.181719999999999840e-02 9.996000000000000441e-01 1.875989999999999949e-02
9.998000000000000220e-01 9.005660000000000401e-03 -1.784729999999999997e-02 -1.351299999999999940e-03 -9.482320000000000679e-03 9.995960000000000401e-01 -2.680569999999999828e-02 1.480549999999999922e-02 1.759869999999999837e-02 2.696959999999999982e-02 9.994809999999999528e-01 1.906290000000000068e-02
9.998120000000000340e-01 5.318169999999999668e-03 -1.863930000000000101e-02 -3.430610000000000170e-03 -5.916239999999999694e-03 9.994650000000000478e-01 -3.217969999999999858e-02 1.512200000000000003e-02 1.845820000000000100e-02 3.228389999999999732e-02 9.993079999999999741e-01 1.813990000000000047e-02
9.998439999999999550e-01 7.874389999999999667e-05 -1.767260000000000011e-02 -5.913230000000000222e-03 -7.309530000000000064e-04 9.993189999999999573e-01 -3.690170000000000256e-02 1.437330000000000031e-02 1.765769999999999840e-02 3.690879999999999855e-02 9.991630000000000233e-01 1.570960000000000065e-02
9.998489999999999878e-01 -3.971309999999999597e-03 -1.689070000000000155e-02 -8.903740000000000265e-03 3.245249999999999871e-03 9.990780000000000216e-01 -4.279779999999999696e-02 1.509470000000000083e-02 1.704510000000000053e-02 4.273659999999999959e-02 9.989409999999999679e-01 1.559170000000000000e-02
9.997859999999999525e-01 -5.673199999999999771e-03 -1.988699999999999843e-02 -8.284249999999999947e-03 4.692779999999999695e-03 9.987880000000000091e-01 -4.900380000000000014e-02 1.837319999999999925e-02 2.014089999999999978e-02 4.889990000000000309e-02 9.986009999999999609e-01 1.597720000000000043e-02
9.998249999999999638e-01 -5.838529999999999762e-03 -1.778590000000000032e-02 -1.120980000000000067e-02 4.911360000000000031e-03 9.986490000000000089e-01 -5.173420000000000102e-02 1.857079999999999842e-02 1.806390000000000079e-02 5.163779999999999759e-02 9.985020000000000007e-01 1.522970000000000053e-02
9.998609999999999998e-01 -5.626019999999999806e-03 -1.568459999999999993e-02 -1.332159999999999941e-02 4.735589999999999591e-03 9.984060000000000157e-01 -5.624099999999999933e-02 1.859840000000000104e-02 1.597600000000000062e-02 5.615889999999999771e-02 9.982940000000000147e-01 1.394349999999999930e-02
9.999090000000000478e-01 -3.786499999999999935e-03 -1.295900000000000003e-02 -1.475150000000000072e-02 2.968639999999999821e-03 9.980369999999999520e-01 -6.255869999999999487e-02 2.106600000000000139e-02 1.317040000000000051e-02 6.251450000000000062e-02 9.979569999999999830e-01 1.333930000000000012e-02
9.999430000000000263e-01 -3.390390000000000070e-03 -1.008090000000000028e-02 -1.706140000000000087e-02 2.741920000000000121e-03 9.979679999999999662e-01 -6.365850000000000675e-02 2.131660000000000152e-02 1.027630000000000036e-02 6.362729999999999775e-02 9.979209999999999470e-01 1.380220000000000058e-02
9.999759999999999760e-01 -1.211330000000000046e-03 -6.860609999999999625e-03 -2.145729999999999860e-02 7.534319999999999516e-04 9.977960000000000163e-01 -6.635570000000000357e-02 2.248949999999999907e-02 6.925869999999999770e-03 6.634900000000000519e-02 9.977719999999999922e-01 1.092289999999999928e-02
9.999689999999999968e-01 1.313759999999999971e-03 -7.729960000000000130e-03 -2.337629999999999916e-02 -1.844399999999999946e-03 9.976120000000000543e-01 -6.904580000000000439e-02 2.252929999999999863e-02 7.620789999999999682e-03 6.905799999999999439e-02 9.975840000000000263e-01 8.094709999999999753e-03
9.999550000000000383e-01 4.992629999999999638e-03 -8.023260000000000808e-03 -2.591169999999999932e-02 -5.569690000000000404e-03 9.972729999999999650e-01 -7.358860000000000401e-02 2.322540000000000021e-02 7.633980000000000279e-03 7.363000000000000100e-02 9.972560000000000313e-01 4.543980000000000415e-03
9.999409999999999688e-01 7.688760000000000212e-03 -7.653130000000000176e-03 -2.847059999999999869e-02 -8.273420000000000080e-03 9.967970000000000441e-01 -7.954930000000000334e-02 2.441250000000000017e-02 7.016979999999999919e-03 7.960789999999999533e-02 9.968019999999999659e-01 2.802670000000000161e-03
9.999390000000000223e-01 8.408830000000000818e-03 -7.226220000000000213e-03 -3.054480000000000042e-02 -8.995110000000000605e-03 9.963100000000000289e-01 -8.534949999999999481e-02 2.383429999999999924e-02 6.481869999999999819e-03 8.540920000000000456e-02 9.963250000000000162e-01 7.264300000000000227e-04
9.999259999999999815e-01 8.543409999999999546e-03 -8.643150000000000485e-03 -3.021249999999999977e-02 -9.313069999999999682e-03 9.955920000000000325e-01 -9.332619999999999805e-02 2.609190000000000120e-02 7.807729999999999705e-03 9.339980000000000504e-02 9.955979999999999830e-01 1.094640000000000023e-03
9.999510000000000343e-01 7.353410000000000328e-03 -6.577320000000000215e-03 -3.351869999999999850e-02 -7.974810000000000579e-03 9.949489999999999723e-01 -1.000640000000000002e-01 2.776440000000000158e-02 5.808289999999999807e-03 1.001120000000000065e-01 9.949590000000000378e-01 -1.428779999999999937e-03
9.999689999999999968e-01 6.163830000000000350e-03 -4.830840000000000307e-03 -3.531000000000000111e-02 -6.624579999999999705e-03 9.947599999999999776e-01 -1.020199999999999996e-01 3.163930000000000214e-02 4.176700000000000204e-03 1.020490000000000008e-01 9.947709999999999608e-01 -2.104459999999999838e-03
9.999580000000000135e-01 8.480480000000000310e-03 -3.469970000000000172e-03 -3.563879999999999826e-02 -8.784500000000000641e-03 9.949679999999999636e-01 -9.980899999999999495e-02 3.320780000000000259e-02 2.606080000000000202e-03 9.983530000000000182e-02 9.950010000000000243e-01 -1.988909999999999983e-03
9.999400000000000510e-01 1.090709999999999943e-02 -1.354469999999999980e-03 -3.706469999999999904e-02 -1.098769999999999955e-02 9.949810000000000043e-01 -9.945439999999999836e-02 3.473520000000000080e-02 2.629099999999999883e-04 9.946330000000000449e-02 9.950409999999999533e-01 -1.870050000000000054e-03
9.999270000000000103e-01 1.207259999999999930e-02 1.095800000000000073e-03 -3.909669999999999812e-02 -1.190770000000000023e-02 9.951410000000000533e-01 -9.773859999999999493e-02 3.409829999999999806e-02 -2.270439999999999871e-03 9.771839999999999693e-02 9.952119999999999855e-01 -4.394519999999999850e-03
9.999149999999999983e-01 1.264170000000000051e-02 3.097519999999999874e-03 -4.070739999999999775e-02 -1.227520000000000000e-02 9.950620000000000021e-01 -9.849099999999999522e-02 3.704840000000000216e-02 -4.327319999999999951e-03 9.844459999999999322e-02 9.951330000000000453e-01 -4.416060000000000298e-03
9.998899999999999455e-01 1.300809999999999987e-02 7.086000000000000285e-03 -4.468180000000000068e-02 -1.226750000000000063e-02 9.952980000000000160e-01 -9.607630000000000337e-02 3.730819999999999970e-02 -8.302449999999999414e-03 9.597890000000000588e-02 9.953490000000000393e-01 -5.842759999999999794e-03
9.998869999999999703e-01 1.120460000000000032e-02 9.976830000000000767e-03 -4.684519999999999657e-02 -1.019529999999999915e-02 9.953260000000000440e-01 -9.602919999999999512e-02 3.653180000000000316e-02 -1.100620000000000070e-02 9.591669999999999363e-02 9.953290000000000193e-01 -6.397120000000000063e-03
9.998850000000000238e-01 7.674450000000000195e-03 1.310320000000000061e-02 -4.989790000000000197e-02 -6.337810000000000145e-03 9.950510000000000188e-01 -9.916609999999999314e-02 3.643899999999999917e-02 -1.379939999999999986e-02 9.907159999999999578e-02 9.949850000000000083e-01 -7.533090000000000099e-03
9.998639999999999750e-01 7.196209999999999760e-03 1.486939999999999963e-02 -5.216019999999999684e-02 -5.644549999999999915e-03 9.947810000000000263e-01 -1.018789999999999973e-01 3.798970000000000125e-02 -1.552489999999999946e-02 1.017809999999999965e-01 9.946859999999999591e-01 -9.977379999999999236e-03
9.998639999999999750e-01 3.585159999999999996e-03 1.608390000000000167e-02 -5.467779999999999863e-02 -1.886799999999999892e-03 9.945349999999999469e-01 -1.043909999999999977e-01 3.736899999999999944e-02 -1.637030000000000082e-02 1.043469999999999953e-01 9.944060000000000121e-01 -1.134499999999999918e-02
9.998190000000000133e-01 1.064679999999999978e-04 1.902730000000000046e-02 -5.819529999999999842e-02 1.989540000000000145e-03 9.939179999999999682e-01 -1.101049999999999945e-01 3.928020000000000123e-02 -1.892330000000000054e-02 1.101229999999999987e-01 9.937380000000000102e-01 -1.150879999999999959e-02
9.997559999999999780e-01 -4.330419999999999756e-03 2.165500000000000064e-02 -6.319080000000000530e-02 6.725560000000000219e-03 9.937089999999999534e-01 -1.117869999999999975e-01 4.058049999999999852e-02 -2.103469999999999993e-02 1.119050000000000045e-01 9.934960000000000457e-01 -1.229249999999999961e-02
9.997380000000000155e-01 -7.153510000000000077e-03 2.176550000000000012e-02 -6.682939999999999714e-02 9.592899999999999691e-03 9.934199999999999697e-01 -1.141230000000000022e-01 4.104859999999999759e-02 -2.080589999999999870e-02 1.143020000000000008e-01 9.932279999999999998e-01 -1.133860000000000076e-02
9.996680000000000010e-01 -8.235769999999999896e-03 2.442849999999999883e-02 -7.166210000000000635e-02 1.098269999999999975e-02 9.933579999999999632e-01 -1.145369999999999999e-01 4.055009999999999865e-02 -2.332290000000000058e-02 1.147679999999999950e-01 9.931189999999999740e-01 -1.189370000000000011e-02
9.995479999999999920e-01 -1.064999999999999974e-02 2.811140000000000166e-02 -7.721780000000000310e-02 1.383129999999999950e-02 9.932090000000000085e-01 -1.155159999999999937e-01 4.274660000000000265e-02 -2.669030000000000014e-02 1.158519999999999966e-01 9.929080000000000128e-01 -1.197559999999999944e-02
9.994520000000000071e-01 -1.191159999999999962e-02 3.089439999999999895e-02 -8.278430000000000510e-02 1.540930000000000077e-02 9.931799999999999518e-01 -1.155719999999999942e-01 4.222780000000000283e-02 -2.930709999999999912e-02 1.159850000000000048e-01 9.928190000000000071e-01 -9.547520000000000312e-03
9.993419999999999526e-01 -1.253939999999999916e-02 3.402709999999999763e-02 -8.865109999999999657e-02 1.648559999999999956e-02 9.928420000000000023e-01 -1.182929999999999954e-01 4.337869999999999920e-02 -3.230020000000000113e-02 1.187760000000000066e-01 9.923959999999999448e-01 -1.016270000000000021e-02
9.992039999999999811e-01 -1.222379999999999994e-02 3.798420000000000268e-02 -9.599420000000000175e-02 1.660460000000000061e-02 9.929639999999999578e-01 -1.172470000000000040e-01 4.319479999999999847e-02 -3.628370000000000206e-02 1.177839999999999998e-01 9.923760000000000359e-01 -1.004299999999999984e-02
9.991569999999999618e-01 -1.287630000000000025e-02 3.899110000000000076e-02 -1.014820000000000028e-01 1.734650000000000081e-02 9.930299999999999683e-01 -1.165739999999999971e-01 4.315730000000000260e-02 -3.721830000000000277e-02 1.171520000000000061e-01 9.924159999999999648e-01 -7.993439999999999226e-03
9.989890000000000159e-01 -1.729170000000000013e-02 4.149599999999999816e-02 -1.082820000000000032e-01 2.211199999999999971e-02 9.926869999999999861e-01 -1.186719999999999997e-01 4.190350000000000324e-02 -3.914050000000000168e-02 1.194690000000000057e-01 9.920660000000000034e-01 -6.186340000000000242e-03
9.987319999999999531e-01 -2.388530000000000167e-02 4.432269999999999960e-02 -1.157630000000000048e-01 2.916979999999999920e-02 9.920160000000000089e-01 -1.226959999999999995e-01 4.451229999999999770e-02 -4.103819999999999690e-02 1.238329999999999986e-01 9.914539999999999464e-01 -5.362269999999999710e-03
9.984420000000000517e-01 -2.878930000000000031e-02 4.778980000000000034e-02 -1.243090000000000028e-01 3.438259999999999927e-02 9.920959999999999779e-01 -1.206799999999999956e-01 4.413240000000000218e-02 -4.393779999999999908e-02 1.221349999999999936e-01 9.915399999999999769e-01 -4.602929999999999869e-03
9.980390000000000095e-01 -3.727400000000000158e-02 5.028509999999999924e-02 -1.319249999999999867e-01 4.303069999999999812e-02 9.919930000000000136e-01 -1.187379999999999963e-01 4.404670000000000113e-02 -4.545659999999999978e-02 1.206689999999999985e-01 9.916509999999999492e-01 -3.104270000000000120e-03
9.976110000000000255e-01 -4.450819999999999776e-02 5.283199999999999702e-02 -1.394029999999999991e-01 5.047859999999999847e-02 9.917700000000000404e-01 -1.176569999999999977e-01 4.405509999999999982e-02 -4.716050000000000103e-02 1.200429999999999969e-01 9.916479999999999739e-01 -1.847499999999999967e-03
9.973149999999999515e-01 -4.469669999999999893e-02 5.801180000000000225e-02 -1.471119999999999928e-01 5.118999999999999939e-02 9.919580000000000064e-01 -1.157579999999999998e-01 4.325339999999999741e-02 -5.237119999999999970e-02 1.184169999999999945e-01 9.915819999999999634e-01 -1.141999999999999976e-04
9.967709999999999626e-01 -4.790470000000000145e-02 6.443530000000000091e-02 -1.546700000000000019e-01 5.503249999999999809e-02 9.919750000000000512e-01 -1.138279999999999986e-01 4.167710000000000164e-02 -5.846529999999999783e-02 1.170069999999999999e-01 9.914089999999999847e-01 1.784079999999999900e-04
9.961710000000000287e-01 -5.106730000000000297e-02 7.096349999999999880e-02 -1.606249999999999900e-01 5.910920000000000063e-02 9.914560000000000040e-01 -1.162839999999999985e-01 4.365909999999999930e-02 -6.441890000000000116e-02 1.200330000000000008e-01 9.906779999999999475e-01 1.231380000000000018e-03
9.954460000000000530e-01 -5.240260000000000057e-02 7.963249999999999496e-02 -1.696310000000000040e-01 6.155080000000000273e-02 9.912050000000000027e-01 -1.171470000000000011e-01 4.412830000000000225e-02 -7.279330000000000522e-02 1.215149999999999980e-01 9.899170000000000469e-01 2.286129999999999933e-03
9.950339999999999741e-01 -5.358210000000000056e-02 8.387799999999999423e-02 -1.741709999999999925e-01 6.342079999999999940e-02 9.908169999999999478e-01 -1.194090000000000013e-01 4.405099999999999988e-02 -7.670949999999999991e-02 1.241359999999999963e-01 9.892959999999999532e-01 4.368379999999999833e-03
9.942569999999999464e-01 -5.763549999999999923e-02 9.017509999999999415e-02 -1.808059999999999945e-01 6.839539999999999509e-02 9.902710000000000123e-01 -1.211850000000000011e-01 4.508999999999999814e-02 -8.231330000000000591e-02 1.266559999999999908e-01 9.885260000000000158e-01 6.125389999999999655e-03
9.934629999999999850e-01 -6.294969999999999732e-02 9.522550000000000459e-02 -1.856939999999999980e-01 7.434010000000000618e-02 9.898369999999999669e-01 -1.212300000000000044e-01 4.418169999999999736e-02 -8.662630000000000330e-02 1.275159999999999905e-01 9.880459999999999798e-01 6.968639999999999904e-03
9.924910000000000121e-01 -6.657639999999999392e-02 1.026119999999999949e-01 -1.919889999999999930e-01 7.930619999999999337e-02 9.889259999999999717e-01 -1.254399999999999959e-01 4.407200000000000006e-02 -9.312410000000000132e-02 1.326360000000000039e-01 9.867799999999999905e-01 7.923609999999999334e-03
9.912029999999999452e-01 -7.234000000000000152e-02 1.108279999999999960e-01 -1.968999999999999917e-01 8.643399999999999694e-02 9.879809999999999981e-01 -1.281549999999999911e-01 4.405019999999999769e-02 -1.002249999999999946e-01 1.366070000000000062e-01 9.855420000000000291e-01 1.054360000000000019e-02
9.899919999999999831e-01 -7.869539999999999869e-02 1.171429999999999971e-01 -1.998979999999999924e-01 9.376729999999999787e-02 9.871659999999999879e-01 -1.292729999999999990e-01 4.639019999999999949e-02 -1.054660000000000042e-01 1.389640000000000042e-01 9.846650000000000125e-01 1.288090000000000068e-02
9.885969999999999480e-01 -8.043740000000000612e-02 1.273009999999999975e-01 -2.071050000000000113e-01 9.699729999999999464e-02 9.867920000000000025e-01 -1.297419999999999962e-01 4.552450000000000246e-02 -1.151829999999999937e-01 1.406100000000000128e-01 9.833420000000000494e-01 1.356079999999999959e-02
9.873870000000000147e-01 -8.315519999999999856e-02 1.347299999999999887e-01 -2.109090000000000131e-01 1.011409999999999948e-01 9.859850000000000003e-01 -1.326779999999999904e-01 4.547319999999999834e-02 -1.218090000000000006e-01 1.446320000000000106e-01 9.819590000000000263e-01 1.204009999999999976e-02
9.860780000000000101e-01 -8.432069999999999843e-02 1.433159999999999989e-01 -2.175529999999999964e-01 1.037170000000000036e-01 9.855720000000000036e-01 -1.337530000000000108e-01 4.620969999999999939e-02 -1.299700000000000022e-01 1.467549999999999966e-01 9.805970000000000519e-01 1.291050000000000010e-02
9.849250000000000504e-01 -8.149570000000000425e-02 1.525829999999999964e-01 -2.246539999999999926e-01 1.021520000000000067e-01 9.858599999999999586e-01 -1.328340000000000076e-01 4.588239999999999680e-02 -1.396000000000000019e-01 1.464179999999999926e-01 9.793230000000000546e-01 1.188059999999999984e-02
9.840470000000000050e-01 -8.246539999999999426e-02 1.576440000000000063e-01 -2.304170000000000107e-01 1.041580000000000006e-01 9.853969999999999674e-01 -1.347009999999999874e-01 4.572210000000000163e-02 -1.442330000000000001e-01 1.489719999999999933e-01 9.782659999999999689e-01 8.695579999999999629e-03
9.827869999999999662e-01 -8.825979999999999936e-02 1.622959999999999958e-01 -2.360269999999999868e-01 1.108660000000000062e-01 9.844910000000000050e-01 -1.359650000000000025e-01 4.699749999999999761e-02 -1.477779999999999927e-01 1.516180000000000028e-01 9.773300000000000320e-01 6.867110000000000054e-03
9.814819999999999656e-01 -9.141309999999999714e-02 1.683350000000000124e-01 -2.447110000000000118e-01 1.146520000000000039e-01 9.843330000000000135e-01 -1.339490000000000125e-01 4.696290000000000187e-02 -1.534530000000000061e-01 1.507689999999999864e-01 9.765859999999999541e-01 3.742230000000000036e-03
9.803870000000000084e-01 -9.391679999999999473e-02 1.732650000000000023e-01 -2.522190000000000265e-01 1.176510000000000056e-01 9.842130000000000045e-01 -1.322200000000000042e-01 4.681729999999999919e-02 -1.581120000000000025e-01 1.500120000000000064e-01 9.759600000000000497e-01 1.055500000000000015e-03
9.795930000000000470e-01 -9.497450000000000336e-02 1.771359999999999879e-01 -2.597360000000000224e-01 1.194700000000000067e-01 9.838660000000000183e-01 -1.331720000000000126e-01 4.848199999999999732e-02 -1.616299999999999959e-01 1.516170000000000018e-01 9.751349999999999740e-01 -7.436370000000000089e-04
9.790440000000000254e-01 -9.259000000000000563e-02 1.813839999999999897e-01 -2.671379999999999866e-01 1.174700000000000050e-01 9.843180000000000263e-01 -1.316009999999999958e-01 5.021069999999999700e-02 -1.663550000000000029e-01 1.501500000000000057e-01 9.745669999999999611e-01 -2.127200000000000098e-03
9.782980000000000009e-01 -9.004810000000000592e-02 1.866130000000000011e-01 -2.753550000000000164e-01 1.155079999999999996e-01 9.847129999999999495e-01 -1.303769999999999929e-01 4.985509999999999942e-02 -1.720200000000000062e-01 1.491030000000000133e-01 9.737440000000000540e-01 -2.888710000000000062e-03
9.775939999999999630e-01 -8.652469999999999606e-02 1.918930000000000080e-01 -2.835909999999999820e-01 1.134160000000000029e-01 9.844850000000000545e-01 -1.338890000000000080e-01 5.057539999999999952e-02 -1.773309999999999886e-01 1.526530000000000109e-01 9.722399999999999931e-01 -3.024520000000000160e-03
9.769130000000000313e-01 -8.491740000000000399e-02 1.960369999999999890e-01 -2.891920000000000046e-01 1.133620000000000044e-01 9.838170000000000526e-01 -1.387579999999999925e-01 5.208030000000000298e-02 -1.810819999999999930e-01 1.577770000000000006e-01 9.707289999999999530e-01 -3.364470000000000047e-03
9.757639999999999647e-01 -8.316369999999999318e-02 2.024060000000000026e-01 -2.949720000000000120e-01 1.128979999999999984e-01 9.836810000000000276e-01 -1.400889999999999913e-01 5.399840000000000195e-02 -1.874530000000000085e-01 1.595449999999999924e-01 9.692300000000000360e-01 -2.834730000000000149e-03
9.745509999999999451e-01 -8.136440000000000339e-02 2.088800000000000101e-01 -2.992719999999999825e-01 1.130339999999999956e-01 9.830339999999999634e-01 -1.444539999999999991e-01 5.521550000000000069e-02 -1.935820000000000041e-01 1.643890000000000073e-01 9.672140000000000182e-01 4.904300000000000326e-04
9.731790000000000163e-01 -7.925400000000000500e-02 2.159679999999999933e-01 -3.034660000000000135e-01 1.138710000000000000e-01 9.816629999999999523e-01 -1.528760000000000119e-01 5.536699999999999955e-02 -1.998910000000000131e-01 1.733679999999999943e-01 9.643580000000000485e-01 3.902259999999999843e-03
9.716439999999999522e-01 -7.890099999999999891e-02 2.228970000000000118e-01 -3.118600000000000261e-01 1.166670000000000068e-01 9.799189999999999845e-01 -1.617010000000000114e-01 5.531980000000000230e-02 -2.056620000000000115e-01 1.831200000000000050e-01 9.613380000000000258e-01 2.286960000000000208e-03
9.698539999999999939e-01 -7.946369999999999822e-02 2.303659999999999874e-01 -3.236550000000000260e-01 1.197909999999999947e-01 9.786989999999999856e-01 -1.667299999999999893e-01 5.490969999999999879e-02 -2.122100000000000097e-01 1.892999999999999960e-01 9.587139999999999551e-01 -1.013699999999999974e-03
9.692119999999999624e-01 -8.129659999999999664e-02 2.324199999999999877e-01 -3.311839999999999784e-01 1.228609999999999980e-01 9.776920000000000055e-01 -1.703610000000000124e-01 5.820469999999999811e-02 -2.133849999999999913e-01 1.936710000000000098e-01 9.575789999999999580e-01 -2.250269999999999961e-03
9.690889999999999782e-01 -8.334500000000000242e-02 2.322079999999999977e-01 -3.372439999999999882e-01 1.251629999999999965e-01 9.771800000000000486e-01 -1.716179999999999928e-01 5.763240000000000030e-02 -2.126059999999999894e-01 1.953769999999999951e-01 9.574059999999999793e-01 -4.310890000000000381e-03
9.689830000000000387e-01 -8.394949999999999635e-02 2.324319999999999997e-01 -3.428350000000000009e-01 1.268450000000000133e-01 9.761400000000000077e-01 -1.762400000000000078e-01 5.896640000000000215e-02 -2.120910000000000017e-01 2.002559999999999896e-01 9.565120000000000289e-01 -3.381780000000000029e-03
9.689179999999999460e-01 -8.314199999999999369e-02 2.329900000000000027e-01 -3.493530000000000246e-01 1.263660000000000061e-01 9.760259999999999492e-01 -1.772150000000000114e-01 5.871300000000000130e-02 -2.126699999999999979e-01 2.011489999999999945e-01 9.561960000000000459e-01 -4.843619999999999870e-03
9.690090000000000092e-01 -8.133640000000000314e-02 2.332500000000000129e-01 -3.552009999999999890e-01 1.247970000000000051e-01 9.760689999999999644e-01 -1.780899999999999983e-01 6.249419999999999975e-02 -2.131830000000000114e-01 2.016789999999999972e-01 9.559699999999999864e-01 -6.123019999999999852e-03
9.689569999999999572e-01 -8.140619999999999801e-02 2.334420000000000106e-01 -3.604580000000000006e-01 1.246850000000000042e-01 9.762650000000000494e-01 -1.770879999999999954e-01 6.189170000000000088e-02 -2.134850000000000081e-01 2.006979999999999875e-01 9.561089999999999867e-01 -4.697609999999999633e-03
9.691279999999999895e-01 -7.545620000000000105e-02 2.347259999999999902e-01 -3.671880000000000144e-01 1.200019999999999976e-01 9.760020000000000362e-01 -1.817100000000000104e-01 6.390179999999999472e-02 -2.153819999999999901e-01 2.042680000000000051e-01 9.549269999999999703e-01 -6.346199999999999758e-03
9.689210000000000322e-01 -7.166809999999999847e-02 2.367589999999999972e-01 -3.682489999999999930e-01 1.185660000000000047e-01 9.745549999999999491e-01 -1.902200000000000002e-01 6.626300000000000245e-02 -2.171019999999999894e-01 2.123800000000000132e-01 9.527649999999999730e-01 -6.613990000000000147e-03
9.679200000000000026e-01 -6.998569999999999791e-02 2.413170000000000037e-01 -3.712739999999999929e-01 1.193720000000000059e-01 9.731990000000000363e-01 -1.965550000000000075e-01 6.706410000000000149e-02 -2.210930000000000117e-01 2.190560000000000007e-01 9.503329999999999833e-01 -6.337579999999999776e-03
9.668440000000000367e-01 -6.882969999999999366e-02 2.459149999999999947e-01 -3.745580000000000020e-01 1.207209999999999950e-01 9.717839999999999812e-01 -2.026360000000000106e-01 7.015319999999999889e-02 -2.250290000000000068e-01 2.256050000000000000e-01 9.478739999999999943e-01 -4.966789999999999573e-03
9.661100000000000243e-01 -6.882330000000000392e-02 2.487870000000000081e-01 -3.788190000000000168e-01 1.220009999999999983e-01 9.711030000000000495e-01 -2.051209999999999978e-01 7.365009999999999613e-02 -2.274809999999999888e-01 2.285220000000000029e-01 9.465890000000000137e-01 -7.552729999999999687e-03
9.653920000000000279e-01 -6.809969999999999912e-02 2.517570000000000086e-01 -3.840740000000000265e-01 1.219620000000000010e-01 9.711359999999999992e-01 -2.049880000000000035e-01 7.637629999999999419e-02 -2.305310000000000137e-01 2.285979999999999956e-01 9.458320000000000061e-01 -1.194249999999999999e-02
9.652760000000000229e-01 -6.822640000000000648e-02 2.521660000000000013e-01 -3.873809999999999754e-01 1.219480000000000008e-01 9.713460000000000427e-01 -2.039999999999999869e-01 7.931770000000000487e-02 -2.310220000000000051e-01 2.276670000000000083e-01 9.459370000000000278e-01 -1.725089999999999957e-02
9.651359999999999939e-01 -6.723569999999999547e-02 2.529649999999999954e-01 -3.907010000000000205e-01 1.207669999999999993e-01 9.718149999999999844e-01 -2.024610000000000021e-01 8.208880000000000343e-02 -2.322230000000000127e-01 2.259519999999999862e-01 9.460539999999999505e-01 -2.031770000000000104e-02
9.644599999999999840e-01 -6.614230000000000109e-02 2.558150000000000146e-01 -3.962479999999999891e-01 1.199019999999999947e-01 9.722960000000000491e-01 -2.006560000000000010e-01 8.604960000000000386e-02 -2.354559999999999986e-01 2.241980000000000084e-01 9.456719999999999571e-01 -2.315630000000000119e-02
9.640870000000000273e-01 -6.697380000000000000e-02 2.570029999999999815e-01 -3.978709999999999747e-01 1.209230000000000027e-01 9.722539999999999516e-01 -2.002490000000000103e-01 8.854900000000000271e-02 -2.364610000000000045e-01 2.241350000000000009e-01 9.454360000000000541e-01 -2.538539999999999894e-02
9.635599999999999721e-01 -6.502049999999999497e-02 2.594710000000000072e-01 -4.014360000000000150e-01 1.198179999999999940e-01 9.721659999999999746e-01 -2.013389999999999902e-01 9.341910000000000491e-02 -2.391570000000000085e-01 2.250910000000000133e-01 9.445299999999999807e-01 -2.679650000000000087e-02
9.632239999999999691e-01 -6.451060000000000128e-02 2.608400000000000163e-01 -4.040489999999999915e-01 1.193749999999999950e-01 9.724300000000000166e-01 -2.003240000000000021e-01 9.705289999999999750e-02 -2.407249999999999945e-01 2.240949999999999886e-01 9.443690000000000140e-01 -3.000819999999999876e-02
9.626710000000000544e-01 -6.573239999999999639e-02 2.625730000000000008e-01 -4.070759999999999934e-01 1.207320000000000060e-01 9.724969999999999448e-01 -1.991839999999999999e-01 1.008819999999999995e-01 -2.422590000000000021e-01 2.234490000000000087e-01 9.441300000000000248e-01 -3.328180000000000027e-02
9.625099999999999767e-01 -6.643499999999999406e-02 2.629839999999999955e-01 -4.113769999999999927e-01 1.210859999999999992e-01 9.728130000000000388e-01 -1.974160000000000081e-01 1.043769999999999976e-01 -2.427189999999999903e-01 2.218590000000000007e-01 9.443869999999999765e-01 -4.037290000000000323e-02
9.626249999999999529e-01 -6.914420000000000288e-02 2.618639999999999857e-01 -4.156329999999999747e-01 1.235050000000000037e-01 9.725500000000000256e-01 -1.972140000000000004e-01 1.065780000000000061e-01 -2.410400000000000043e-01 2.221839999999999926e-01 9.447400000000000242e-01 -4.763200000000000073e-02
9.626289999999999569e-01 -7.100109999999999755e-02 2.613500000000000267e-01 -4.211130000000000151e-01 1.255429999999999879e-01 9.720619999999999816e-01 -1.983310000000000073e-01 1.111570000000000058e-01 -2.399660000000000126e-01 2.237300000000000122e-01 9.446489999999999609e-01 -5.505999999999999783e-02
9.628849999999999909e-01 -7.037630000000000274e-02 2.605739999999999723e-01 -4.255390000000000006e-01 1.243630000000000013e-01 9.725040000000000351e-01 -1.968979999999999897e-01 1.148020000000000013e-01 -2.395519999999999872e-01 2.219959999999999989e-01 9.451629999999999754e-01 -6.185940000000000188e-02
9.630649999999999489e-01 -6.471200000000000563e-02 2.613770000000000260e-01 -4.297500000000000209e-01 1.180279999999999940e-01 9.739240000000000119e-01 -1.937580000000000136e-01 1.193860000000000060e-01 -2.420229999999999881e-01 2.174520000000000064e-01 9.455900000000000416e-01 -6.694659999999999500e-02
9.630640000000000311e-01 -5.989359999999999823e-02 2.625250000000000083e-01 -4.318609999999999949e-01 1.132190000000000002e-01 9.746489999999999876e-01 -1.929780000000000106e-01 1.226880000000000054e-01 -2.443120000000000014e-01 2.155729999999999869e-01 9.454310000000000214e-01 -6.921239999999999337e-02
9.631269999999999554e-01 -5.327130000000000060e-02 2.637200000000000100e-01 -4.350379999999999803e-01 1.075789999999999941e-01 9.746850000000000236e-01 -1.960000000000000075e-01 1.269800000000000095e-01 -2.466029999999999889e-01 2.171440000000000037e-01 9.444759999999999822e-01 -7.477309999999999512e-02
