1.000000000000000000e+00 0.000000000000000000e+00 0.000000000000000000e+00 -0.000000000000000000e+00 0.000000000000000000e+00 1.000000000000000000e+00 0.000000000000000000e+00 -0.000000000000000000e+00 0.000000000000000000e+00 0.000000000000000000e+00 1.000000000000000000e+00 -0.000000000000000000e+00
9.999999229999999573e-01 -1.258153830000000018e-05 -3.924497239999999898e-04 1.107449999999999976e-04 1.166733210000000006e-05 9.999972870000000125e-01 -2.329401459999999938e-03 9.870609999999999334e-05 3.924779660000000058e-04 2.329396699999999876e-03 9.999972099999999697e-01 7.114530000000000474e-05
9.999999579999999666e-01 2.643777960000000108e-04 -1.180559429999999933e-04 1.782710000000000013e-04 -2.647975660000000077e-04 9.999935930000000139e-01 -3.569940130000000093e-03 1.923390000000000082e-03 1.171113729999999977e-04 3.569971250000000210e-03 9.999936209999999992e-01 3.098609999999999798e-04
9.999997529999999912e-01 5.186428490000000082e-04 4.751510129999999936e-04 6.292329999999999842e-04 -5.188609680000000378e-04 9.999997600000000153e-01 4.590447070000000258e-04 1.625200000000000039e-03 -4.749128190000000030e-04 -4.592911309999999823e-04 9.999997819999999482e-01 1.170369999999999977e-04
9.999987249999999772e-01 4.811093599999999889e-04 1.522863020000000088e-03 2.216510000000000095e-04 -4.843019280000000022e-04 9.999976849999999695e-01 2.096751029999999877e-03 3.127000000000000114e-04 -1.521850730000000058e-03 -2.097485880000000014e-03 9.999966420000000467e-01 9.106359999999999325e-05
9.999987620000000410e-01 3.819400989999999761e-04 1.526311609999999978e-03 -5.202849999999999831e-05 -3.831433090000000265e-04 9.999996159999999801e-01 7.880974790000000105e-04 -2.891830000000000060e-05 -1.526010020000000090e-03 -7.886812999999999463e-04 9.999985249999999715e-01 -3.106289999999999697e-05
9.999993990000000110e-01 3.259306850000000190e-05 1.095592220000000038e-03 -1.349190000000000003e-04 -3.289891060000000141e-05 9.999999600000000211e-01 2.791399729999999866e-04 -1.215929999999999995e-04 -1.095583079999999914e-03 -2.791758490000000189e-04 9.999993609999999755e-01 -5.285059999999999845e-04
9.999994709999999731e-01 -5.552503890000000429e-04 8.659820159999999942e-04 -1.204010000000000014e-04 5.555692789999999758e-04 9.999997779999999503e-01 -3.680434309999999851e-04 -1.654670000000000067e-04 -8.657774669999999517e-04 3.685243490000000258e-04 9.999995569999999834e-01 -7.871710000000000295e-04
9.999983049999999762e-01 -1.007757969999999994e-03 1.541112820000000057e-03 -3.430320000000000049e-04 1.009115919999999892e-03 9.999991029999999448e-01 -8.806262470000000104e-04 1.455170000000000096e-04 -1.540223970000000097e-03 8.821799159999999971e-04 9.999984250000000241e-01 -7.406990000000000449e-04
9.999940990000000252e-01 -1.072470289999999989e-03 3.263689809999999972e-03 -4.824469999999999974e-04 1.074881219999999958e-03 9.999991510000000305e-01 -7.370485930000000374e-04 -1.145930000000000055e-04 -3.262896569999999830e-03 7.405523230000000175e-04 9.999944029999999762e-01 -1.035530000000000001e-03
9.999861340000000265e-01 -9.186463559999999461e-04 5.185364080000000146e-03 -6.272950000000000444e-04 9.249595530000000046e-04 9.999988340000000031e-01 -1.215236279999999929e-03 6.163630000000000142e-06 -5.184241659999999988e-03 1.220015679999999960e-03 9.999858169999999991e-01 -1.506039999999999940e-03
9.999821309999999963e-01 -1.931868820000000027e-04 5.975015109999999748e-03 -5.441950000000000303e-04 2.005242200000000084e-04 9.999992269999999905e-01 -1.227428600000000014e-03 -2.697139999999999998e-04 -5.974773370000000319e-03 1.228604809999999910e-03 9.999813960000000224e-01 -2.069339999999999808e-03
9.999744940000000470e-01 7.181152139999999766e-04 7.105976390000000135e-03 -3.166590000000000051e-04 -7.071183080000000313e-04 9.999985489999999588e-01 -1.549948769999999953e-03 -7.885960000000000235e-04 -7.107079120000000041e-03 1.544884469999999914e-03 9.999735509999999605e-01 -3.019979999999999800e-03
9.999569790000000236e-01 9.833340800000001016e-04 9.223535789999999165e-03 2.178399999999999879e-04 -9.468259350000000473e-04 9.999917040000000368e-01 -3.961682589999999601e-03 -2.677609999999999973e-03 -9.227354939999999825e-03 3.952779069999999735e-03 9.999496140000000421e-01 -3.854699999999999967e-03
9.999293689999999568e-01 1.813234549999999910e-03 1.174605649999999925e-02 2.089910000000000053e-04 -1.679571979999999916e-03 9.999338439999999606e-01 -1.137924369999999963e-02 -1.605010000000000030e-03 -1.176591270000000057e-02 1.135871159999999984e-02 9.998662630000000329e-01 -4.270350000000000014e-03
9.999134339999999899e-01 3.627941920000000205e-03 1.264763799999999924e-02 6.822609999999999786e-04 -3.441435760000000066e-03 9.998854820000000476e-01 -1.473702839999999938e-02 1.629440000000000012e-03 -1.269965470000000013e-02 1.469222660000000028e-02 9.998114110000000387e-01 -4.454089999999999959e-03
9.998936680000000132e-01 5.311378739999999925e-03 1.358090749999999944e-02 1.615689999999999921e-03 -5.170602800000000110e-03 9.999327590000000043e-01 -1.037990960000000074e-02 3.050390000000000046e-03 -1.363512599999999915e-02 1.030858439999999925e-02 9.998538980000000187e-01 -4.562169999999999941e-03
9.998566770000000270e-01 6.085865299999999867e-03 1.579834410000000022e-02 1.808090000000000044e-03 -5.995974559999999766e-03 9.999656009999999817e-01 -5.731028079999999671e-03 2.181080000000000171e-03 -1.583267890000000094e-02 5.635480219999999991e-03 9.998587740000000057e-01 -4.494729999999999732e-03
9.998346989999999934e-01 6.744580009999999980e-03 1.688445480000000040e-02 1.996429999999999993e-03 -6.655823029999999828e-03 9.999637649999999489e-01 -5.307414719999999607e-03 1.959429999999999852e-03 -1.691963930000000074e-02 5.194157460000000358e-03 9.998433610000000415e-01 -4.181340000000000404e-03
9.998331769999999619e-01 6.945787200000000210e-03 1.689304650000000158e-02 2.183009999999999985e-03 -6.847019139999999636e-03 9.999591679999999538e-01 -5.897497169999999997e-03 2.369490000000000138e-03 -1.693331949999999850e-02 5.780846319999999663e-03 9.998399089999999712e-01 -3.754920000000000133e-03
9.998446079999999681e-01 6.631505509999999909e-03 1.633348780000000097e-02 2.280139999999999945e-03 -6.531755299999999868e-03 9.999597380000000424e-01 -6.152892870000000076e-03 2.943289999999999882e-03 -1.637363309999999988e-02 6.045250410000000373e-03 9.998476680000000227e-01 -3.036140000000000106e-03
9.998698590000000275e-01 6.317483890000000386e-03 1.484431920000000085e-02 2.122160000000000105e-03 -6.227970170000000395e-03 9.999621909999999447e-01 -6.068676220000000267e-03 2.805799999999999787e-03 -1.488209669999999984e-02 5.975436459999999665e-03 9.998713999999999658e-01 -2.355349999999999978e-03
9.998896069999999581e-01 6.111910009999999872e-03 1.354323839999999925e-02 1.925400000000000071e-03 -6.011346449999999814e-03 9.999541520000000405e-01 -7.453679000000000381e-03 3.687460000000000043e-03 -1.358817369999999920e-02 7.371443059999999853e-03 9.998805050000000305e-01 -1.345669999999999982e-03
9.998995149999999610e-01 5.755636950000000279e-03 1.295501270000000080e-02 1.635549999999999938e-03 -5.663760149999999723e-03 9.999586299999999595e-01 -7.117539640000000029e-03 5.112489999999999916e-03 -1.299544270000000008e-02 7.043450350000000047e-03 9.998907479999999959e-01 -2.323550000000000073e-04
9.999044320000000097e-01 5.745103280000000284e-03 1.257458179999999988e-02 6.088229999999999814e-04 -5.687066919999999963e-03 9.999730340000000384e-01 -4.646273329999999792e-03 5.217689999999999655e-03 -1.260093600000000008e-02 4.574316800000000419e-03 9.999101419999999463e-01 9.770790000000000551e-04
9.999040380000000505e-01 8.630717839999999669e-03 1.083631709999999942e-02 -1.043050000000000010e-03 -8.589160510000000762e-03 9.999556019999999990e-01 -3.875705189999999797e-03 3.686759999999999864e-03 -1.086928619999999977e-02 3.782258399999999850e-03 9.999337740000000530e-01 1.920620000000000053e-03
9.998774839999999831e-01 1.363111409999999933e-02 7.694824680000000167e-03 -2.331909999999999972e-03 -1.357185519999999992e-02 9.998782379999999748e-01 -7.701538499999999697e-03 4.000160000000000000e-03 -7.798868290000000175e-03 7.596161889999999625e-03 9.999407359999999967e-01 2.639279999999999925e-03
9.998344820000000244e-01 1.728911689999999834e-02 5.665242069999999741e-03 -3.338629999999999983e-03 -1.723596209999999837e-02 9.998081899999999855e-01 -9.300830100000000850e-03 5.215149999999999994e-03 -5.824958560000000236e-03 9.201644749999999748e-03 9.999406979999999612e-01 3.104110000000000202e-03
9.998020189999999863e-01 1.919612869999999874e-02 5.237443839999999726e-03 -4.468180000000000415e-03 -1.915344230000000023e-02 9.997838890000000367e-01 -8.082170790000000812e-03 4.700379999999999663e-03 -5.391458360000000311e-03 7.980255599999999672e-03 9.999536230000000137e-01 3.568480000000000176e-03
9.997967420000000160e-01 1.926265770000000141e-02 5.951945349999999621e-03 -6.217020000000000185e-03 -1.920708510000000008e-02 9.997726710000000017e-01 -9.257072099999999470e-03 4.415940000000000143e-03 -6.128908120000000140e-03 9.140871000000000066e-03 9.999394390000000410e-01 4.285399999999999973e-03
9.998103950000000184e-01 1.850973289999999910e-02 6.046861750000000202e-03 -8.177709999999999493e-03 -1.844730589999999879e-02 9.997775850000000242e-01 -1.022146680000000050e-02 5.149410000000000098e-03 -6.234713450000000171e-03 1.010798039999999919e-02 9.999294760000000393e-01 4.708999999999999644e-03
9.997753980000000373e-01 1.999438019999999830e-02 7.027031500000000160e-03 -1.005179999999999962e-02 -1.992407969999999973e-02 9.997521249999999915e-01 -9.935822239999999445e-03 6.054809999999999880e-03 -7.223950280000000432e-03 9.793583490000000447e-03 9.999259470000000372e-01 4.937040000000000178e-03
9.997234830000000239e-01 2.186351809999999979e-02 8.657078049999999275e-03 -1.272339999999999929e-02 -2.179509480000000124e-02 9.997310820000000486e-01 -7.920748930000000645e-03 6.186340000000000242e-03 -8.827925440000000332e-03 7.729876870000000101e-03 9.999311560000000432e-01 5.175970000000000223e-03
9.996624790000000482e-01 2.430828130000000156e-02 9.167106629999999604e-03 -1.521370000000000014e-02 -2.425097829999999996e-02 9.996859799999999741e-01 -6.311146630000000202e-03 6.303350000000000099e-03 -9.317641110000000199e-03 6.086705189999999654e-03 9.999380650000000426e-01 5.139340000000000054e-03
9.995995149999999940e-01 2.614371890000000143e-02 1.083124589999999964e-02 -1.758169999999999872e-02 -2.609407669999999971e-02 9.996484450000000521e-01 -4.699505240000000431e-03 5.749299999999999723e-03 -1.095030070000000029e-02 4.414991800000000327e-03 9.999302970000000235e-01 5.043040000000000370e-03
9.995574229999999449e-01 2.631618520000000155e-02 1.387144249999999919e-02 -2.053560000000000108e-02 -2.625103369999999894e-02 9.996435769999999499e-01 -4.858172990000000392e-03 3.886699999999999877e-03 -1.399434700000000073e-02 4.491883169999999655e-03 9.998919849999999832e-01 4.978650000000000263e-03
9.995539860000000054e-01 2.529909259999999979e-02 1.586772180000000157e-02 -2.404680000000000012e-02 -2.517327310000000082e-02 9.996504529999999944e-01 -8.079541180000000128e-03 2.186519999999999957e-03 -1.606658030000000098e-02 7.676495099999999794e-03 9.998414559999999618e-01 4.988989999999999571e-03
9.995965919999999505e-01 2.352356339999999921e-02 1.591525430000000074e-02 -2.734989999999999991e-02 -2.332277790000000101e-02 9.996474939999999698e-01 -1.268606320000000010e-02 1.242599999999999955e-03 -1.620806550000000040e-02 1.230975760000000037e-02 9.997928630000000316e-01 4.213129999999999827e-03
9.996616720000000011e-01 2.032278209999999891e-02 1.623347090000000145e-02 -3.058189999999999867e-02 -2.004109880000000052e-02 9.996489480000000372e-01 -1.733020810000000106e-02 7.371930000000000279e-04 -1.657997019999999863e-02 1.699900830000000002e-02 9.997180289999999525e-01 3.217250000000000058e-03
9.997102770000000360e-01 1.645734440000000062e-02 1.756468640000000137e-02 -3.388800000000000145e-02 -1.606460690000000024e-02 9.996228910000000134e-01 -2.227113879999999962e-02 1.731690000000000085e-04 -1.792458640000000117e-02 2.198251660000000163e-02 9.995976580000000000e-01 2.032159999999999869e-03
9.997326330000000372e-01 1.315926090000000062e-02 1.901303409999999944e-02 -3.720230000000000065e-02 -1.262620220000000050e-02 9.995312640000000304e-01 -2.788961889999999957e-02 7.339230000000000406e-04 -1.937112880000000162e-02 2.764209969999999877e-02 9.994301740000000045e-01 1.148499999999999998e-03
9.997196419999999639e-01 1.174484989999999979e-02 2.055955690000000127e-02 -4.023089999999999999e-02 -1.109163609999999980e-02 9.994389700000000376e-01 -3.160253650000000025e-02 1.722089999999999906e-03 -2.091918950000000096e-02 3.136563740000000017e-02 9.992890389999999901e-01 9.968590000000000724e-06
9.996660160000000461e-01 1.227584030000000020e-02 2.274115620000000115e-02 -4.333370000000000277e-02 -1.149988379999999921e-02 9.993575940000000157e-01 -3.394335610000000225e-02 1.736759999999999953e-03 -2.314323030000000128e-02 3.367049889999999823e-02 9.991649959999999719e-01 -1.258329999999999995e-03
9.995872009999999808e-01 1.338088259999999953e-02 2.542400610000000033e-02 -4.601870000000000266e-02 -1.240178209999999968e-02 9.991898670000000093e-01 -3.828584899999999680e-02 1.750040000000000016e-03 -2.591570769999999857e-02 3.795474170000000258e-02 9.989433490000000360e-01 -2.586070000000000209e-03
9.994564759999999826e-01 1.479722120000000023e-02 2.945836019999999861e-02 -4.872159999999999686e-02 -1.349140149999999982e-02 9.989385179999999975e-01 -4.404337340000000212e-02 2.988690000000000010e-03 -3.007881020000000016e-02 4.362200019999999678e-02 9.985952059999999575e-01 -3.803879999999999935e-03
9.993244949999999793e-01 1.570478120000000019e-02 3.322520129999999988e-02 -5.158139999999999947e-02 -1.415620930000000000e-02 9.988253689999999629e-01 -4.634094319999999823e-02 4.399010000000000073e-03 -3.391394830000000332e-02 4.583929679999999840e-02 9.983729780000000220e-01 -5.224350000000000001e-03
9.992303900000000239e-01 1.742188050000000044e-02 3.514406119999999994e-02 -5.464229999999999782e-02 -1.573849110000000162e-02 9.987415039999999467e-01 -4.762046319999999749e-02 4.265829999999999969e-03 -3.592947059999999915e-02 4.703069960000000327e-02 9.982470570000000487e-01 -6.914420000000000115e-03
9.991842220000000108e-01 1.998700839999999895e-02 3.509145770000000192e-02 -5.794259999999999688e-02 -1.816438509999999951e-02 9.985072090000000067e-01 -5.151125489999999751e-02 5.003630000000000230e-03 -3.606862940000000323e-02 5.083181839999999924e-02 9.980556999999999901e-01 -8.703580000000000691e-03
9.991212329999999975e-01 2.289753120000000142e-02 3.510647370000000156e-02 -6.089239999999999930e-02 -2.090539749999999891e-02 9.982063310000000023e-01 -5.609888650000000032e-02 5.578750000000000375e-03 -3.632803030000000127e-02 5.531567390000000084e-02 9.978078219999999554e-01 -1.112250000000000044e-02
9.990467389999999615e-01 2.548800970000000138e-02 3.543972950000000288e-02 -6.362479999999999525e-02 -2.328124650000000170e-02 9.978450970000000142e-01 -6.134449089999999966e-02 6.041300000000000316e-03 -3.692690919999999655e-02 6.046093250000000169e-02 9.974872830000000024e-01 -1.351570000000000028e-02
9.989773560000000385e-01 2.746855880000000083e-02 3.591268400000000027e-02 -6.619719999999999771e-02 -2.495832799999999838e-02 9.973340790000000400e-01 -6.856979159999999907e-02 6.606929999999999574e-03 -3.770045699999999972e-02 6.760334849999999340e-02 9.969997309999999446e-01 -1.593390000000000084e-02
9.989202259999999667e-01 2.735073790000000157e-02 3.755422989999999961e-02 -6.890179999999999916e-02 -2.444437769999999871e-02 9.968247890000000444e-01 -7.578135040000000267e-02 7.994370000000000642e-03 -3.950766309999999976e-02 7.478153390000000234e-02 9.964170140000000453e-01 -1.819780000000000009e-02
9.988931149999999981e-01 2.666851660000000082e-02 3.874705430000000006e-02 -7.116060000000000441e-02 -2.339888609999999855e-02 9.963150010000000334e-01 -8.251612819999999682e-02 1.004589999999999997e-02 -4.080485410000000285e-02 8.151815449999999519e-02 9.958362090000000277e-01 -2.013910000000000006e-02
9.988241639999999588e-01 2.610325739999999964e-02 4.085227699999999934e-02 -7.315349999999999631e-02 -2.254366340000000038e-02 9.961010249999999733e-01 -8.529085679999999503e-02 1.419890000000000041e-02 -4.291936419999999724e-02 8.426960880000000653e-02 9.955182380000000553e-01 -2.179920000000000121e-02
9.986243980000000242e-01 2.823123320000000061e-02 4.418495060000000169e-02 -7.559789999999999566e-02 -2.451372450000000036e-02 9.962873580000000118e-01 -8.252622910000000089e-02 1.536170000000000070e-02 -4.635072490000000101e-02 8.132956809999999925e-02 9.956089150000000387e-01 -2.300440000000000124e-02
9.984031589999999845e-01 3.141162749999999726e-02 4.695149080000000225e-02 -7.784879999999999578e-02 -2.753416399999999986e-02 9.963284629999999975e-01 -8.106456619999999336e-02 1.578699999999999895e-02 -4.932547660000000112e-02 7.964234890000000677e-02 9.956023769999999828e-01 -2.413090000000000027e-02
9.982185120000000023e-01 3.312897089999999878e-02 4.962129509999999716e-02 -8.008279999999999565e-02 -2.902591709999999964e-02 9.962718010000000124e-01 -8.124035590000000528e-02 1.654289999999999927e-02 -5.212770640000000122e-02 7.965532359999999423e-02 9.954585529999999682e-01 -2.508250000000000063e-02
9.980972179999999527e-01 3.306745700000000149e-02 5.204312719999999726e-02 -8.212099999999999955e-02 -2.880432850000000031e-02 9.963274159999999657e-01 -8.063492790000000021e-02 1.836880000000000110e-02 -5.451838640000000041e-02 7.898242980000000357e-02 9.953841070000000180e-01 -2.614210000000000145e-02
9.979716650000000078e-01 3.260122070000000261e-02 5.467830130000000260e-02 -8.456450000000000078e-02 -2.833245269999999996e-02 9.966202210000000283e-01 -7.710646849999999719e-02 1.814230000000000009e-02 -5.700726569999999688e-02 7.540090039999999827e-02 9.955224139999999666e-01 -2.737440000000000012e-02
9.978682859999999932e-01 3.076902000000000109e-02 5.755129269999999936e-02 -8.725729999999999598e-02 -2.630392679999999858e-02 9.966999060000000243e-01 -7.679453840000000087e-02 1.678750000000000034e-02 -5.972426069999999670e-02 7.511700940000000382e-02 9.953845730000000502e-01 -2.854359999999999883e-02
9.977598229999999901e-01 2.716869200000000123e-02 6.113262569999999840e-02 -9.026549999999999851e-02 -2.222038709999999903e-02 9.965298190000000389e-01 -8.021579589999999760e-02 1.712879999999999958e-02 -6.309984270000000561e-02 7.867770770000000191e-02 9.949011150000000026e-01 -2.955069999999999919e-02
9.976365719999999992e-01 2.446977579999999944e-02 6.420669319999999791e-02 -9.352739999999999665e-02 -1.915200610000000053e-02 9.964343909999999749e-01 -8.216876089999999855e-02 1.764270000000000074e-02 -6.598840840000000374e-02 8.074487399999999426e-02 9.945480359999999687e-01 -3.042239999999999875e-02
9.975143170000000392e-01 2.293220240000000062e-02 6.662808000000000619e-02 -9.733590000000000297e-02 -1.729966980000000043e-02 9.963225999999999472e-01 -8.391661820000000105e-02 1.642810000000000104e-02 -6.830745480000000036e-02 8.255538430000000649e-02 9.942427769999999665e-01 -3.099220000000000100e-02
9.973801939999999977e-01 1.957704139999999829e-02 6.963826509999999914e-02 -1.012500000000000067e-01 -1.333993009999999944e-02 9.959487780000000345e-01 -8.892737770000000430e-02 1.759590000000000112e-02 -7.109707989999999866e-02 8.776543570000000516e-02 9.936007420000000367e-01 -3.124040000000000150e-02
9.972616399999999492e-01 1.592824820000000169e-02 7.221850150000000412e-02 -1.055640000000000051e-01 -9.429915279999999400e-03 9.959471020000000285e-01 -8.944522100000000531e-02 1.809940000000000160e-02 -7.335051300000000607e-02 8.851927349999999528e-02 9.933700420000000086e-01 -3.141179999999999667e-02
9.971940670000000173e-01 1.413002720000000080e-02 7.351417990000000402e-02 -1.103019999999999973e-01 -7.428618019999999600e-03 9.958555620000000275e-01 -9.064499350000000677e-02 1.785290000000000141e-02 -7.449032120000000090e-02 8.984454099999999999e-02 9.931662249999999581e-01 -3.133969999999999811e-02
9.970445879999999539e-01 1.198621719999999960e-02 7.588425390000000381e-02 -1.150999999999999940e-01 -4.904548459999999790e-03 9.956699820000000090e-01 -9.282904960000000483e-02 1.901550000000000115e-02 -7.666834290000000551e-02 9.218252350000000206e-02 9.927861540000000318e-01 -3.094430000000000097e-02
9.968056250000000285e-01 9.805533930000000578e-03 7.926158149999999736e-02 -1.205579999999999985e-01 -2.423991700000000145e-03 9.956917309999999688e-01 -9.269358950000000652e-02 1.975630000000000094e-02 -7.982901139999999673e-02 9.220536199999999905e-02 9.925348859999999496e-01 -3.031659999999999910e-02
9.965454360000000067e-01 9.511327579999999393e-03 8.250290189999999468e-02 -1.263499999999999901e-01 -1.867518600000000074e-03 9.957354659999999580e-01 -9.223553219999999775e-02 1.899009999999999934e-02 -8.302834779999999915e-02 9.176282299999999337e-02 9.923133969999999859e-01 -2.964829999999999896e-02
9.962456269999999670e-01 9.106933160000000443e-03 8.609132020000000163e-02 -1.326680000000000081e-01 -9.392890570000000418e-04 9.955301130000000498e-01 -9.443999190000000599e-02 1.984539999999999915e-02 -8.656656040000000607e-02 9.400456420000000146e-02 9.918010750000000320e-01 -2.860309999999999936e-02
9.959825479999999676e-01 8.166793029999999329e-03 8.917436830000000092e-02 -1.392130000000000034e-01 2.792709169999999961e-04 9.955444119999999897e-01 -9.429339720000000369e-02 2.045500000000000096e-02 -8.954711869999999740e-02 9.393948180000000203e-02 9.915425799999999512e-01 -2.749319999999999889e-02
9.957202139999999924e-01 6.039435600000000320e-03 9.222136640000000440e-02 -1.463830000000000131e-01 2.560647310000000159e-03 9.956765539999999914e-01 -9.285280669999999847e-02 1.982609999999999928e-02 -9.238343089999999369e-02 9.269156289999999632e-02 9.913998059999999946e-01 -2.652840000000000059e-02
9.954106809999999639e-01 2.510712689999999858e-03 9.566228179999999859e-02 -1.541119999999999990e-01 6.524647199999999807e-03 9.955488559999999820e-01 -9.402076239999999918e-02 1.862969999999999904e-02 -9.547253429999999486e-02 9.421343370000000161e-02 9.909635839999999529e-01 -2.526070000000000051e-02
9.950948219999999900e-01 -3.212839810000000119e-03 9.887351730000000505e-02 -1.617800000000000071e-01 1.279674769999999961e-02 9.952555360000000517e-01 -9.645030370000000353e-02 1.990449999999999858e-02 -9.809453610000000434e-02 9.724245730000000143e-02 9.904147450000000408e-01 -2.377960000000000143e-02
9.947288050000000492e-01 -1.054609519999999932e-02 1.019969829999999994e-01 -1.697899999999999965e-01 2.030884399999999951e-02 9.952550810000000414e-01 -9.515710230000000436e-02 2.028380000000000113e-02 -1.005094789999999988e-01 9.672695150000000519e-02 9.902230770000000071e-01 -2.230240000000000000e-02
9.943069049999999631e-01 -1.747456689999999854e-02 1.051114570000000054e-01 -1.779709999999999903e-01 2.738845230000000117e-02 9.952305240000000053e-01 -9.362732819999999845e-02 2.066410000000000122e-02 -1.029740340000000060e-01 9.597313899999999898e-02 9.900431830000000488e-01 -2.040799999999999906e-02
9.938036780000000237e-01 -2.254285569999999947e-02 1.088396489999999966e-01 -1.863779999999999881e-01 3.264249439999999947e-02 9.952309289999999864e-01 -9.192315289999999917e-02 2.088900000000000132e-02 -1.062483750000000060e-01 9.490636510000000081e-02 9.898000129999999785e-01 -1.863479999999999998e-02
9.932013589999999503e-01 -2.517826849999999991e-02 1.136534839999999991e-01 -1.944400000000000017e-01 3.565800560000000063e-02 9.951996440000000499e-01 -9.113821560000000266e-02 2.115799999999999972e-02 -1.108132049999999980e-01 9.457125619999999511e-02 9.893314469999999750e-01 -1.679539999999999852e-02
9.924039500000000347e-01 -2.715813120000000122e-02 1.199868159999999961e-01 -2.018939999999999901e-01 3.824312700000000176e-02 9.951098200000000338e-01 -9.107089969999999923e-02 2.136019999999999933e-02 -1.169267429999999997e-01 9.496779160000000386e-02 9.885895279999999952e-01 -1.509220000000000006e-02
9.913320359999999720e-01 -2.921516210000000072e-02 1.280908629999999992e-01 -2.096619999999999873e-01 4.113550819999999691e-02 9.949617849999999875e-01 -9.142710800000000693e-02 2.156539999999999846e-02 -1.247744560000000058e-01 9.590370380000000361e-02 9.875392729999999952e-01 -1.303280000000000063e-02
9.902738930000000162e-01 -3.066169230000000134e-02 1.357110049999999957e-01 -2.170060000000000044e-01 4.333552019999999810e-02 9.948669940000000045e-01 -9.144231560000000425e-02 2.104719999999999855e-02 -1.322106239999999988e-01 9.643404490000000162e-02 9.865195519999999663e-01 -1.117319999999999945e-02
9.891798920000000050e-01 -3.373966889999999857e-02 1.427752640000000128e-01 -2.243570000000000009e-01 4.734206739999999997e-02 9.945424539999999647e-01 -9.297330319999999593e-02 2.084760000000000085e-02 -1.388591730000000024e-01 9.872659820000000142e-02 9.853787029999999669e-01 -9.635019999999999349e-03
9.880447930000000323e-01 -3.791803690000000032e-02 1.494312849999999970e-01 -2.313620000000000121e-01 5.242978329999999770e-02 9.941525629999999891e-01 -9.440232599999999474e-02 2.130400000000000002e-02 -1.449779439999999975e-01 1.011083769999999993e-01 9.842552980000000007e-01 -8.482969999999999400e-03
9.868516809999999806e-01 -4.227337230000000057e-02 1.560023140000000030e-01 -2.377579999999999971e-01 5.742669079999999926e-02 9.939199899999999754e-01 -9.394268660000000548e-02 2.017940000000000011e-02 -1.510825450000000125e-01 1.016661950000000009e-01 9.832792329999999748e-01 -8.063799999999999440e-03
9.853564609999999613e-01 -4.683881649999999813e-02 1.639474599999999893e-01 -2.440519999999999912e-01 6.347152770000000221e-02 9.931870229999999466e-01 -9.772871880000000289e-02 1.942870000000000014e-02 -1.582529920000000090e-01 1.067036199999999990e-01 9.816161820000000038e-01 -7.603679999999999814e-03
9.835013900000000309e-01 -5.211422219999999744e-02 1.732314140000000002e-01 -2.505890000000000062e-01 7.037503570000000486e-02 9.923944239999999972e-01 -1.009983200000000025e-01 2.032899999999999985e-02 -1.666504410000000103e-01 1.115231549999999988e-01 9.796888369999999790e-01 -7.032090000000000389e-03
9.815629799999999738e-01 -5.653514800000000035e-02 1.825866740000000044e-01 -2.568630000000000080e-01 7.576318059999999355e-02 9.920877989999999924e-01 -1.001086350000000014e-01 2.042889999999999984e-02 -1.754823550000000065e-01 1.120962779999999936e-01 9.780799390000000093e-01 -6.716770000000000379e-03
9.795556220000000147e-01 -5.850562930000000050e-02 1.924782469999999912e-01 -2.632979999999999765e-01 7.878691599999999851e-02 9.919177580000000383e-01 -9.945744049999999392e-02 1.866699999999999957e-02 -1.851037710000000003e-01 1.125888619999999979e-01 9.762480949999999824e-01 -6.722960000000000047e-03
9.775235839999999454e-01 -5.928288520000000311e-02 2.023195050000000106e-01 -2.698229999999999795e-01 8.133079649999999661e-02 9.914068790000000186e-01 -1.024582950000000048e-01 1.870729999999999962e-02 -1.945069259999999967e-01 1.166102059999999940e-01 9.739451300000000478e-01 -6.855289999999999995e-03
9.756434349999999478e-01 -5.986640099999999964e-02 2.110353080000000048e-01 -2.764409999999999923e-01 8.305622560000000543e-02 9.912296809999999736e-01 -1.027880500000000058e-01 1.886240000000000139e-02 -2.030309110000000083e-01 1.178122820000000043e-01 9.720590080000000022e-01 -7.054679999999999805e-03
9.737488399999999489e-01 -5.996492519999999798e-02 2.195846160000000102e-01 -2.831130000000000035e-01 8.405694700000000685e-02 9.912200310000000014e-01 -1.020650720000000067e-01 1.794940000000000077e-02 -2.115363459999999862e-01 1.178433579999999953e-01 9.702398249999999447e-01 -7.535980000000000283e-03
9.719008059999999505e-01 -6.157320279999999729e-02 2.271949920000000123e-01 -2.900460000000000260e-01 8.707546970000000497e-02 9.907599940000000327e-01 -1.039831600000000050e-01 1.774140000000000092e-02 -2.186931320000000123e-01 1.208444280000000037e-01 9.682819520000000013e-01 -8.077960000000000348e-03
9.702243790000000256e-01 -6.523871080000000211e-02 2.332564380000000104e-01 -2.972699999999999787e-01 9.177116659999999537e-02 9.902543150000000516e-01 -1.047589869999999979e-01 1.872329999999999828e-02 -2.241488530000000090e-01 1.230459379999999936e-01 9.667559100000000516e-01 -8.350790000000000296e-03
9.686220639999999493e-01 -6.918068639999999658e-02 2.387160030000000099e-01 -3.047839999999999994e-01 9.617224940000000666e-02 9.899867390000000045e-01 -1.033303180000000043e-01 1.924259999999999859e-02 -2.291772159999999892e-01 1.230458809999999958e-01 9.655762610000000468e-01 -8.600319999999999840e-03
9.672599629999999449e-01 -7.116563859999999742e-02 2.436054529999999996e-01 -3.124939999999999940e-01 9.847873159999999404e-02 9.899153480000000283e-01 -1.018309569999999997e-01 1.926129999999999856e-02 -2.339019119999999896e-01 1.224869630000000043e-01 9.645137839999999851e-01 -8.848989999999999287e-03
9.661508659999999971e-01 -7.102999549999999829e-02 2.480065399999999975e-01 -3.202470000000000039e-01 9.903150089999999961e-02 9.898109899999999461e-01 -1.023081899999999933e-01 2.070030000000000134e-02 -2.382126489999999985e-01 1.234056060000000010e-01 9.633409520000000281e-01 -9.015119999999999731e-03
9.651697240000000066e-01 -6.978264700000000320e-02 2.521463569999999876e-01 -3.279130000000000100e-01 9.786150929999999637e-02 9.901044430000000007e-01 -1.005799069999999962e-01 2.190179999999999905e-02 -2.426324960000000031e-01 1.217521039999999999e-01 9.624478669999999569e-01 -9.199689999999999951e-03
9.640916349999999468e-01 -6.681768030000000136e-02 2.570266849999999770e-01 -3.357870000000000021e-01 9.523124239999999907e-02 9.904472340000000097e-01 -9.972605569999999642e-02 2.194110000000000157e-02 -2.479079050000000117e-01 1.206220270000000067e-01 9.612450249999999752e-01 -9.478719999999999507e-03
9.629190960000000299e-01 -6.346425669999999908e-02 2.622195700000000129e-01 -3.438629999999999742e-01 9.326307690000000539e-02 9.903207630000000483e-01 -1.027948699999999965e-01 2.207519999999999968e-02 -2.531576850000000212e-01 1.234385469999999957e-01 9.595176450000000301e-01 -9.394069999999999157e-03
9.616968439999999951e-01 -6.072593939999999801e-02 2.673042090000000148e-01 -3.511310000000000264e-01 9.252297419999999661e-02 9.898354820000000442e-01 -1.080056419999999989e-01 2.425050000000000122e-02 -2.580284469999999941e-01 1.286004659999999966e-01 9.575402029999999787e-01 -9.109439999999999898e-03
9.599244559999999815e-01 -5.792387499999999967e-02 2.742077030000000248e-01 -3.582239999999999869e-01 9.095530609999999405e-02 9.898370340000000045e-01 -1.093150400000000022e-01 2.609219999999999942e-02 -2.650889880000000254e-01 1.298748259999999988e-01 9.554372599999999549e-01 -8.705360000000000528e-03
9.574245989999999873e-01 -5.563251229999999908e-02 2.832722380000000095e-01 -3.649089999999999834e-01 9.045130020000000104e-02 9.896560229999999958e-01 -1.113531249999999972e-01 2.579530000000000017e-02 -2.741472229999999954e-01 1.322345629999999994e-01 9.525530540000000101e-01 -8.233429999999999915e-03
9.548140990000000272e-01 -5.421595209999999915e-02 2.922168159999999903e-01 -3.719620000000000148e-01 9.234884259999999456e-02 9.886722500000000302e-01 -1.183168379999999936e-01 2.465089999999999990e-02 -2.824919969999999947e-01 1.399564690000000000e-01 9.490049830000000242e-01 -7.191679999999999774e-03
9.528382880000000332e-01 -5.376859230000000101e-02 2.986773090000000019e-01 -3.788230000000000208e-01 9.580993760000000581e-02 9.871426810000000218e-01 -1.279444519999999863e-01 2.500689999999999857e-02 -2.879577269999999967e-01 1.505266269999999962e-01 9.457389080000000448e-01 -5.917940000000000006e-03
9.513722439999999780e-01 -5.392696649999999953e-02 3.032865579999999839e-01 -3.861490000000000200e-01 9.896587330000000682e-02 9.858706569999999836e-01 -1.351473380000000057e-01 2.636269999999999933e-02 -2.917132319999999890e-01 1.585904459999999960e-01 9.432669089999999867e-01 -4.783479999999999677e-03
9.507765390000000316e-01 -5.534040309999999768e-02 3.048957409999999979e-01 -3.928960000000000230e-01 1.014675750000000043e-01 9.852798539999999550e-01 -1.375788490000000031e-01 2.787210000000000035e-02 -2.927939620000000187e-01 1.617437730000000073e-01 9.423962259999999480e-01 -3.547010000000000180e-03
9.505665620000000038e-01 -5.698232389999999953e-02 3.052478109999999800e-01 -3.990360000000000018e-01 1.037179309999999993e-01 9.848257609999999662e-01 -1.391431310000000032e-01 2.797459999999999877e-02 -2.926872090000000037e-01 1.639244790000000118e-01 9.420525269999999729e-01 -2.751149999999999950e-03
9.505074869999999843e-01 -5.676839539999999767e-02 3.054715490000000089e-01 -4.049889999999999879e-01 1.049243100000000067e-01 9.840567890000000428e-01 -1.436075390000000063e-01 2.917720000000000036e-02 -2.924489820000000240e-01 1.685514320000000010e-01 9.413097299999999557e-01 -2.048059999999999985e-03
9.503677120000000311e-01 -5.539736569999999943e-02 3.061573830000000052e-01 -4.109090000000000242e-01 1.045977359999999967e-01 9.836342000000000141e-01 -1.467074469999999908e-01 3.142210000000000142e-02 -2.930196660000000120e-01 1.714493900000000071e-01 9.406086230000000326e-01 -1.563179999999999951e-03
9.504267499999999869e-01 -5.412681309999999718e-02 3.062013729999999989e-01 -4.164280000000000204e-01 1.031831750000000020e-01 9.838350710000000054e-01 -1.463618279999999994e-01 3.342269999999999963e-02 -2.933295499999999945e-01 1.707010270000000052e-01 9.406481460000000183e-01 -9.591359999999999730e-04
9.504397589999999951e-01 -5.309986049999999846e-02 3.063407739999999824e-01 -4.218480000000000008e-01 1.020315239999999984e-01 9.840097589999999839e-01 -1.459943949999999990e-01 3.423410000000000342e-02 -2.936900290000000191e-01 1.700152930000000118e-01 9.406598569999999881e-01 -9.585769999999999534e-04
9.502084029999999792e-01 -5.061248520000000140e-02 3.074774250000000264e-01 -4.268120000000000247e-01 1.007028739999999978e-01 9.836519169999999868e-01 -1.492911180000000004e-01 3.479329999999999923e-02 -2.948947639999999759e-01 1.728215349999999983e-01 9.397711399999999493e-01 -1.263900000000000093e-03
9.494051399999999807e-01 -4.661558369999999757e-02 3.105750580000000149e-01 -4.311249999999999805e-01 9.941933349999999836e-02 9.826735970000000098e-01 -1.564237749999999871e-01 3.558739999999999820e-02 -2.979021239999999904e-01 1.793867010000000095e-01 9.375898550000000276e-01 -2.045330000000000151e-03
9.476927099999999937e-01 -4.439910030000000091e-02 3.160810769999999881e-01 -4.352230000000000265e-01 1.007102210000000025e-01 9.812865240000000489e-01 -1.641164479999999981e-01 3.758750000000000285e-02 -3.028794790000000070e-01 1.873645569999999871e-01 9.344295289999999810e-01 -3.030259999999999898e-03
9.460333899999999741e-01 -4.383537540000000121e-02 3.210907749999999949e-01 -4.393569999999999975e-01 1.026844969999999996e-01 9.803025199999999550e-01 -1.687094060000000062e-01 3.922470000000000123e-02 -3.073706560000000199e-01 1.925757760000000041e-01 9.319001289999999660e-01 -3.975659999999999784e-03
9.450432300000000119e-01 -4.398274290000000336e-02 3.239734750000000107e-01 -4.433199999999999918e-01 1.041544040000000060e-01 9.797841360000000277e-01 -1.708066380000000106e-01 4.181850000000000150e-02 -3.099115270000000200e-01 1.951629209999999892e-01 9.305193600000000176e-01 -5.369660000000000058e-03
9.445678720000000306e-01 -4.422829729999999682e-02 3.253235199999999772e-01 -4.468860000000000054e-01 1.047553440000000002e-01 9.796927370000000357e-01 -1.709633249999999993e-01 4.439139999999999753e-02 -3.111556730000000215e-01 1.955658409999999903e-01 9.300194349999999499e-01 -7.639660000000000374e-03
9.443063280000000281e-01 -4.393062240000000090e-02 3.261221530000000257e-01 -4.504049999999999998e-01 1.045539489999999933e-01 9.797489860000000439e-01 -1.707641520000000024e-01 4.790860000000000257e-02 -3.120160739999999766e-01 1.953510280000000099e-01 9.297762880000000063e-01 -1.044310000000000030e-02
9.439863689999999918e-01 -4.253096659999999751e-02 3.272321069999999943e-01 -4.539199999999999902e-01 1.029495569999999971e-01 9.801216130000000026e-01 -1.695966190000000040e-01 5.140549999999999981e-02 -3.135141519999999904e-01 1.937852969999999952e-01 9.295999870000000165e-01 -1.369609999999999925e-02
9.435338420000000115e-01 -4.223086310000000176e-02 3.285733470000000156e-01 -4.577780000000000182e-01 1.021974390000000010e-01 9.805709900000000312e-01 -1.674401879999999898e-01 5.442480000000000234e-02 -3.151183479999999926e-01 1.915648379999999873e-01 9.295177989999999779e-01 -1.716229999999999839e-02
9.427660860000000032e-01 -4.171626240000000235e-02 3.308350950000000235e-01 -4.616029999999999855e-01 1.021457409999999982e-01 9.805771850000000178e-01 -1.674354560000000103e-01 5.759979999999999961e-02 -3.174245649999999919e-01 1.916458649999999986e-01 9.287160530000000414e-01 -2.085029999999999870e-02
9.417353969999999741e-01 -4.200328720000000293e-02 3.337216880000000163e-01 -4.653970000000000051e-01 1.028875739999999955e-01 9.805874310000000094e-01 -1.669204529999999964e-01 6.114010000000000278e-02 -3.202320849999999997e-01 1.915307139999999908e-01 9.277755100000000255e-01 -2.508739999999999928e-02
9.409731369999999595e-01 -4.197173170000000064e-02 3.358689169999999891e-01 -4.694590000000000152e-01 1.027181570000000044e-01 9.808967250000000249e-01 -1.651986520000000014e-01 6.452890000000000015e-02 -3.225190470000000031e-01 1.899473299999999976e-01 9.273087269999999993e-01 -2.951869999999999841e-02
9.401182620000000378e-01 -4.321091769999999693e-02 3.380983149999999826e-01 -4.736330000000000262e-01 1.038446920000000023e-01 9.810855619999999666e-01 -1.633627890000000082e-01 6.790939999999999477e-02 -3.246443190000000145e-01 1.886900559999999949e-01 9.268236770000000124e-01 -3.432570000000000066e-02
9.399297629999999737e-01 -4.562277299999999841e-02 3.383054879999999875e-01 -4.779900000000000260e-01 1.057394900000000054e-01 9.811982049999999900e-01 -1.614597249999999984e-01 7.039839999999999987e-02 -3.245784970000000214e-01 1.875330510000000062e-01 9.270815249999999619e-01 -3.927610000000000129e-02
9.401634089999999500e-01 -4.762790749999999684e-02 3.373786400000000074e-01 -4.825940000000000230e-01 1.078925530000000022e-01 9.808424709999999935e-01 -1.621950799999999915e-01 7.359939999999999538e-02 -3.231902870000000205e-01 1.888905220000000051e-01 9.272908979999999746e-01 -4.464230000000000281e-02
9.405025529999999634e-01 -4.922775530000000205e-02 3.362016890000000258e-01 -4.873640000000000194e-01 1.096593730000000044e-01 9.804797779999999685e-01 -1.631999590000000055e-01 7.730270000000000197e-02 -3.216049899999999795e-01 1.903576439999999925e-01 9.275420189999999954e-01 -4.990139999999999854e-02
9.409895169999999975e-01 -4.789670830000000018e-02 3.350293040000000278e-01 -4.917650000000000077e-01 1.078833960000000064e-01 9.807432550000000360e-01 -1.628000009999999997e-01 8.212750000000000605e-02 -3.207801459999999882e-01 1.893371929999999870e-01 9.280363809999999658e-01 -5.585550000000000237e-02
9.410092850000000286e-01 -4.364386740000000126e-02 3.355543759999999875e-01 -4.960860000000000269e-01 1.024372320000000031e-01 9.818584679999999842e-01 -1.595636639999999939e-01 8.684409999999999352e-02 -3.225029300000000210e-01 1.845241509999999974e-01 9.284086910000000081e-01 -6.198680000000000162e-02
9.404085540000000076e-01 -3.842235659999999886e-02 3.378690180000000209e-01 -5.005370000000000097e-01 9.678667259999999828e-02 9.827429970000000070e-01 -1.576342020000000010e-01 8.899429999999999841e-02 -3.259817340000000230e-01 1.809417700000000018e-01 9.278986930000000521e-01 -6.806929999999999925e-02
9.401262120000000166e-01 -3.128097640000000040e-02 3.393879890000000010e-01 -5.050499999999999989e-01 9.080292939999999591e-02 9.827768839999999617e-01 -1.609485170000000132e-01 9.353300000000000503e-02 -3.285080430000000273e-01 1.821293429999999991e-01 9.267747130000000277e-01 -7.446419999999999428e-02
