4.850701918171964611e-01 -8.741093340150207780e-01 -2.529389646228833582e-02 -6.832000000000000295e-01 -8.741267342052048139e-01 -4.854905164113443305e-01 1.419193511785083947e-02 2.690900000000000070e+00 -2.468524980978042266e-02 1.522598642003157067e-02 -9.995793154019174676e-01 1.737300000000000066e+00
4.838064355940697725e-01 -8.748076592720840372e-01 -2.535531811392991927e-02 -6.828999999999999515e-01 -8.748193403031687687e-01 -4.842327132215960006e-01 1.448451854845227496e-02 2.690999999999999837e+00 -2.494904225195958281e-02 1.517361937538226624e-02 -9.995735623583492657e-01 1.737300000000000066e+00
4.826263669402917067e-01 -8.754435402275071443e-01 -2.589204140163452184e-02 -6.824000000000000066e-01 -8.754672199727131510e-01 -4.830641222300449122e-01 1.435968548978413216e-02 2.691300000000000026e+00 -2.507861015415474570e-02 1.573727066696762808e-02 -9.995616047171336227e-01 1.737200000000000077e+00
4.823731638516502995e-01 -8.755707540171342451e-01 -2.630561737758747853e-02 -6.821000000000000396e-01 -8.755888749384018732e-01 -4.828290270277342255e-01 1.484091451209379638e-02 2.691399999999999793e+00 -2.569538635344221361e-02 1.587404703655134058e-02 -9.995437768056127936e-01 1.737100000000000088e+00
4.821196538251590891e-01 -8.756978532991402941e-01 -2.671907788053819524e-02 -6.817999999999999616e-01 -8.757101746815993959e-01 -4.825939470408577847e-01 1.532227915972172311e-02 2.691500000000000004e+00 -2.631215222347947635e-02 1.601099643379987406e-02 -9.995255467663473059e-01 1.737100000000000088e+00
4.829714774989328774e-01 -8.752068541545673375e-01 -2.741376229858791605e-02 -6.814999999999999947e-01 -8.752194940265254353e-01 -4.834706724420883006e-01 1.571452081190417502e-02 2.691699999999999982e+00 -2.700720641699899671e-02 1.640339383362046655e-02 -9.995006450584658086e-01 1.737100000000000088e+00
4.829714774989328774e-01 -8.752068541545673375e-01 -2.741376229858791605e-02 -6.814999999999999947e-01 -8.752194940265254353e-01 -4.834706724420883006e-01 1.571452081190417502e-02 2.691699999999999982e+00 -2.700720641699899671e-02 1.640339383362046655e-02 -9.995006450584658086e-01 1.737100000000000088e+00
4.825762232672115015e-01 -8.754227687375233380e-01 -2.748026042604229460e-02 -6.811000000000000387e-01 -8.754291284552789820e-01 -4.830818008296791088e-01 1.599421017695234343e-02 2.691800000000000193e+00 -2.727690945075857479e-02 1.633859489315864222e-02 -9.994943824393072163e-01 1.737100000000000088e+00
4.819313970539514935e-01 -8.757617362415384132e-01 -2.799124628937983694e-02 -6.806999999999999718e-01 -8.757682161457653880e-01 -4.824562492966351090e-01 1.630947894590117908e-02 2.692000000000000171e+00 -2.778776929676978966e-02 1.665379385692679348e-02 -9.994751077579071552e-01 1.737100000000000088e+00
4.825573098733783040e-01 -8.753948085050818895e-01 -2.867702791642172747e-02 -6.803000000000000158e-01 -8.754339262515086206e-01 -4.830879393038165492e-01 1.553974475530464291e-02 2.692200000000000149e+00 -2.745693820578996164e-02 1.760602571685844844e-02 -9.994679306525151574e-01 1.737100000000000088e+00
4.824680200495443660e-01 -8.754604766725839760e-01 -2.817025760770685422e-02 -6.801000000000000378e-01 -8.754669974220136153e-01 -4.829994411257685361e-01 1.640354525945666650e-02 2.692000000000000171e+00 -2.796687423285558124e-02 1.674794484130060976e-02 -9.994685389191781955e-01 1.737200000000000077e+00
4.827126809134992813e-01 -8.753343271873770259e-01 -2.789772988478360707e-02 -6.796999999999999709e-01 -8.753343271873770259e-01 -4.832375859357216363e-01 1.646970511084263136e-02 2.692099999999999937e+00 -2.789772988478360707e-02 1.646970511084263136e-02 -9.994750949777775340e-01 1.737300000000000066e+00
4.825619468292517977e-01 -8.754207585248320322e-01 -2.779321888824784481e-02 -6.793000000000000149e-01 -8.754142788747979465e-01 -4.830867784830941147e-01 1.664346108666671029e-02 2.692299999999999915e+00 -2.799656790536743031e-02 1.629907968670612009e-02 -9.994751283483180870e-01 1.737300000000000066e+00
4.821761319136603774e-01 -8.756420998349716545e-01 -2.751528319647222540e-02 -6.788999999999999480e-01 -8.756292208913025732e-01 -4.826944294029003046e-01 1.671990863309391270e-02 2.692400000000000126e+00 -2.792212982691159515e-02 1.603124511727548052e-02 -9.994815425238821049e-01 1.737400000000000055e+00
4.821761319136603774e-01 -8.756420998349716545e-01 -2.751528319647222540e-02 -6.788999999999999480e-01 -8.756292208913025732e-01 -4.826944294029003046e-01 1.671990863309391270e-02 2.692400000000000126e+00 -2.792212982691159515e-02 1.603124511727548052e-02 -9.994815425238821049e-01 1.737400000000000055e+00
4.817009958277214121e-01 -8.759122090387163606e-01 -2.723880826133603592e-02 -6.784999999999999920e-01 -8.758930078486264481e-01 -4.822128475522913238e-01 1.679906120581353343e-02 2.692499999999999893e+00 -2.784940610619046283e-02 1.576615718642241162e-02 -9.994877882531159052e-01 1.737500000000000044e+00
4.813006504676373698e-01 -8.761248220407217291e-01 -2.747690054468909099e-02 -6.782000000000000250e-01 -8.760989014175900591e-01 -4.818252230783628409e-01 1.718049301905217804e-02 2.692600000000000104e+00 -2.829132012333576002e-02 1.580349991613798008e-02 -9.994747873738885069e-01 1.737400000000000055e+00
4.816770000208909774e-01 -8.759047349787730807e-01 -2.789557120117963640e-02 -6.778999999999999471e-01 -8.758717334748945538e-01 -4.822210248121006071e-01 1.765190439728338279e-02 2.692699999999999871e+00 -2.891321757532490724e-02 1.593042594951052035e-02 -9.994549751632182399e-01 1.737400000000000055e+00
4.816770000208909774e-01 -8.759047349787730807e-01 -2.789557120117963640e-02 -6.778999999999999471e-01 -8.758717334748945538e-01 -4.822210248121006071e-01 1.765190439728338279e-02 2.692699999999999871e+00 -2.891321757532490724e-02 1.593042594951052035e-02 -9.994549751632182399e-01 1.737400000000000055e+00
4.816719710587700209e-01 -8.758888652767743421e-01 -2.847469017433241004e-02 -6.774999999999999911e-01 -8.758822249945623639e-01 -4.822230944815153464e-01 1.706502526357370209e-02 2.692800000000000082e+00 -2.867821882430003286e-02 1.672073063105181806e-02 -9.994488365755545001e-01 1.737400000000000055e+00
4.825225886793526042e-01 -8.754010426759601948e-01 -2.906829709525412392e-02 -6.773000000000000131e-01 -8.753874437720319257e-01 -4.831004621027545909e-01 1.762857913652160144e-02 2.692899999999999849e+00 -2.947498431626411133e-02 1.693983464932726293e-02 -9.994219665894930049e-01 1.737300000000000066e+00
4.832933875102298771e-01 -8.749605122486452391e-01 -2.952293336501519982e-02 -6.767999999999999572e-01 -8.749536324226360184e-01 -4.838850325475267944e-01 1.764699370752913915e-02 2.693099999999999827e+00 -2.972612822621716056e-02 1.730252241920801973e-02 -9.994083149637142949e-01 1.737400000000000055e+00
4.826682484013142815e-01 -8.753115042605102980e-01 -2.934505911409572912e-02 -6.764000000000000012e-01 -8.753046641395085814e-01 -4.832530587466092875e-01 1.755637057219542468e-02 2.693200000000000038e+00 -2.954838271089015728e-02 1.721196447965164453e-02 -9.994151496539971369e-01 1.737400000000000055e+00
4.829131106301549625e-01 -8.751855270682652455e-01 -2.907268119300775860e-02 -6.758999999999999453e-01 -8.751719277412959297e-01 -4.834910020303093692e-01 1.762236786901416261e-02 2.693299999999999805e+00 -2.947922107334908018e-02 1.693352195999819551e-02 -9.994219486077633441e-01 1.737500000000000044e+00
4.822877538491716631e-01 -8.755361851521976657e-01 -2.889482611571676449e-02 -6.755999999999999783e-01 -8.755226652429162204e-01 -4.828588900168482301e-01 1.753154236335073904e-02 2.693499999999999783e+00 -2.930162338610707920e-02 1.684282698463093406e-02 -9.994287038333975470e-01 1.737500000000000044e+00
4.818970775489945790e-01 -8.757514189611080857e-01 -2.889046274022512989e-02 -6.752000000000000224e-01 -8.757378994745781409e-01 -4.824681958579215557e-01 1.753771391762540960e-02 2.693599999999999994e+00 -2.929740728447133638e-02 1.684910007117930084e-02 -9.994287216971500243e-01 1.737500000000000044e+00
4.818970775489945790e-01 -8.757514189611080857e-01 -2.889046274022512989e-02 -6.752000000000000224e-01 -8.757378994745781409e-01 -4.824681958579215557e-01 1.753771391762540960e-02 2.693599999999999994e+00 -2.929740728447133638e-02 1.684910007117930084e-02 -9.994287216971500243e-01 1.737500000000000044e+00
4.822827548300386846e-01 -8.755366133033748444e-01 -2.896520600315906704e-02 -6.749000000000000554e-01 -8.755162135104327392e-01 -4.828605689652250010e-01 1.780535927560334894e-02 2.693799999999999972e+00 -2.957539980969193030e-02 1.677228976125892321e-02 -9.994218258684672840e-01 1.737500000000000044e+00
4.833035278829457271e-01 -8.749630656810689633e-01 -2.928026007200427994e-02 -6.743999999999999995e-01 -8.749630656810689633e-01 -4.838815172248223107e-01 1.727168151019295786e-02 2.693999999999999950e+00 -2.928026007200427994e-02 1.727168151019295786e-02 -9.994220106581235274e-01 1.737400000000000055e+00
4.839233314303572620e-01 -8.746086317241611452e-01 -2.963023136824024031e-02 -6.740000000000000435e-01 -8.746086317241611452e-01 -4.845149729204127897e-01 1.746374328494958161e-02 2.694100000000000161e+00 -2.963023136824024031e-02 1.746374328494958161e-02 -9.994083585099446942e-01 1.737400000000000055e+00
4.839233314303572620e-01 -8.746086317241611452e-01 -2.963023136824024031e-02 -6.740000000000000435e-01 -8.746086317241611452e-01 -4.845149729204127897e-01 1.746374328494958161e-02 2.694100000000000161e+00 -2.963023136824024031e-02 1.746374328494958161e-02 -9.994083585099446942e-01 1.737400000000000055e+00
4.843032628043442145e-01 -8.743898939290773997e-01 -2.987746695693868290e-02 -6.735999999999999766e-01 -8.743829342163048635e-01 -4.849087378163901008e-01 1.783256405008164930e-02 2.694199999999999928e+00 -3.008045857947442073e-02 1.748797827113674277e-02 -9.993944849896041482e-01 1.737400000000000055e+00
4.830330375767192264e-01 -8.750702397041218994e-01 -3.051491755811297155e-02 -6.730000000000000426e-01 -8.750843201459660436e-01 -4.836524970153563974e-01 1.754123044381132590e-02 2.694599999999999884e+00 -3.010842480237029342e-02 1.823013206154409233e-02 -9.993803805563417075e-01 1.737300000000000066e+00
4.822415258875248911e-01 -8.754877389366558793e-01 -3.105365809777279815e-02 -6.724999999999999867e-01 -8.755162178527484684e-01 -4.828748617827605116e-01 1.741321725295134903e-02 2.694599999999999884e+00 -3.024008906221029372e-02 1.879060482958018127e-02 -9.993660241291213442e-01 1.737400000000000055e+00
4.826108586926467492e-01 -8.752519508355764977e-01 -3.194967340151860791e-02 -6.721000000000000307e-01 -8.752956298969135629e-01 -4.832726044717299274e-01 1.746854460097652453e-02 2.694700000000000095e+00 -3.072977961703603558e-02 1.953490019499481284e-02 -9.993368142518617159e-01 1.737400000000000055e+00
4.819641298811049301e-01 -8.755856914007048575e-01 -3.256185686196669954e-02 -6.716999999999999638e-01 -8.756374917456951623e-01 -4.826476544333784258e-01 1.761319730389404592e-02 2.694700000000000095e+00 -3.113776737753073259e-02 2.002345335619935482e-02 -9.993145154346729786e-01 1.737400000000000055e+00
4.815737828416536415e-01 -8.757853838091052001e-01 -3.296442303329918250e-02 -6.712000000000000188e-01 -8.758667817424117263e-01 -4.822558455240821829e-01 1.693163010591161241e-02 2.694799999999999862e+00 -3.072575987295682320e-02 2.071861395439169792e-02 -9.993130974404560440e-01 1.737400000000000055e+00
4.805300282175534177e-01 -8.763248992996284237e-01 -3.384616446118232647e-02 -6.706999999999999629e-01 -8.764231760024450146e-01 -4.812410443629615564e-01 1.701392918267591661e-02 2.694900000000000073e+00 -3.119789331067942401e-02 2.148785908232778152e-02 -9.992822240813816759e-01 1.737500000000000044e+00
4.805300282175534177e-01 -8.763248992996284237e-01 -3.384616446118232647e-02 -6.706999999999999629e-01 -8.764231760024450146e-01 -4.812410443629615564e-01 1.701392918267591661e-02 2.694900000000000073e+00 -3.119789331067942401e-02 2.148785908232778152e-02 -9.992822240813816759e-01 1.737500000000000044e+00
4.809039209224792444e-01 -8.761035079999048847e-01 -3.426458976329051220e-02 -6.702000000000000179e-01 -8.761956667889383432e-01 -4.816383112725899363e-01 1.748401026010517820e-02 2.694999999999999840e+00 -3.182094187282379083e-02 2.161435598736232214e-02 -9.992598497255744672e-01 1.737600000000000033e+00
4.801277474948725255e-01 -8.765321933950331879e-01 -3.418566991580333086e-02 -6.696999999999999620e-01 -8.766315061610912007e-01 -4.808539345994038428e-01 1.722486534080857473e-02 2.695100000000000051e+00 -3.153646288404352710e-02 2.169809951043166069e-02 -9.992670533878313943e-01 1.737500000000000044e+00
4.798933939413665417e-01 -8.766593221626273191e-01 -3.421641881903034893e-02 -6.692000000000000171e-01 -8.767733222253273340e-01 -4.806108943359916896e-01 1.678420923131508299e-02 2.695199999999999818e+00 -3.115881713734942535e-02 2.194541206997664001e-02 -9.992734996004248860e-01 1.737500000000000044e+00
4.798933939413665417e-01 -8.766593221626273191e-01 -3.421641881903034893e-02 -6.692000000000000171e-01 -8.767733222253273340e-01 -4.806108943359916896e-01 1.678420923131508299e-02 2.695199999999999818e+00 -3.115881713734942535e-02 2.194541206997664001e-02 -9.992734996004248860e-01 1.737500000000000044e+00
4.800671950040278357e-01 -8.765749254118372358e-01 -3.393948173140828861e-02 -6.686999999999999611e-01 -8.767163018312945644e-01 -4.807519745343222795e-01 1.568646182567643224e-02 2.695199999999999818e+00 -3.006683196186404894e-02 2.222474118144080607e-02 -9.993007787924488294e-01 1.737500000000000044e+00
4.813470187605564110e-01 -8.758726891970899375e-01 -3.394230176317824393e-02 -6.682000000000000162e-01 -8.760483775914812421e-01 -4.820053102137220602e-01 1.449555259750310958e-02 2.695399999999999796e+00 -2.905662832570140089e-02 2.275770736325781821e-02 -9.993186674459306751e-01 1.737700000000000022e+00
4.816092921025171281e-01 -8.757432265927279635e-01 -3.356025681472687289e-02 -6.675999999999999712e-01 -8.759365447310742958e-01 -4.822355260718840242e-01 1.356712934854437287e-02 2.695500000000000007e+00 -2.806526973145248224e-02 2.286259983316360836e-02 -9.993446063114410638e-01 1.737700000000000022e+00
4.808543033077565809e-01 -8.761831611719846924e-01 -3.289691579890030582e-02 -6.670000000000000373e-01 -8.763849898574684882e-01 -4.814429703070843836e-01 1.272854643768670142e-02 2.695600000000000218e+00 -2.699052691106136256e-02 2.270978688934697717e-02 -9.993776948864245835e-01 1.737900000000000000e+00
4.824177141079706299e-01 -8.753190032197517567e-01 -3.301199353599482827e-02 -6.665999999999999703e-01 -8.755278176007982305e-01 -4.830052745732598130e-01 1.252778278840063590e-02 2.695399999999999796e+00 -2.691077334496026763e-02 2.285929431959978983e-02 -9.993764370552202791e-01 1.737999999999999989e+00
4.814122755449963265e-01 -8.758843733615467864e-01 -3.269228434415104301e-02 -6.660000000000000364e-01 -8.761032721386839972e-01 -4.819766639582343526e-01 1.189756057274592854e-02 2.695500000000000007e+00 -2.617780553215854830e-02 2.291418557883894910e-02 -9.993946480729114512e-01 1.738199999999999967e+00
4.820510830680881931e-01 -8.755086325832867056e-01 -3.333748018412018010e-02 -6.653999999999999915e-01 -8.757806446606229978e-01 -4.825971073115644661e-01 1.040646204691488518e-02 2.695699999999999985e+00 -2.519951885863732505e-02 2.417987358638723841e-02 -9.993899729147974753e-01 1.738299999999999956e+00
4.820510830680881931e-01 -8.755086325832867056e-01 -3.333748018412018010e-02 -6.653999999999999915e-01 -8.757806446606229978e-01 -4.825971073115644661e-01 1.040646204691488518e-02 2.695699999999999985e+00 -2.519951885863732505e-02 2.417987358638723841e-02 -9.993899729147974753e-01 1.738299999999999956e+00
4.816675711610439725e-01 -8.757069123814001932e-01 -3.367127112622043950e-02 -6.647999999999999465e-01 -8.760111160957274601e-01 -4.821982976412142463e-01 9.451255399828429465e-03 2.696000000000000174e+00 -2.451275930079105728e-02 2.494404456678415635e-02 -9.993882725308074200e-01 1.738499999999999934e+00
4.815357478524250334e-01 -8.757680016650545296e-01 -3.396661301635302277e-02 -6.641000000000000236e-01 -8.761198909275274005e-01 -4.820306446231921171e-01 7.771381169854813323e-03 2.696600000000000108e+00 -2.317887532524033969e-02 2.601662744759245319e-02 -9.993927530430217754e-01 1.738499999999999934e+00
4.817040271334684931e-01 -8.756756501616842492e-01 -3.396153643919286313e-02 -6.633999999999999897e-01 -8.760538172485353714e-01 -4.821681358308655962e-01 6.602883738041250006e-03 2.696699999999999875e+00 -2.215715522508891755e-02 2.657149794987158017e-02 -9.994013287809015988e-01 1.738599999999999923e+00
4.817040271334684931e-01 -8.756756501616842492e-01 -3.396153643919286313e-02 -6.633999999999999897e-01 -8.760538172485353714e-01 -4.821681358308655962e-01 6.602883738041250006e-03 2.696699999999999875e+00 -2.215715522508891755e-02 2.657149794987158017e-02 -9.994013287809015988e-01 1.738599999999999923e+00
4.817402505435740556e-01 -8.756824263985725221e-01 -3.326588497129168848e-02 -6.625999999999999668e-01 -8.760755601661170955e-01 -4.821476048091204447e-01 5.029916147663490537e-03 2.696899999999999853e+00 -2.044367593753132831e-02 2.672031574545740210e-02 -9.994338801744835354e-01 1.738699999999999912e+00
4.813766162167261164e-01 -8.759210264665308054e-01 -3.223210749475950709e-02 -6.618000000000000549e-01 -8.762990347638129895e-01 -4.817472443520134373e-01 4.426537162490714813e-03 2.696600000000000108e+00 -1.940502594031938768e-02 2.611413320522384951e-02 -9.994706083798539087e-01 1.738899999999999890e+00
4.823898277854048455e-01 -8.753468149068954762e-01 -3.268038680188441181e-02 -6.611000000000000210e-01 -8.757359376074069779e-01 -4.827699904237336970e-01 4.438910806040993404e-03 2.696800000000000086e+00 -1.966269645911343164e-02 2.647810375804008146e-02 -9.994559962246138962e-01 1.739000000000000101e+00
4.830253762906941972e-01 -8.749988687847394253e-01 -3.261081852176319490e-02 -6.602999999999999980e-01 -8.753914567283637149e-01 -4.833968848816649899e-01 4.153212454845513560e-03 2.697000000000000064e+00 -1.939802428667415299e-02 2.654112492205364104e-02 -9.994594965988592428e-01 1.739100000000000090e+00
4.817443552720278577e-01 -8.756567702984751067e-01 -3.387619804496701942e-02 -6.594999999999999751e-01 -8.760873419669674700e-01 -4.821358658819654419e-01 3.997008318925442290e-03 2.697099999999999831e+00 -1.983293747260550521e-02 2.775297210554406035e-02 -9.994180442289986033e-01 1.739200000000000079e+00
4.809533126274059267e-01 -8.760782420628793199e-01 -3.421731808221601528e-02 -6.586999999999999522e-01 -8.765143036872425908e-01 -4.813573556010348753e-01 4.215642352831253277e-03 2.697200000000000042e+00 -2.016399028944920735e-02 2.796444157843188533e-02 -9.994055250511741928e-01 1.739300000000000068e+00
4.804547010449048416e-01 -8.763205473212353214e-01 -3.500826454513089603e-02 -6.578000000000000513e-01 -8.767741854767405751e-01 -4.808816169528018492e-01 4.460735192437035451e-03 2.697400000000000020e+00 -2.074386476646550986e-02 2.855116143818857075e-02 -9.993770676051563218e-01 1.739300000000000068e+00
4.804547010449048416e-01 -8.763205473212353214e-01 -3.500826454513089603e-02 -6.578000000000000513e-01 -8.767741854767405751e-01 -4.808816169528018492e-01 4.460735192437035451e-03 2.697400000000000020e+00 -2.074386476646550986e-02 2.855116143818857075e-02 -9.993770676051563218e-01 1.739300000000000068e+00
4.800422232730315875e-01 -8.764951063274557530e-01 -3.627385365668774758e-02 -6.569000000000000394e-01 -8.769894412316531218e-01 -4.804904967884779943e-01 4.289809337751533669e-03 2.697599999999999998e+00 -2.118923885555148989e-02 2.975249703778568705e-02 -9.993326798802981692e-01 1.739500000000000046e+00
4.800222127693981600e-01 -8.764773358180946161e-01 -3.696153467032156636e-02 -6.560000000000000275e-01 -8.769835042356753929e-01 -4.804975206737687188e-01 4.697438118395913693e-03 2.697799999999999976e+00 -2.187712381656906416e-02 3.015978155716729850e-02 -9.993056484529336814e-01 1.739500000000000046e+00
4.793887111025000314e-01 -8.767994077811667175e-01 -3.754014094378616689e-02 -6.549000000000000377e-01 -8.773360720974268112e-01 -4.798587323991649889e-01 4.124746892281690690e-03 2.697999999999999954e+00 -2.163054007977101637e-02 3.095796270529017902e-02 -9.992866076761937055e-01 1.739500000000000046e+00
4.793887111025000314e-01 -8.767994077811667175e-01 -3.754014094378616689e-02 -6.549000000000000377e-01 -8.773360720974268112e-01 -4.798587323991649889e-01 4.124746892281690690e-03 2.697999999999999954e+00 -2.163054007977101637e-02 3.095796270529017902e-02 -9.992866076761937055e-01 1.739500000000000046e+00
4.802459815513836494e-01 -8.763034772392070959e-01 -3.815773816963728693e-02 -6.539000000000000368e-01 -8.768564357673175325e-01 -4.807336249781266613e-01 4.239442041846862297e-03 2.698300000000000143e+00 -2.205874559408044916e-02 3.142288328375372752e-02 -9.992627352948530994e-01 1.739600000000000035e+00
4.806403789155339057e-01 -8.760693205085319235e-01 -3.856645977596775965e-02 -6.526999999999999469e-01 -8.766502915819820441e-01 -4.811150752804018715e-01 3.542683609783068687e-03 2.698999999999999844e+00 -2.165854162121268189e-02 3.210654141530293326e-02 -9.992497573545811029e-01 1.739500000000000046e+00
4.807895229625837041e-01 -8.759616914006159716e-01 -3.914779442041704804e-02 -6.516999999999999460e-01 -8.765741969727236516e-01 -4.812576825082448551e-01 2.953003287887268763e-03 2.699399999999999800e+00 -2.142689457284841989e-02 3.289617341524008615e-02 -9.992290678135813398e-01 1.739600000000000035e+00
4.805530359858231071e-01 -8.760731162662405147e-01 -3.955596744318642249e-02 -6.505999999999999561e-01 -8.767138234443881961e-01 -4.810069835822288198e-01 2.270138023971812052e-03 2.699699999999999989e+00 -2.101550347553941128e-02 3.358834173763119990e-02 -9.992147776694388916e-01 1.739700000000000024e+00
4.793928009997467932e-01 -8.767104098421550917e-01 -3.951454952315332225e-02 -6.494999999999999662e-01 -8.773646569538212647e-01 -4.798216056608535229e-01 1.576537136958676855e-03 2.700000000000000178e+00 -2.034210111863915885e-02 3.391288863309945001e-02 -9.992177514969589058e-01 1.739700000000000024e+00
4.792553033788745642e-01 -8.768178011884185663e-01 -3.879301099850256812e-02 -6.483999999999999764e-01 -8.774470327061302255e-01 -4.796708113639844839e-01 1.617875342704849697e-03 2.700000000000000178e+00 -2.002645696149112087e-02 3.326343705217513907e-02 -9.992459580989287993e-01 1.739999999999999991e+00
4.786344463429017537e-01 -8.771675145559767461e-01 -3.855150038214191777e-02 -6.471999999999999975e-01 -8.777961730369968629e-01 -4.790326727116132055e-01 1.255817013383632745e-03 2.700200000000000156e+00 -1.956899015346704601e-02 3.323928221936962163e-02 -9.992558254730938838e-01 1.739999999999999991e+00
4.786344463429017537e-01 -8.771675145559767461e-01 -3.855150038214191777e-02 -6.471999999999999975e-01 -8.777961730369968629e-01 -4.790326727116132055e-01 1.255817013383632745e-03 2.700200000000000156e+00 -1.956899015346704601e-02 3.323928221936962163e-02 -9.992558254730938838e-01 1.739999999999999991e+00
4.786522622299724805e-01 -8.771669765657494899e-01 -3.834197549203156169e-02 -6.460000000000000187e-01 -8.778043975387335163e-01 -4.790190512813192747e-01 4.337870514565155748e-04 2.700699999999999878e+00 -1.874704040084403805e-02 3.344912154372191998e-02 -9.992645819522285588e-01 1.740099999999999980e+00
4.784224454833132523e-01 -8.773028154358498698e-01 -3.810162314255446936e-02 -6.445999999999999508e-01 -8.779391638806253173e-01 -4.787722011173898284e-01 6.294281354376631108e-05 2.701099999999999834e+00 -1.829721788563948986e-02 3.342079390948774625e-02 -9.992738675418790795e-01 1.740099999999999980e+00
4.780483678469447106e-01 -8.775157971820202185e-01 -3.789173649855283321e-02 -6.431999999999999940e-01 -8.781598076600707348e-01 -4.783667930277226699e-01 -7.506922137623180287e-04 2.701600000000000001e+00 -1.746740419466625074e-02 3.363386722301972553e-02 -9.992815683111164748e-01 1.740199999999999969e+00
4.780483678469447106e-01 -8.775157971820202185e-01 -3.789173649855283321e-02 -6.431999999999999940e-01 -8.781598076600707348e-01 -4.783667930277226699e-01 -7.506922137623180287e-04 2.701600000000000001e+00 -1.746740419466625074e-02 3.363386722301972553e-02 -9.992815683111164748e-01 1.740199999999999969e+00
4.781902443562399130e-01 -8.773935179742983204e-01 -3.891920887176880672e-02 -6.415999999999999481e-01 -8.780823857451096615e-01 -4.785076955870919413e-01 -1.307328614989144207e-03 2.702399999999999913e+00 -1.747609929864900671e-02 3.479942356729055081e-02 -9.992415053792993440e-01 1.739999999999999991e+00
4.784461210252022312e-01 -8.772466858669333289e-01 -3.908403013277252092e-02 -6.401999999999999913e-01 -8.779595031955226281e-01 -4.787290079021822020e-01 -2.376497772660857155e-03 2.702900000000000080e+00 -1.662588417524429527e-02 3.545122181920241922e-02 -9.992331013566939646e-01 1.740099999999999980e+00
4.784461210252022312e-01 -8.772466858669333289e-01 -3.908403013277252092e-02 -6.389000000000000234e-01 -8.779595031955226281e-01 -4.787290079021822020e-01 -2.376497772660857155e-03 2.702799999999999869e+00 -1.662588417524429527e-02 3.545122181920241922e-02 -9.992331013566939646e-01 1.740099999999999980e+00
4.788208242266603909e-01 -8.770282747528604927e-01 -3.939573036412048063e-02 -6.374999999999999556e-01 -8.777411111289008527e-01 -4.791320601090272024e-01 -1.735168545650884542e-03 2.703300000000000036e+00 -1.735396557286318295e-02 3.541008697673841965e-02 -9.992221803078609188e-01 1.739999999999999991e+00
4.788049295849089448e-01 -8.770182784194449077e-01 -3.980927936277567358e-02 -6.360000000000000098e-01 -8.777373494761236961e-01 -4.791404440757796035e-01 -1.257054292174876594e-03 2.703800000000000203e+00 -1.797177620101412382e-02 3.554397514428647709e-02 -9.992065057289822860e-01 1.739999999999999991e+00
4.780102590708733556e-01 -8.774140396854748225e-01 -4.062997890490014502e-02 -6.343999999999999639e-01 -8.781664111480252943e-01 -4.783530660682042690e-01 -1.448625053651712456e-03 2.704299999999999926e+00 -1.816443102313129374e-02 3.637234039712873568e-02 -9.991732113600932941e-01 1.739999999999999991e+00
4.781402171700244175e-01 -8.772835427277630993e-01 -4.189890671159716973e-02 -6.327000000000000401e-01 -8.780861331218612342e-01 -4.784998307885921509e-01 -1.629341703170302880e-03 2.705299999999999816e+00 -1.861922511005492317e-02 3.756990277221798624e-02 -9.991205266943459229e-01 1.739900000000000002e+00
4.781402171700244175e-01 -8.772835427277630993e-01 -4.189890671159716973e-02 -6.327000000000000401e-01 -8.780861331218612342e-01 -4.784998307885921509e-01 -1.629341703170302880e-03 2.705299999999999816e+00 -1.861922511005492317e-02 3.756990277221798624e-02 -9.991205266943459229e-01 1.739900000000000002e+00
4.779753071344183812e-01 -8.773717081088073799e-01 -4.193437229758074231e-02 -6.311999999999999833e-01 -8.781619770811397441e-01 -4.783625421306545444e-01 -9.057015188529295548e-04 2.705499999999999794e+00 -1.926519604629129204e-02 3.725807424614591828e-02 -9.991199568243875895e-01 1.739999999999999991e+00
4.769352465264150576e-01 -8.779127295943089937e-01 -4.245008641990567072e-02 -6.294999999999999485e-01 -8.787163129256124749e-01 -4.773440176998717810e-01 -5.745994792447214547e-04 2.705900000000000194e+00 -1.975884660613733482e-02 3.757563016656065985e-02 -9.990984235791693369e-01 1.739900000000000002e+00
4.774749420199990713e-01 -8.776009270839816301e-01 -4.282864140192339797e-02 -6.279000000000000137e-01 -8.784236132119928042e-01 -4.778820648473760535e-01 -8.293665025797975496e-04 2.706399999999999917e+00 -1.973918677620254553e-02 3.801769165197092099e-02 -9.990820885327040823e-01 1.739800000000000013e+00
4.774749420199990713e-01 -8.776009270839816301e-01 -4.282864140192339797e-02 -6.279000000000000137e-01 -8.784236132119928042e-01 -4.778820648473760535e-01 -8.293665025797975496e-04 2.706399999999999917e+00 -1.973918677620254553e-02 3.801769165197092099e-02 -9.990820885327040823e-01 1.739800000000000013e+00
4.772129326825628182e-01 -8.776754749802389011e-01 -4.419929296628737764e-02 -6.260000000000000009e-01 -8.785581995187679016e-01 -4.776338729960167839e-01 -1.171932235950234056e-03 2.707199999999999829e+00 -2.008250330134116884e-02 3.939091246768703508e-02 -9.990220463413781449e-01 1.739600000000000035e+00
4.780612478260224396e-01 -8.771893748154164783e-01 -4.467934688382486919e-02 -6.243999999999999551e-01 -8.780755955135297608e-01 -4.785217377965509389e-01 -4.416103817258897166e-04 2.707800000000000207e+00 -2.099266277980466056e-02 3.944296093231089428e-02 -9.990012817520834698e-01 1.739500000000000046e+00
4.772460553266650862e-01 -8.775695182901556146e-01 -4.591234303672228623e-02 -6.226000000000000423e-01 -8.784992518356645741e-01 -4.777436983465390696e-01 -1.523625544875151911e-04 2.708299999999999930e+00 -2.180062382857162265e-02 4.040667343589157690e-02 -9.989454607447445511e-01 1.739400000000000057e+00
4.767360470613355439e-01 -8.778319189842871406e-01 -4.619375980255321229e-02 -6.209999999999999964e-01 -8.787484956476510067e-01 -4.772841570259749311e-01 9.564773887589270249e-04 2.708499999999999908e+00 -2.288717608886129198e-02 4.013670968538208400e-02 -9.989320405844979156e-01 1.739400000000000057e+00
4.769553161306436806e-01 -8.776655447811124722e-01 -4.708309589216701230e-02 -6.191999999999999726e-01 -8.786166760143243604e-01 -4.775266548228565000e-01 1.015166603454574577e-03 2.709099999999999842e+00 -2.337441003015482480e-02 4.088380410096350420e-02 -9.988904602197263838e-01 1.739400000000000057e+00
4.770989717101151717e-01 -8.775835913230802809e-01 -4.715518458913511152e-02 -6.175000000000000488e-01 -8.785312179419119127e-01 -4.776832081213160386e-01 1.285216101720301285e-03 2.709799999999999986e+00 -2.365312441626484657e-02 4.081412646881250883e-02 -9.988867487287718117e-01 1.739300000000000068e+00
4.750322763862451225e-01 -8.785954382294111076e-01 -4.913646623202556213e-02 -6.153999999999999471e-01 -8.796588662445773421e-01 -4.756051699297347835e-01 -3.705958233850552042e-05 2.710599999999999898e+00 -2.333699699204389716e-02 4.324093267468875207e-02 -9.987920736133304445e-01 1.739000000000000101e+00
4.750322763862451225e-01 -8.785954382294111076e-01 -4.913646623202556213e-02 -6.153999999999999471e-01 -8.796588662445773421e-01 -4.756051699297347835e-01 -3.705958233850552042e-05 2.710599999999999898e+00 -2.333699699204389716e-02 4.324093267468875207e-02 -9.987920736133304445e-01 1.739000000000000101e+00
4.750283548922514809e-01 -8.786146612642870002e-01 -4.882969444716109275e-02 -6.138000000000000123e-01 -8.796527773194460220e-01 -4.756161926584676625e-01 4.781581829989062964e-04 2.710799999999999876e+00 -2.364431015162141853e-02 4.272603764105695895e-02 -9.988070045333825586e-01 1.739000000000000101e+00
4.743948651375793357e-01 -8.789568269907626075e-01 -4.883040259334804623e-02 -6.120999999999999774e-01 -8.799949806373223993e-01 -4.749827241900910213e-01 4.957560674541441328e-04 2.711300000000000043e+00 -2.362934582709825745e-02 4.273532505188492453e-02 -9.988069613336167940e-01 1.738799999999999901e+00
4.743760662334622902e-01 -8.789382399257967826e-01 -4.934489012053976109e-02 -6.102999999999999536e-01 -8.799911406258246194e-01 -4.749894182919636165e-01 8.030757884699990263e-04 2.711899999999999977e+00 -2.414415467408088933e-02 4.304210620780803825e-02 -9.987814760438189499e-01 1.738499999999999934e+00
4.743760662334622902e-01 -8.789382399257967826e-01 -4.934489012053976109e-02 -6.102999999999999536e-01 -8.799911406258246194e-01 -4.749894182919636165e-01 8.030757884699990263e-04 2.711899999999999977e+00 -2.414415467408088933e-02 4.304210620780803825e-02 -9.987814760438189499e-01 1.738499999999999934e+00
4.757683693446934647e-01 -8.781073106393174621e-01 -5.071498528912801035e-02 -6.082999999999999519e-01 -8.792286075596880135e-01 -4.763999188747758406e-01 4.158662754220932055e-04 2.712800000000000100e+00 -2.452579009417251918e-02 4.439220987844706701e-02 -9.987130805803856592e-01 1.738199999999999967e+00
4.775556038861868968e-01 -8.771519927779674042e-01 -5.044825827062592721e-02 -6.067000000000000171e-01 -8.782305612529395233e-01 -4.782347996006111046e-01 1.599291189856305671e-03 2.713099999999999845e+00 -2.552893413846737264e-02 4.354145170528338216e-02 -9.987253954441881465e-01 1.738099999999999978e+00
4.776177711772282564e-01 -8.770845693073889837e-01 -5.102864821420249192e-02 -6.049999999999999822e-01 -8.781734546804257358e-01 -4.783373754244890641e-01 2.176870840806589304e-03 2.713600000000000012e+00 -2.631820948208781624e-02 4.377229209081159172e-02 -9.986948173965723985e-01 1.737700000000000022e+00
4.753091069553097014e-01 -8.783018242385395302e-01 -5.164453876838757257e-02 -6.032999999999999474e-01 -8.794144163859514141e-01 -4.760510750432624949e-01 2.378697692212258363e-03 2.713900000000000201e+00 -2.667465272318637545e-02 4.428633524472113531e-02 -9.986626975173797938e-01 1.737400000000000055e+00
4.750596826862805155e-01 -8.783921410465509449e-01 -5.239794302896352840e-02 -6.015000000000000346e-01 -8.795513495203649557e-01 -4.758001680992287596e-01 1.903573915125321425e-03 2.714599999999999902e+00 -2.660303446818195958e-02 4.518237028312677150e-02 -9.986244699448751927e-01 1.737200000000000077e+00
4.733864310354051197e-01 -8.792333250498386432e-01 -5.342328175399421730e-02 -5.997999999999999998e-01 -8.804542688582428500e-01 -4.741290055156077710e-01 1.402347345773241605e-03 2.714900000000000091e+00 -2.656251796910040833e-02 4.637290427163330564e-02 -9.985709721339566247e-01 1.736799999999999899e+00
4.741823022946299870e-01 -8.787959643058445014e-01 -5.356115486362270778e-02 -5.981999999999999540e-01 -8.800395872778266071e-01 -4.748997216969566004e-01 7.610230127054464985e-04 2.715300000000000047e+00 -2.610496149081143608e-02 4.677507297604241443e-02 -9.985642811224766380e-01 1.736499999999999932e+00
4.741823022946299870e-01 -8.787959643058445014e-01 -5.356115486362270778e-02 -5.981999999999999540e-01 -8.800395872778266071e-01 -4.748997216969566004e-01 7.610230127054464985e-04 2.715300000000000047e+00 -2.610496149081143608e-02 4.677507297604241443e-02 -9.985642811224766380e-01 1.736499999999999932e+00
4.760613395157495820e-01 -8.777480512039261829e-01 -5.407365001717431147e-02 -5.965000000000000302e-01 -8.790076001921922622e-01 -4.768066893290823227e-01 1.009859100706419002e-03 2.716000000000000192e+00 -2.666907990226395977e-02 4.705039445902441803e-02 -9.985364392742095418e-01 1.736099999999999977e+00
4.766290468282350368e-01 -8.774524933869869425e-01 -5.386904091004163231e-02 -5.947000000000000064e-01 -8.787239808663216412e-01 -4.773302171275692896e-01 1.710771521952797372e-04 2.716499999999999915e+00 -2.586343306779936846e-02 4.725447773393760126e-02 -9.985479944219206594e-01 1.735700000000000021e+00
4.771121019430175636e-01 -8.771838849417705752e-01 -5.396734362536301927e-02 -5.929999999999999716e-01 -8.784644714004508081e-01 -4.778076728611977408e-01 -1.555934946359672689e-05 2.717000000000000082e+00 -2.577236245752564589e-02 4.741581754466845516e-02 -9.985427009296743428e-01 1.735400000000000054e+00
4.771121019430175636e-01 -8.771838849417705752e-01 -5.396734362536301927e-02 -5.929999999999999716e-01 -8.784644714004508081e-01 -4.778076728611977408e-01 -1.555934946359672689e-05 2.717000000000000082e+00 -2.577236245752564589e-02 4.741581754466845516e-02 -9.985427009296743428e-01 1.735400000000000054e+00
4.767121050033565899e-01 -8.773971047926726330e-01 -5.403600137597511927e-02 -5.913000000000000478e-01 -8.786738474793451825e-01 -4.774224508607953776e-01 2.704993825370663138e-04 2.717400000000000038e+00 -2.603533558672158077e-02 4.735107090137589958e-02 -9.985389513611273582e-01 1.735000000000000098e+00
4.785215337660183588e-01 -8.764407618810285960e-01 -5.356055111385064904e-02 -5.897000000000000020e-01 -8.776842770313195707e-01 -4.792388909683253928e-01 6.286775481575582018e-04 2.717999999999999972e+00 -2.621929774473879399e-02 4.670841783717043227e-02 -9.985644055988180945e-01 1.734599999999999920e+00
4.781163778599365477e-01 -8.766408668038730978e-01 -5.390287442658726197e-02 -5.879999999999999671e-01 -8.778950499015858444e-01 -4.788523444691314968e-01 8.447216749776061346e-04 2.718500000000000139e+00 -2.655203533415688780e-02 4.691719136702767606e-02 -9.985458259758752675e-01 1.734099999999999975e+00
4.785134278263895036e-01 -8.763989787846112600e-01 -5.431141109499260100e-02 -5.860999999999999543e-01 -8.776906276558734676e-01 -4.792276506136201597e-01 1.449565065481916971e-04 2.719500000000000028e+00 -2.615456967487083187e-02 4.759925285800611916e-02 -9.985240355707427629e-01 1.733400000000000052e+00
4.799161119696544464e-01 -8.756398720325434537e-01 -5.417877793713081480e-02 -5.845000000000000195e-01 -8.769088785425468435e-01 -4.806561157658737482e-01 7.191036890019248664e-04 2.719700000000000006e+00 -2.667103682241890247e-02 4.716474195512623119e-02 -9.985309924639911294e-01 1.733000000000000096e+00
4.809324821372410463e-01 -8.750650706454936589e-01 -5.445245413670106449e-02 -5.827999999999999847e-01 -8.763488987187307844e-01 -4.816764752255451310e-01 6.171942662652645569e-04 2.720200000000000173e+00 -2.676855132015823480e-02 4.742251944479435044e-02 -9.985161737847454422e-01 1.732599999999999918e+00
4.819454218661343159e-01 -8.744605764729880271e-01 -5.520245046013225881e-02 -5.810999999999999499e-01 -8.757933265081890850e-01 -4.826862740915842664e-01 1.002362421432800166e-04 2.720800000000000107e+00 -2.673311777541460474e-02 4.829762932187672136e-02 -9.984751771656081853e-01 1.732099999999999973e+00
4.819454218661343159e-01 -8.744605764729880271e-01 -5.520245046013225881e-02 -5.810999999999999499e-01 -8.757933265081890850e-01 -4.826862740915842664e-01 1.002362421432800166e-04 2.720800000000000107e+00 -2.673311777541460474e-02 4.829762932187672136e-02 -9.984751771656081853e-01 1.732099999999999973e+00
4.822930439931296664e-01 -8.742031130822950358e-01 -5.623465829064185073e-02 -5.795000000000000151e-01 -8.755694649320558964e-01 -4.830917358472288647e-01 6.977354118040902855e-04 2.721200000000000063e+00 -2.777646115750881384e-02 4.890083673451348090e-02 -9.984173357730874443e-01 1.731500000000000039e+00
4.838237667125691033e-01 -8.733625336324071231e-01 -5.614666162154519080e-02 -5.780999999999999472e-01 -8.746865729945555445e-01 -4.846849043441268101e-01 1.985578999946844073e-03 2.721699999999999786e+00 -2.894756962340155546e-02 4.815006072797463343e-02 -9.984205576132691995e-01 1.731100000000000083e+00
4.834087589221066628e-01 -8.735722151605928021e-01 -5.645845106627858656e-02 -5.764000000000000234e-01 -8.748922808866652634e-01 -4.843103238110224584e-01 2.647091798700661018e-03 2.722199999999999953e+00 -2.965583656410252650e-02 4.811543566754188789e-02 -9.984014404077179439e-01 1.730699999999999905e+00
4.819804431184057103e-01 -8.743521628718375904e-01 -5.659635794576241274e-02 -5.747999999999999776e-01 -8.756625924613377077e-01 -4.829125441652473150e-01 3.240193163561632273e-03 2.722599999999999909e+00 -3.016416110675778847e-02 4.799760378589348897e-02 -9.983918836887337722e-01 1.730299999999999949e+00
4.812053881936378952e-01 -8.747968115751775242e-01 -5.631973749329471923e-02 -5.731000000000000538e-01 -8.760919296651560328e-01 -4.821325581904167823e-01 3.335732055710676630e-03 2.723199999999999843e+00 -3.007166688085973622e-02 4.773609525995738817e-02 -9.984072115426345650e-01 1.730099999999999971e+00
4.798163013580566405e-01 -8.755861952170704843e-01 -5.590287735321674417e-02 -5.715000000000000080e-01 -8.768757379484777292e-01 -4.807083417425432881e-01 2.903511055074043529e-03 2.723500000000000032e+00 -2.941525366858458237e-02 4.762672489714732393e-02 -9.984319896353404111e-01 1.729800000000000004e+00
4.806331239300318803e-01 -8.751987278934705294e-01 -5.494530803362263072e-02 -5.701000000000000512e-01 -8.764526655871437422e-01 -4.814813229556691443e-01 2.541776947157340337e-03 2.723899999999999988e+00 -2.867969955297642801e-02 4.693529949312968269e-02 -9.984861303468572924e-01 1.729400000000000048e+00
