1.000000000000000000e+00 -2.624649999999999888e-23 2.683379999999999841e-23 6.192399999999999732e-24 2.624649999999999888e-23 1.000000000000000000e+00 -8.701719999999999570e-24 9.795559999999999981e-26 -2.683379999999999841e-23 8.701719999999999570e-24 1.000000000000000000e+00 1.074200000000000007e-23
9.999980000000000535e-01 -1.781119999999999969e-03 -4.176699999999999770e-04 -2.462109999999999993e-03 1.781449999999999961e-03 9.999980000000000535e-01 7.924250000000000304e-04 -3.254030000000000204e-03 4.162580000000000251e-04 -7.931680000000000197e-04 1.000000000000000000e+00 6.693680000000000463e-04
9.999970000000000248e-01 -2.343480000000000216e-03 2.615879999999999898e-04 -4.263819999999999763e-03 2.343159999999999948e-03 9.999970000000000248e-01 1.228609999999999989e-03 -6.198290000000000396e-03 -2.644659999999999849e-04 -1.227989999999999984e-03 9.999989999999999712e-01 1.364999999999999894e-03
9.999980000000000535e-01 -1.878469999999999923e-03 1.191519999999999949e-03 -4.549489999999999784e-03 1.877860000000000076e-03 9.999980000000000535e-01 5.114619999999999627e-04 -6.409149999999999743e-03 -1.192480000000000102e-03 -5.092230000000000541e-04 9.999989999999999712e-01 1.012029999999999917e-03
9.999989999999999712e-01 -1.110080000000000051e-03 1.128440000000000085e-03 -5.954840000000000307e-03 1.108229999999999979e-03 9.999980000000000535e-01 1.642929999999999911e-03 -6.813979999999999863e-03 -1.130259999999999902e-03 -1.641679999999999962e-03 9.999980000000000535e-01 1.395799999999999992e-03
1.000000000000000000e+00 1.162579999999999972e-04 5.267950000000000410e-04 -6.242389999999999571e-03 -1.177829999999999936e-04 9.999959999999999960e-01 2.894900000000000164e-03 -9.353250000000000453e-03 -5.264570000000000317e-04 -2.894970000000000182e-03 9.999959999999999960e-01 1.240449999999999929e-03
9.999970000000000248e-01 8.653490000000000390e-05 2.412370000000000052e-03 -1.030840000000000055e-02 -9.398680000000000619e-05 9.999949999999999672e-01 3.089109999999999946e-03 -1.244250000000000043e-02 -2.412089999999999981e-03 -3.089329999999999941e-03 9.999919999999999920e-01 3.196510000000000063e-04
9.999940000000000495e-01 1.138740000000000010e-04 3.358480000000000059e-03 -1.033380000000000062e-02 -1.290080000000000090e-04 9.999900000000000455e-01 4.506450000000000386e-03 -1.295269999999999928e-02 -3.357939999999999797e-03 -4.506849999999999745e-03 9.999839999999999840e-01 5.828699999999999810e-04
9.999839999999999840e-01 2.140799999999999900e-05 5.627670000000000415e-03 -1.183949999999999933e-02 -5.527599999999999728e-05 9.999820000000000375e-01 6.018039999999999674e-03 -1.367840000000000028e-02 -5.627440000000000046e-03 -6.018250000000000162e-03 9.999660000000000215e-01 6.922329999999999976e-04
9.999789999999999512e-01 -6.383060000000000513e-04 6.398059999999999685e-03 -1.160759999999999917e-02 5.875169999999999655e-04 9.999679999999999680e-01 7.936900000000000205e-03 -1.528050000000000068e-02 -6.402920000000000313e-03 -7.932979999999999199e-03 9.999479999999999480e-01 1.393590000000000106e-03
9.999649999999999928e-01 -1.889389999999999906e-03 8.126359999999999140e-03 -1.440660000000000031e-02 1.814690000000000096e-03 9.999559999999999560e-01 9.189070000000000571e-03 -1.743079999999999977e-02 -8.143370000000000469e-03 -9.173999999999999863e-03 9.999249999999999527e-01 9.359350000000000438e-04
9.999559999999999560e-01 -2.975540000000000043e-03 8.855500000000000524e-03 -1.793550000000000005e-02 2.880020000000000063e-03 9.999379999999999935e-01 1.077930000000000034e-02 -2.146570000000000075e-02 -8.887030000000000624e-03 -1.075339999999999976e-02 9.999029999999999863e-01 1.896469999999999927e-03
9.999550000000000383e-01 -3.684810000000000169e-03 8.791689999999999575e-03 -1.962260000000000046e-02 3.587130000000000006e-03 9.999320000000000430e-01 1.110069999999999980e-02 -2.332520000000000079e-02 -8.831999999999999573e-03 -1.106870000000000076e-02 9.999000000000000110e-01 4.351309999999999727e-03
9.999689999999999968e-01 -2.978619999999999966e-03 7.267309999999999916e-03 -2.089830000000000160e-02 2.903730000000000200e-03 9.999430000000000263e-01 1.029380000000000052e-02 -2.542610000000000009e-02 -7.297549999999999870e-03 -1.027239999999999924e-02 9.999209999999999487e-01 3.932739999999999674e-03
9.999710000000000543e-01 -5.460100000000000120e-05 7.588189999999999866e-03 -2.375930000000000056e-02 -1.192990000000000075e-05 9.999620000000000175e-01 8.767360000000000084e-03 -2.685910000000000034e-02 -7.588379999999999605e-03 -8.767199999999999299e-03 9.999329999999999607e-01 4.579640000000000273e-03
9.999719999999999720e-01 2.466600000000000216e-03 7.055989999999999832e-03 -2.390070000000000042e-02 -2.520469999999999915e-03 9.999679999999999680e-01 7.635720000000000354e-03 -2.748269999999999880e-02 -7.036930000000000268e-03 -7.653290000000000093e-03 9.999460000000000015e-01 4.433480000000000060e-03
9.999789999999999512e-01 2.752909999999999906e-03 5.860289999999999770e-03 -2.592879999999999838e-02 -2.793729999999999911e-03 9.999719999999999720e-01 6.969010000000000309e-03 -3.198039999999999911e-02 -5.840940000000000194e-03 -6.985240000000000199e-03 9.999590000000000423e-01 4.854840000000000023e-03
9.999829999999999552e-01 3.608720000000000157e-03 4.543769999999999927e-03 -2.782120000000000079e-02 -3.636359999999999940e-03 9.999749999999999472e-01 6.088490000000000221e-03 -3.210960000000000203e-02 -4.521680000000000144e-03 -6.104909999999999851e-03 9.999710000000000543e-01 4.494899999999999590e-03
9.999740000000000295e-01 5.679140000000000056e-03 4.404560000000000072e-03 -2.845220000000000041e-02 -5.715409999999999761e-03 9.999500000000000055e-01 8.266110000000000124e-03 -3.344690000000000163e-02 -4.357390000000000048e-03 -8.291069999999999343e-03 9.999559999999999560e-01 4.568149999999999988e-03
9.999519999999999520e-01 6.226289999999999776e-03 7.541629999999999688e-03 -2.711159999999999959e-02 -6.299540000000000174e-03 9.999329999999999607e-01 9.728179999999999467e-03 -3.402179999999999788e-02 -7.480559999999999814e-03 -9.775229999999999336e-03 9.999240000000000350e-01 5.628099999999999596e-03
9.999090000000000478e-01 5.832239999999999820e-03 1.217120000000000007e-02 -2.695890000000000092e-02 -5.950350000000000084e-03 9.999350000000000183e-01 9.690819999999999296e-03 -3.661629999999999746e-02 -1.211390000000000036e-02 -9.762359999999999441e-03 9.998789999999999623e-01 8.033399999999999569e-03
9.998259999999999925e-01 2.938780000000000212e-03 1.844049999999999856e-02 -3.026859999999999967e-02 -3.124539999999999870e-03 9.999449999999999728e-01 1.005269999999999948e-02 -4.076529999999999737e-02 -1.840999999999999928e-02 -1.010849999999999943e-02 9.997789999999999733e-01 6.455999999999999933e-03
9.997709999999999653e-01 -1.346650000000000017e-03 2.136769999999999989e-02 -3.098580000000000084e-02 1.089670000000000048e-03 9.999270000000000103e-01 1.203339999999999965e-02 -4.437519999999999659e-02 -2.138229999999999992e-02 -1.200730000000000026e-02 9.996990000000000043e-01 6.560309999999999753e-03
9.997359999999999580e-01 -2.576339999999999880e-03 2.281249999999999944e-02 -3.225800000000000195e-02 2.328489999999999900e-03 9.999379999999999935e-01 1.088429999999999953e-02 -4.605630000000000140e-02 -2.283910000000000107e-02 -1.082830000000000077e-02 9.996810000000000418e-01 5.682620000000000206e-03
9.997679999999999900e-01 -1.221489999999999989e-03 2.150089999999999987e-02 -3.046230000000000118e-02 9.977619999999999111e-04 9.999449999999999728e-01 1.041319999999999919e-02 -4.799199999999999994e-02 -2.151240000000000097e-02 -1.038930000000000062e-02 9.997150000000000203e-01 5.865590000000000387e-03
9.997249999999999748e-01 2.144329999999999847e-03 2.333510000000000098e-02 -3.243820000000000037e-02 -2.379829999999999880e-03 9.999460000000000015e-01 1.006899999999999983e-02 -4.739360000000000100e-02 -2.331230000000000108e-02 -1.012170000000000084e-02 9.996770000000000378e-01 4.419990000000000377e-03
9.997800000000000020e-01 1.224929999999999942e-02 1.705430000000000140e-02 -1.116400000000000031e-02 -1.229339999999999947e-02 9.999209999999999487e-01 2.480959999999999936e-03 -2.268200000000000077e-02 -1.702259999999999884e-02 -2.690070000000000135e-03 9.998510000000000453e-01 7.785239999999999695e-03
9.997200000000000530e-01 1.054289999999999915e-02 2.120139999999999872e-02 -1.188250000000000070e-02 -1.063339999999999945e-02 9.999350000000000183e-01 4.156629999999999700e-03 -2.442149999999999876e-02 -2.115620000000000001e-02 -4.380910000000000012e-03 9.997669999999999613e-01 7.737159999999999871e-03
9.996530000000000138e-01 5.547390000000000133e-03 2.574480000000000171e-02 -1.201630000000000059e-02 -5.680029999999999975e-03 9.999710000000000543e-01 5.081859999999999676e-03 -2.484029999999999919e-02 -2.571589999999999987e-02 -5.226330000000000385e-03 9.996559999999999890e-01 8.740130000000000468e-03
9.995610000000000328e-01 4.282789999999999861e-03 2.930330000000000087e-02 -1.206899999999999987e-02 -4.505079999999999849e-03 9.999620000000000175e-01 7.524020000000000187e-03 -2.476259999999999920e-02 -2.927000000000000088e-02 -7.652729999999999949e-03 9.995420000000000416e-01 7.094269999999999743e-03
9.994819999999999816e-01 4.558429999999999600e-03 3.185179999999999956e-02 -1.185940000000000084e-02 -4.881670000000000280e-03 9.999369999999999647e-01 1.007779999999999961e-02 -2.624840000000000159e-02 -3.180390000000000300e-02 -1.022810000000000039e-02 9.994420000000000526e-01 8.373790000000000747e-03
9.993969999999999798e-01 3.578529999999999905e-03 3.453710000000000113e-02 -1.313849999999999914e-02 -3.885570000000000083e-03 9.999529999999999808e-01 8.827130000000000740e-03 -2.742390000000000105e-02 -3.450389999999999707e-02 -8.956000000000000419e-03 9.993640000000000301e-01 9.641379999999999742e-03
9.993349999999999733e-01 2.418299999999999964e-03 3.637719999999999843e-02 -1.363029999999999971e-02 -2.769059999999999837e-03 9.999500000000000055e-01 9.594800000000000550e-03 -2.722750000000000170e-02 -3.635220000000000118e-02 -9.689160000000000481e-03 9.992919999999999581e-01 8.656799999999999218e-03
9.993090000000000028e-01 2.628800000000000140e-06 3.717659999999999715e-02 -1.376089999999999952e-02 -4.462879999999999799e-04 9.999289999999999567e-01 1.192550000000000034e-02 -2.792829999999999965e-02 -3.717390000000000277e-02 -1.193390000000000076e-02 9.992379999999999596e-01 8.510480000000000822e-03
9.992750000000000243e-01 -2.360270000000000087e-04 3.806149999999999811e-02 -1.555130000000000054e-02 -2.672110000000000002e-04 9.999130000000000518e-01 1.321609999999999972e-02 -2.864490000000000092e-02 -3.806129999999999930e-02 -1.321669999999999963e-02 9.991879999999999651e-01 8.314429999999999391e-03
9.992440000000000211e-01 2.826549999999999831e-04 3.888540000000000052e-02 -1.639380000000000004e-02 -8.380150000000000056e-04 9.998979999999999535e-01 1.426640000000000026e-02 -2.910669999999999924e-02 -3.887739999999999946e-02 -1.428819999999999917e-02 9.991419999999999746e-01 9.595819999999999697e-03
9.991860000000000186e-01 -7.847610000000000306e-04 4.032929999999999848e-02 -1.876809999999999937e-02 1.484169999999999988e-04 9.998749999999999583e-01 1.577929999999999958e-02 -2.986240000000000075e-02 -4.033670000000000311e-02 -1.576040000000000080e-02 9.990620000000000056e-01 8.222300000000000095e-03
9.991379999999999706e-01 -2.441469999999999838e-03 4.143340000000000217e-02 -1.872549999999999909e-02 1.717959999999999930e-03 9.998460000000000125e-01 1.748859999999999998e-02 -3.063190000000000010e-02 -4.146969999999999823e-02 -1.740239999999999843e-02 9.989879999999999871e-01 9.590269999999999698e-03
9.989390000000000214e-01 -5.195390000000000251e-03 4.574969999999999731e-02 -2.171669999999999850e-02 4.399079999999999657e-03 9.998369999999999758e-01 1.748929999999999929e-02 -3.402899999999999675e-02 -4.583310000000000162e-02 -1.726950000000000013e-02 9.988000000000000211e-01 1.229869999999999922e-02
9.987599999999999811e-01 -6.754439999999999576e-03 4.932129999999999848e-02 -2.429740000000000025e-02 5.993010000000000004e-03 9.998609999999999998e-01 1.556959999999999941e-02 -3.556120000000000114e-02 -4.941960000000000103e-02 -1.525480000000000065e-02 9.986620000000000497e-01 1.480470000000000050e-02
9.985380000000000367e-01 -8.013450000000000087e-03 5.346440000000000220e-02 -2.779879999999999851e-02 7.236099999999999650e-03 9.998660000000000325e-01 1.471729999999999913e-02 -3.768649999999999778e-02 -5.357510000000000050e-02 -1.430889999999999940e-02 9.984610000000000429e-01 1.632159999999999861e-02
9.984490000000000309e-01 -1.067429999999999941e-02 5.464800000000000213e-02 -2.829169999999999949e-02 9.928479999999999944e-03 9.998540000000000205e-01 1.390049999999999966e-02 -3.982429999999999998e-02 -5.478840000000000099e-02 -1.333630000000000058e-02 9.984089999999999909e-01 1.811820000000000097e-02
9.982360000000000122e-01 -1.335899999999999935e-02 5.785679999999999990e-02 -3.185480000000000256e-02 1.256589999999999964e-02 9.998219999999999885e-01 1.405059999999999990e-02 -4.271570000000000228e-02 -5.803420000000000106e-02 -1.329879999999999951e-02 9.982259999999999467e-01 1.915069999999999967e-02
9.979190000000000005e-01 -1.633120000000000058e-02 6.237859999999999933e-02 -3.640820000000000167e-02 1.533349999999999991e-02 9.997470000000000523e-01 1.643990000000000035e-02 -4.567279999999999951e-02 -6.263130000000000086e-02 -1.544919999999999974e-02 9.979170000000000540e-01 2.072600000000000137e-02
9.975770000000000470e-01 -1.869060000000000166e-02 6.701920000000000099e-02 -4.073800000000000338e-02 1.737939999999999971e-02 9.996469999999999523e-01 2.009529999999999997e-02 -4.850120000000000126e-02 -6.737110000000000321e-02 -1.888180000000000067e-02 9.975490000000000190e-01 2.294610000000000052e-02
9.970059999999999478e-01 -2.336190000000000142e-02 7.371429999999999649e-02 -4.688439999999999969e-02 2.172390000000000085e-02 9.995009999999999728e-01 2.294629999999999934e-02 -5.350200000000000095e-02 -7.421360000000000456e-02 -2.127619999999999859e-02 9.970149999999999846e-01 2.587690000000000129e-02
9.964030000000000387e-01 -2.873030000000000028e-02 7.972070000000000545e-02 -5.176390000000000158e-02 2.696199999999999986e-02 9.993680000000000341e-01 2.316999999999999962e-02 -5.713870000000000060e-02 -8.033600000000000463e-02 -2.093719999999999956e-02 9.965479999999999894e-01 2.780739999999999948e-02
9.957169999999999632e-01 -3.474390000000000117e-02 8.567520000000000691e-02 -5.650460000000000205e-02 3.275750000000000189e-02 9.991630000000000233e-01 2.448300000000000129e-02 -6.360359999999999625e-02 -8.645410000000000594e-02 -2.157159999999999980e-02 9.960219999999999629e-01 3.057460000000000039e-02
9.950550000000000228e-01 -3.964170000000000194e-02 9.107260000000000355e-02 -6.178030000000000327e-02 3.780340000000000089e-02 9.990470000000000184e-01 2.182279999999999984e-02 -6.893879999999999453e-02 -9.185089999999999921e-02 -1.827200000000000005e-02 9.956049999999999622e-01 3.233199999999999963e-02
9.944699999999999651e-01 -4.246899999999999981e-02 9.604980000000000462e-02 -6.945510000000000572e-02 4.084109999999999824e-02 9.989879999999999871e-01 1.885190000000000130e-02 -7.233649999999999802e-02 -9.675319999999999754e-02 -1.482490000000000023e-02 9.951980000000000270e-01 3.189260000000000012e-02
9.940170000000000394e-01 -4.579509999999999831e-02 9.916170000000000539e-02 -7.660350000000000492e-02 4.393840000000000245e-02 9.988169999999999549e-01 2.082880000000000148e-02 -7.541169999999999818e-02 -9.999829999999999830e-02 -1.634719999999999923e-02 9.948529999999999873e-01 3.115060000000000051e-02
9.935659999999999492e-01 -4.984159999999999979e-02 1.017020000000000007e-01 -8.241919999999999802e-02 4.776489999999999903e-02 9.985990000000000144e-01 2.275510000000000033e-02 -7.720050000000000523e-02 -1.026939999999999936e-01 -1.775090000000000001e-02 9.945549999999999669e-01 3.288930000000000325e-02
9.928789999999999560e-01 -5.334889999999999771e-02 1.065129999999999966e-01 -8.752799999999999470e-02 5.093249999999999861e-02 9.983819999999999917e-01 2.528129999999999961e-02 -7.815130000000000687e-02 -1.076889999999999931e-01 -1.967630000000000073e-02 9.939900000000000402e-01 3.319779999999999953e-02
9.917489999999999917e-01 -5.767869999999999941e-02 1.144880000000000064e-01 -9.334409999999999930e-02 5.457820000000000032e-02 9.980580000000000007e-01 3.003640000000000129e-02 -8.001859999999999529e-02 -1.159980000000000039e-01 -2.353999999999999843e-02 9.929700000000000193e-01 3.437960000000000321e-02
9.901659999999999906e-01 -6.319600000000000217e-02 1.248129999999999934e-01 -1.023099999999999982e-01 5.905880000000000157e-02 9.975840000000000263e-01 3.657760000000000178e-02 -8.271929999999999561e-02 -1.268229999999999913e-01 -2.884660000000000002e-02 9.915059999999999985e-01 3.490039999999999809e-02
9.889489999999999670e-01 -6.958050000000000346e-02 1.309170000000000056e-01 -1.083940000000000042e-01 6.448760000000000603e-02 9.970020000000000548e-01 4.275260000000000171e-02 -8.787079999999999891e-02 -1.334990000000000065e-01 -3.383769999999999833e-02 9.904709999999999903e-01 3.803530000000000105e-02
9.876030000000000086e-01 -7.790950000000000653e-02 1.362750000000000072e-01 -1.139059999999999934e-01 7.255390000000000450e-02 9.963999999999999524e-01 4.384249999999999953e-02 -9.199390000000000345e-02 -1.391999999999999904e-01 -3.341170000000000251e-02 9.897000000000000242e-01 4.140619999999999717e-02
9.860539999999999861e-01 -8.639860000000000595e-02 1.422440000000000093e-01 -1.205979999999999969e-01 8.080729999999999857e-02 9.957300000000000040e-01 4.463749999999999662e-02 -9.521269999999999734e-02 -1.454930000000000112e-01 -3.252069999999999961e-02 9.888249999999999540e-01 4.038970000000000060e-02
9.840050000000000185e-01 -9.517539999999999334e-02 1.505869999999999986e-01 -1.279589999999999894e-01 8.881949999999999568e-02 9.948709999999999498e-01 4.840089999999999670e-02 -9.898719999999999741e-02 -1.544210000000000027e-01 -3.425170000000000298e-02 9.874110000000000387e-01 4.186100000000000237e-02
9.817320000000000491e-01 -1.035520000000000052e-01 1.596200000000000119e-01 -1.359609999999999985e-01 9.678029999999999966e-02 9.940670000000000339e-01 4.965239999999999931e-02 -1.043140000000000039e-01 -1.638139999999999874e-01 -3.329730000000000190e-02 9.859290000000000553e-01 4.318049999999999666e-02
9.799769999999999870e-01 -1.091120000000000007e-01 1.665500000000000036e-01 -1.429989999999999872e-01 1.024660000000000015e-01 9.935770000000000435e-01 4.801710000000000006e-02 -1.080809999999999965e-01 -1.707190000000000096e-01 -2.998999999999999930e-02 9.848630000000000440e-01 4.320269999999999666e-02
9.785840000000000094e-01 -1.144489999999999952e-01 1.710990000000000011e-01 -1.467239999999999933e-01 1.080880000000000035e-01 9.930729999999999835e-01 4.607599999999999890e-02 -1.100639999999999952e-01 -1.751870000000000094e-01 -2.659560000000000049e-02 9.841760000000000508e-01 4.236499999999999988e-02
9.766869999999999719e-01 -1.189589999999999953e-01 1.786919999999999897e-01 -1.534149999999999958e-01 1.124330000000000052e-01 9.925819999999999643e-01 4.624849999999999794e-02 -1.109190000000000037e-01 -1.828680000000000028e-01 -2.507950000000000110e-02 9.828179999999999694e-01 4.283809999999999701e-02
9.743629999999999791e-01 -1.233090000000000019e-01 1.881819999999999882e-01 -1.611249999999999905e-01 1.165520000000000028e-01 9.920909999999999451e-01 4.660159999999999997e-02 -1.140270000000000034e-01 -1.924399999999999999e-01 -2.347379999999999953e-02 9.810280000000000111e-01 4.444590000000000346e-02
9.722539999999999516e-01 -1.276339999999999975e-01 1.960389999999999910e-01 -1.672970000000000013e-01 1.212189999999999934e-01 9.916310000000000402e-01 4.442800000000000221e-02 -1.171869999999999995e-01 -2.000689999999999968e-01 -1.943160000000000026e-02 9.795890000000000430e-01 4.462979999999999725e-02
9.704239999999999533e-01 -1.317039999999999877e-01 2.023139999999999938e-01 -1.726560000000000039e-01 1.255509999999999959e-01 9.911550000000000082e-01 4.300940000000000318e-02 -1.192200000000000065e-01 -2.061890000000000112e-01 -1.633679999999999854e-02 9.783760000000000234e-01 4.399070000000000064e-02
9.686430000000000318e-01 -1.359650000000000025e-01 2.079540000000000000e-01 -1.794820000000000026e-01 1.298850000000000005e-01 9.906099999999999905e-01 4.268029999999999741e-02 -1.206740000000000035e-01 -2.118039999999999923e-01 -1.433180000000000044e-02 9.772070000000000478e-01 4.455499999999999738e-02
9.667700000000000182e-01 -1.392319999999999947e-01 2.144060000000000132e-01 -1.888110000000000066e-01 1.332399999999999973e-01 9.901839999999999531e-01 4.222290000000000071e-02 -1.234029999999999988e-01 -2.181800000000000128e-01 -1.225230000000000069e-02 9.758320000000000327e-01 4.726749999999999702e-02
9.655599999999999739e-01 -1.442759999999999876e-01 2.165140000000000120e-01 -1.949190000000000089e-01 1.388359999999999872e-01 9.894990000000000174e-01 4.021349999999999925e-02 -1.273170000000000135e-01 -2.200419999999999876e-01 -8.768750000000000502e-03 9.754509999999999570e-01 4.512320000000000220e-02
9.645979999999999555e-01 -1.475789999999999880e-01 2.185680000000000123e-01 -2.020200000000000051e-01 1.424290000000000000e-01 9.890269999999999895e-01 3.922439999999999954e-02 -1.290659999999999863e-01 -2.219579999999999886e-01 -6.705319999999999857e-03 9.750330000000000386e-01 4.523739999999999706e-02
9.640079999999999760e-01 -1.501530000000000087e-01 2.194119999999999959e-01 -2.091739999999999988e-01 1.453079999999999927e-01 9.886509999999999465e-01 3.815299999999999941e-02 -1.313149999999999873e-01 -2.226509999999999878e-01 -4.897570000000000395e-03 9.748860000000000303e-01 4.604540000000000022e-02
9.634620000000000406e-01 -1.519300000000000095e-01 2.205880000000000063e-01 -2.162709999999999910e-01 1.474129999999999885e-01 9.883870000000000156e-01 3.689390000000000031e-02 -1.320979999999999932e-01 -2.236309999999999965e-01 -3.028310000000000203e-03 9.746690000000000076e-01 4.608099999999999696e-02
9.635470000000000423e-01 -1.520029999999999992e-01 2.201629999999999976e-01 -2.216889999999999972e-01 1.474850000000000050e-01 9.883750000000000036e-01 3.691540000000000099e-02 -1.335260000000000058e-01 -2.232149999999999967e-01 -3.098909999999999859e-03 9.747639999999999638e-01 4.415419999999999762e-02
9.635359999999999481e-01 -1.522459999999999924e-01 2.200439999999999896e-01 -2.277679999999999982e-01 1.475259999999999905e-01 9.883349999999999635e-01 3.782630000000000020e-02 -1.344029999999999947e-01 -2.232359999999999900e-01 -3.984859999999999791e-03 9.747559999999999558e-01 4.563709999999999989e-02
9.638039999999999941e-01 -1.529880000000000129e-01 2.183519999999999905e-01 -2.329259999999999942e-01 1.483059999999999934e-01 9.882199999999999873e-01 3.777110000000000190e-02 -1.376960000000000128e-01 -2.215580000000000049e-01 -4.020980000000000387e-03 9.751389999999999780e-01 4.884030000000000316e-02
9.643190000000000373e-01 -1.526859999999999884e-01 2.162769999999999970e-01 -2.386119999999999908e-01 1.485960000000000059e-01 9.882729999999999571e-01 3.514599999999999669e-02 -1.388770000000000004e-01 -2.191069999999999962e-01 -1.753999999999999917e-03 9.756989999999999830e-01 4.917699999999999849e-02
9.648609999999999687e-01 -1.536329999999999918e-01 2.131689999999999974e-01 -2.416210000000000024e-01 1.500180000000000125e-01 9.881280000000000063e-01 3.312890000000000279e-02 -1.406429999999999902e-01 -2.157280000000000031e-01 1.444639999999999945e-05 9.764540000000000441e-01 5.162730000000000097e-02
9.651340000000000474e-01 -1.532779999999999976e-01 2.121820000000000095e-01 -2.466919999999999946e-01 1.501929999999999932e-01 9.881799999999999473e-01 3.068200000000000094e-02 -1.417670000000000041e-01 -2.143770000000000120e-01 2.256000000000000193e-03 9.767479999999999496e-01 5.235429999999999945e-02
9.655460000000000154e-01 -1.528150000000000064e-01 2.106399999999999939e-01 -2.499760000000000038e-01 1.496220000000000050e-01 9.882539999999999658e-01 3.111399999999999930e-02 -1.439850000000000019e-01 -2.129209999999999992e-01 1.474309999999999943e-03 9.770680000000000476e-01 5.343869999999999870e-02
9.660520000000000218e-01 -1.526490000000000069e-01 2.084290000000000032e-01 -2.540419999999999900e-01 1.500630000000000019e-01 9.882729999999999571e-01 2.825770000000000018e-02 -1.450089999999999990e-01 -2.102980000000000127e-01 3.979060000000000409e-03 9.776289999999999702e-01 5.481570000000000192e-02
9.668809999999999905e-01 -1.530559999999999976e-01 2.042420000000000069e-01 -2.563630000000000075e-01 1.507969999999999866e-01 9.882050000000000001e-01 2.667740000000000042e-02 -1.451830000000000065e-01 -2.059159999999999879e-01 5.005090000000000233e-03 9.785570000000000102e-01 5.711080000000000323e-02
9.672279999999999767e-01 -1.544790000000000052e-01 2.015109999999999957e-01 -2.598639999999999839e-01 1.519689999999999930e-01 9.879900000000000349e-01 2.796449999999999977e-02 -1.462140000000000106e-01 -2.034110000000000085e-01 3.575300000000000006e-03 9.790870000000000406e-01 6.001770000000000022e-02
9.674479999999999746e-01 -1.559339999999999893e-01 1.993189999999999962e-01 -2.597149999999999737e-01 1.534459999999999991e-01 9.877610000000000001e-01 2.796720000000000109e-02 -1.494910000000000128e-01 -2.012410000000000032e-01 3.527900000000000046e-03 9.795359999999999623e-01 6.410609999999999919e-02
9.673199999999999577e-01 -1.575749999999999929e-01 1.986499999999999932e-01 -2.608559999999999768e-01 1.552969999999999906e-01 9.874960000000000404e-01 2.710080000000000128e-02 -1.533400000000000041e-01 -2.004370000000000041e-01 4.634570000000000183e-03 9.796960000000000113e-01 6.753409999999999969e-02
9.671089999999999964e-01 -1.598620000000000041e-01 1.978469999999999951e-01 -2.609600000000000253e-01 1.577570000000000083e-01 9.871229999999999727e-01 2.646099999999999841e-02 -1.568239999999999912e-01 -1.995300000000000129e-01 5.621160000000000045e-03 9.798759999999999692e-01 7.097889999999999755e-02
9.666029999999999900e-01 -1.628590000000000038e-01 1.978759999999999963e-01 -2.617360000000000242e-01 1.611779999999999879e-01 9.866169999999999662e-01 2.468280000000000127e-02 -1.606039999999999968e-01 -1.992480000000000084e-01 8.034819999999999809e-03 9.799160000000000093e-01 7.455950000000000077e-02
9.665380000000000082e-01 -1.652230000000000087e-01 1.962299999999999878e-01 -2.612740000000000062e-01 1.636819999999999942e-01 9.862170000000000103e-01 2.416319999999999926e-02 -1.634809999999999874e-01 -1.975179999999999991e-01 8.764650000000000565e-03 9.802600000000000202e-01 7.699110000000000675e-02
9.661119999999999708e-01 -1.682470000000000077e-01 1.957540000000000113e-01 -2.616479999999999917e-01 1.667200000000000071e-01 9.857029999999999959e-01 2.437550000000000133e-02 -1.675999999999999990e-01 -1.970560000000000089e-01 9.086620000000000114e-03 9.803500000000000547e-01 7.985069999999999668e-02
9.654120000000000479e-01 -1.712879999999999958e-01 1.965709999999999957e-01 -2.615489999999999760e-01 1.692770000000000108e-01 9.851950000000000429e-01 2.711770000000000153e-02 -1.716010000000000035e-01 -1.983060000000000100e-01 7.095240000000000054e-03 9.801140000000000407e-01 8.491930000000000311e-02
9.644989999999999952e-01 -1.738460000000000005e-01 1.987960000000000005e-01 -2.605279999999999818e-01 1.715820000000000123e-01 9.847519999999999607e-01 2.869529999999999997e-02 -1.781149999999999956e-01 -2.007529999999999870e-01 6.433180000000000148e-03 9.796209999999999640e-01 9.011619999999999353e-02
9.635920000000000041e-01 -1.747110000000000052e-01 2.024029999999999996e-01 -2.584739999999999815e-01 1.730700000000000016e-01 9.845679999999999987e-01 2.592140000000000069e-02 -1.826290000000000135e-01 -2.038079999999999892e-01 1.005209999999999958e-02 9.789590000000000236e-01 9.663700000000000068e-02
9.625289999999999679e-01 -1.749640000000000084e-01 2.071820000000000050e-01 -2.580000000000000071e-01 1.735609999999999931e-01 9.845040000000000457e-01 2.507670000000000038e-02 -1.863090000000000024e-01 -2.083589999999999887e-01 1.182180000000000036e-02 9.779809999999999892e-01 1.010999999999999954e-01
9.613140000000000018e-01 -1.750089999999999979e-01 2.127139999999999864e-01 -2.569589999999999930e-01 1.732219999999999871e-01 9.845080000000000497e-01 2.716009999999999952e-02 -1.908579999999999999e-01 -2.141720000000000013e-01 1.073739999999999938e-02 9.767369999999999663e-01 1.061079999999999940e-01
9.598459999999999770e-01 -1.749139999999999862e-01 2.193199999999999872e-01 -2.548099999999999810e-01 1.728669999999999929e-01 9.845289999999999875e-01 2.864219999999999960e-02 -1.963000000000000023e-01 -2.209369999999999945e-01 1.042110000000000085e-02 9.752330000000000165e-01 1.126739999999999964e-01
9.583909999999999929e-01 -1.727859999999999951e-01 2.272280000000000133e-01 -2.526379999999999737e-01 1.706930000000000114e-01 9.848980000000000512e-01 2.898260000000000072e-02 -1.997710000000000041e-01 -2.288040000000000074e-01 1.100959999999999959e-02 9.734099999999999975e-01 1.170989999999999948e-01
9.566630000000000411e-01 -1.704600000000000004e-01 2.360909999999999953e-01 -2.512699999999999934e-01 1.677770000000000095e-01 9.853199999999999736e-01 3.156049999999999828e-02 -2.026209999999999956e-01 -2.380049999999999943e-01 9.417939999999999645e-03 9.712180000000000257e-01 1.216259999999999980e-01
9.543650000000000189e-01 -1.714489999999999903e-01 2.445259999999999934e-01 -2.503529999999999922e-01 1.677140000000000020e-01 9.851720000000000477e-01 3.617669999999999914e-02 -2.051649999999999863e-01 -2.471019999999999883e-01 6.484740000000000122e-03 9.689680000000000515e-01 1.267909999999999870e-01
9.515709999999999447e-01 -1.741769999999999985e-01 2.533290000000000264e-01 -2.520080000000000098e-01 1.695689999999999975e-01 9.847029999999999950e-01 4.008830000000000032e-02 -2.106959999999999944e-01 -2.564370000000000260e-01 4.810080000000000432e-03 9.665489999999999915e-01 1.337780000000000080e-01
9.495470000000000299e-01 -1.786510000000000042e-01 2.577670000000000239e-01 -2.508460000000000134e-01 1.735849999999999893e-01 9.839029999999999720e-01 4.247320000000000262e-02 -2.153940000000000021e-01 -2.612059999999999937e-01 4.414069999999999973e-03 9.652730000000000476e-01 1.378240000000000021e-01
9.466409999999999547e-01 -1.845729999999999871e-01 2.642030000000000212e-01 -2.520930000000000115e-01 1.791780000000000039e-01 9.828050000000000397e-01 4.459769999999999707e-02 -2.205489999999999950e-01 -2.678920000000000190e-01 5.121249999999999934e-03 9.634350000000000414e-01 1.450200000000000100e-01
9.442509999999999515e-01 -1.902780000000000027e-01 2.686709999999999932e-01 -2.517289999999999806e-01 1.848569999999999935e-01 9.817080000000000251e-01 4.557889999999999858e-02 -2.253070000000000073e-01 -2.724289999999999767e-01 6.627730000000000080e-03 9.621530000000000360e-01 1.500789999999999902e-01
9.420939999999999870e-01 -1.948249999999999982e-01 2.729509999999999992e-01 -2.529410000000000269e-01 1.894619999999999915e-01 9.808029999999999804e-01 4.613849999999999896e-02 -2.330079999999999929e-01 -2.767000000000000015e-01 8.247249999999999373e-03 9.609210000000000251e-01 1.557109999999999883e-01
9.410730000000000484e-01 -1.942830000000000112e-01 2.768300000000000205e-01 -2.525789999999999980e-01 1.904000000000000137e-01 9.808449999999999669e-01 4.111150000000000221e-02 -2.376890000000000114e-01 -2.795150000000000134e-01 1.401960000000000012e-02 9.600389999999999757e-01 1.623739999999999906e-01
9.399330000000000185e-01 -1.937869999999999870e-01 2.810219999999999940e-01 -2.524640000000000217e-01 1.911720000000000086e-01 9.808599999999999541e-01 3.696780000000000205e-02 -2.440519999999999912e-01 -2.828069999999999751e-01 1.897619999999999862e-02 9.589889999999999803e-01 1.681860000000000022e-01
9.385130000000000416e-01 -1.931630000000000014e-01 2.861489999999999867e-01 -2.527269999999999794e-01 1.924430000000000029e-01 9.808210000000000539e-01 3.092050000000000007e-02 -2.472530000000000006e-01 -2.866330000000000267e-01 2.604800000000000171e-02 9.576860000000000372e-01 1.749590000000000034e-01
9.371829999999999883e-01 -1.957260000000000111e-01 2.887560000000000127e-01 -2.521760000000000113e-01 1.957409999999999983e-01 9.802229999999999555e-01 2.912750000000000061e-02 -2.536510000000000153e-01 -2.887460000000000027e-01 2.922349999999999948e-02 9.569600000000000328e-01 1.784389999999999865e-01
9.352390000000000425e-01 -1.978900000000000103e-01 2.935420000000000251e-01 -2.538710000000000133e-01 1.990510000000000057e-01 9.796380000000000088e-01 2.623289999999999997e-02 -2.587729999999999753e-01 -2.927560000000000162e-01 3.389589999999999964e-02 9.555860000000000465e-01 1.866740000000000066e-01
9.339929999999999621e-01 -1.987639999999999962e-01 2.969019999999999992e-01 -2.566729999999999845e-01 2.011729999999999907e-01 9.792920000000000513e-01 2.274560000000000123e-02 -2.632590000000000208e-01 -2.952739999999999809e-01 3.848449999999999788e-02 9.546369999999999578e-01 1.929230000000000111e-01
9.336529999999999552e-01 -1.991010000000000002e-01 2.977440000000000087e-01 -2.559319999999999928e-01 2.026429999999999898e-01 9.790630000000000166e-01 1.925949999999999884e-02 -2.707700000000000107e-01 -2.953450000000000242e-01 4.235400000000000276e-02 9.544510000000000494e-01 1.983719999999999928e-01
9.332679999999999865e-01 -1.976549999999999974e-01 2.999049999999999772e-01 -2.564429999999999765e-01 2.031600000000000072e-01 9.790590000000000126e-01 1.304660000000000021e-02 -2.704540000000000277e-01 -2.962029999999999941e-01 4.875270000000000298e-02 9.538799999999999502e-01 2.002740000000000076e-01
9.317590000000000039e-01 -2.013800000000000034e-01 3.021110000000000184e-01 -2.587030000000000163e-01 2.066769999999999996e-01 9.782990000000000297e-01 1.468550000000000064e-02 -2.734199999999999964e-01 -2.985129999999999728e-01 4.875619999999999954e-02 9.531600000000000072e-01 2.067680000000000073e-01
9.301739999999999453e-01 -2.071199999999999986e-01 3.031119999999999925e-01 -2.597459999999999769e-01 2.124689999999999912e-01 9.770429999999999948e-01 1.561320000000000069e-02 -2.781399999999999983e-01 -2.993870000000000142e-01 4.987869999999999804e-02 9.528269999999999795e-01 2.113639999999999963e-01
9.291300000000000114e-01 -2.111860000000000126e-01 3.035089999999999733e-01 -2.603400000000000158e-01 2.165960000000000107e-01 9.761279999999999957e-01 1.613960000000000047e-02 -2.811600000000000210e-01 -2.996719999999999939e-01 5.074320000000000219e-02 9.526919999999999833e-01 2.160100000000000076e-01
9.285550000000000193e-01 -2.142239999999999978e-01 3.031409999999999938e-01 -2.607519999999999838e-01 2.193879999999999997e-01 9.754829999999999890e-01 1.734489999999999990e-02 -2.852600000000000136e-01 -2.994249999999999967e-01 5.039989999999999748e-02 9.527879999999999683e-01 2.203839999999999966e-01
9.282749999999999613e-01 -2.160430000000000128e-01 3.027050000000000018e-01 -2.602539999999999853e-01 2.211780000000000135e-01 9.750739999999999963e-01 1.765399999999999955e-02 -2.904109999999999747e-01 -2.989740000000000175e-01 5.056399999999999784e-02 9.529210000000000180e-01 2.250780000000000003e-01
9.275449999999999529e-01 -2.180539999999999978e-01 3.035019999999999940e-01 -2.614589999999999970e-01 2.242240000000000066e-01 9.744249999999999856e-01 1.482289999999999996e-02 -2.952159999999999784e-01 -2.989720000000000155e-01 5.430360000000000048e-02 9.527149999999999785e-01 2.291259999999999963e-01
9.274780000000000246e-01 -2.178360000000000019e-01 3.038620000000000210e-01 -2.638059999999999850e-01 2.252580000000000138e-01 9.742380000000000484e-01 1.086580000000000011e-02 -2.971269999999999745e-01 -2.984010000000000273e-01 5.836969999999999659e-02 9.526540000000000008e-01 2.325929999999999942e-01
9.275820000000000176e-01 -2.185880000000000045e-01 3.030039999999999956e-01 -2.638969999999999927e-01 2.263930000000000109e-01 9.739889999999999937e-01 9.583950000000000802e-03 -3.017159999999999842e-01 -2.972179999999999822e-01 5.970829999999999887e-02 9.529410000000000380e-01 2.354880000000000029e-01
9.274569999999999759e-01 -2.181420000000000026e-01 3.037059999999999760e-01 -2.653690000000000215e-01 2.270280000000000076e-01 9.738679999999999559e-01 6.198399999999999743e-03 -3.040070000000000272e-01 -2.971219999999999972e-01 6.320099999999999330e-02 9.527459999999999818e-01 2.367239999999999900e-01
9.268969999999999709e-01 -2.163710000000000078e-01 3.066690000000000249e-01 -2.672669999999999768e-01 2.258499999999999952e-01 9.741509999999999891e-01 4.690940000000000214e-03 -3.041490000000000027e-01 -2.997569999999999957e-01 6.491299999999999848e-02 9.518050000000000122e-01 2.388059999999999905e-01
9.260110000000000285e-01 -2.154240000000000044e-01 3.099950000000000205e-01 -2.704860000000000042e-01 2.248249999999999971e-01 9.743840000000000279e-01 5.532780000000000163e-03 -3.074299999999999811e-01 -3.032460000000000155e-01 6.457110000000000627e-02 9.507219999999999560e-01 2.409840000000000038e-01
9.256579999999999808e-01 -2.127400000000000124e-01 3.128870000000000262e-01 -2.724119999999999875e-01 2.230520000000000003e-01 9.748019999999999463e-01 2.906119999999999884e-03 -3.069520000000000026e-01 -3.056209999999999760e-01 6.710009999999999586e-02 9.497860000000000191e-01 2.420599999999999974e-01
9.249680000000000124e-01 -2.104419999999999902e-01 3.164620000000000211e-01 -2.752800000000000247e-01 2.203690000000000093e-01 9.754059999999999953e-01 4.525050000000000079e-03 -3.096789999999999821e-01 -3.096309999999999896e-01 6.555289999999999728e-02 9.485949999999999660e-01 2.444999999999999951e-01
9.240439999999999765e-01 -2.086890000000000134e-01 3.202980000000000271e-01 -2.786350000000000215e-01 2.191069999999999962e-01 9.756939999999999502e-01 3.598159999999999987e-03 -3.122789999999999733e-01 -3.132639999999999869e-01 6.685460000000000014e-02 9.473099999999999854e-01 2.474470000000000003e-01
9.238070000000000448e-01 -2.042670000000000041e-01 3.238139999999999907e-01 -2.808379999999999765e-01 2.155279999999999974e-01 9.764969999999999484e-01 1.110529999999999981e-03 -3.120100000000000096e-01 -3.164310000000000178e-01 6.876509999999999567e-02 9.461199999999999610e-01 2.496659999999999990e-01
9.228939999999999921e-01 -2.002220000000000111e-01 3.289030000000000009e-01 -2.848600000000000021e-01 2.117439999999999878e-01 9.773249999999999993e-01 8.060419999999999781e-04 -3.116900000000000226e-01 -3.216060000000000030e-01 6.889929999999999666e-02 9.443629999999999525e-01 2.516840000000000188e-01
9.207159999999999789e-01 -2.004650000000000043e-01 3.348079999999999945e-01 -2.881719999999999837e-01 2.122489999999999932e-01 9.772149999999999448e-01 1.422260000000000061e-03 -3.147800000000000042e-01 -3.274639999999999773e-01 6.975320000000000131e-02 9.422850000000000392e-01 2.539109999999999978e-01
9.187250000000000139e-01 -2.000010000000000121e-01 3.405070000000000041e-01 -2.898580000000000045e-01 2.127130000000000132e-01 9.771149999999999558e-01 -1.489909999999999979e-06 -3.145919999999999828e-01 -3.327140000000000097e-01 7.243149999999999589e-02 9.402420000000000222e-01 2.542349999999999888e-01
9.148030000000000328e-01 -2.032529999999999892e-01 3.490320000000000089e-01 -2.938020000000000076e-01 2.159830000000000083e-01 9.763939999999999841e-01 2.501540000000000014e-03 -3.151660000000000017e-01 -3.413010000000000210e-01 7.309630000000000294e-02 9.371080000000000521e-01 2.565299999999999803e-01
9.100970000000000448e-01 -2.077229999999999910e-01 3.585720000000000018e-01 -2.974870000000000014e-01 2.207369999999999888e-01 9.753220000000000223e-01 4.754780000000000117e-03 -3.192579999999999862e-01 -3.507109999999999950e-01 7.482270000000000587e-02 9.334900000000000420e-01 2.571999999999999842e-01
9.056969999999999743e-01 -2.084449999999999914e-01 3.691380000000000217e-01 -3.039470000000000227e-01 2.229349999999999943e-01 9.748269999999999991e-01 3.486229999999999885e-03 -3.154989999999999739e-01 -3.605720000000000036e-01 7.913610000000000089e-02 9.293679999999999719e-01 2.590959999999999930e-01
