1.000000000000000000e+00 2.053499999999999898e-23 -1.184179999999999913e-22 -6.818069999999999678e-23 -2.053499999999999898e-23 1.000000000000000000e+00 1.788870000000000032e-23 1.544579999999999906e-23 1.184179999999999913e-22 -1.788870000000000032e-23 1.000000000000000000e+00 -3.031950000000000076e-23
9.999970000000000248e-01 -2.161639999999999829e-03 6.852650000000000061e-04 -2.516640000000000110e-03 2.162100000000000133e-03 9.999970000000000248e-01 -6.680879999999999501e-04 8.169720000000000107e-04 -6.838190000000000067e-04 6.695680000000000512e-04 1.000000000000000000e+00 -6.697780000000000400e-03
9.999850000000000128e-01 -5.358370000000000320e-03 1.015339999999999993e-03 -3.139990000000000055e-03 5.358860000000000012e-03 9.999860000000000415e-01 -4.731709999999999866e-04 1.511569999999999895e-04 -1.012789999999999958e-03 4.786050000000000026e-04 9.999989999999999712e-01 -7.808700000000000016e-03
9.999700000000000255e-01 -7.388940000000000091e-03 2.197300000000000121e-03 -4.385100000000000282e-03 7.393489999999999958e-03 9.999710000000000543e-01 -2.066769999999999892e-03 9.584139999999999890e-04 -2.181970000000000090e-03 2.082950000000000079e-03 9.999949999999999672e-01 -1.014649999999999927e-02
9.999519999999999520e-01 -9.648810000000000719e-03 1.871330000000000042e-03 -4.761920000000000215e-03 9.655409999999999687e-03 9.999470000000000303e-01 -3.553370000000000140e-03 1.281859999999999901e-03 -1.836949999999999954e-03 3.571270000000000087e-03 9.999919999999999920e-01 -1.227190000000000052e-02
9.999500000000000055e-01 -9.808040000000000508e-03 2.154969999999999976e-03 -6.272289999999999810e-03 9.815429999999999988e-03 9.999460000000000015e-01 -3.445329999999999920e-03 1.369690000000000013e-03 -2.121060000000000133e-03 3.466309999999999791e-03 9.999919999999999920e-01 -1.276399999999999930e-02
9.999529999999999808e-01 -9.557210000000000011e-03 1.328420000000000078e-03 -7.320659999999999668e-03 9.560660000000000339e-03 9.999510000000000343e-01 -2.616260000000000027e-03 1.395610000000000036e-03 -1.303349999999999995e-03 2.628829999999999969e-03 9.999959999999999960e-01 -1.405939999999999968e-02
9.999749999999999472e-01 -6.968799999999999821e-03 6.788779999999999468e-04 -7.434760000000000327e-03 6.970340000000000216e-03 9.999730000000000008e-01 -2.292830000000000042e-03 1.784219999999999990e-03 -6.628810000000000388e-04 2.297510000000000004e-03 9.999970000000000248e-01 -1.431149999999999957e-02
9.999940000000000495e-01 -3.425489999999999785e-03 1.027389999999999987e-03 -6.987489999999999847e-03 3.428810000000000018e-03 9.999890000000000168e-01 -3.250750000000000167e-03 7.598690000000000392e-04 -1.016240000000000069e-03 3.254250000000000198e-03 9.999940000000000495e-01 -1.387090000000000024e-02
9.999959999999999960e-01 1.897909999999999994e-04 2.778629999999999815e-03 -7.403129999999999954e-03 -1.748900000000000010e-04 9.999860000000000415e-01 -5.362020000000000328e-03 -1.391980000000000012e-05 -2.779610000000000067e-03 5.361509999999999887e-03 9.999820000000000375e-01 -1.558080000000000055e-02
9.999919999999999920e-01 1.286459999999999904e-03 3.751089999999999893e-03 -7.268219999999999716e-03 -1.259010000000000077e-03 9.999719999999999720e-01 -7.313369999999999593e-03 5.923060000000000174e-04 -3.760400000000000114e-03 7.308590000000000225e-03 9.999660000000000215e-01 -1.650599999999999984e-02
9.999900000000000455e-01 2.780789999999999998e-03 3.471940000000000182e-03 -6.747239999999999835e-03 -2.756750000000000086e-03 9.999719999999999720e-01 -6.910140000000000379e-03 1.949789999999999911e-04 -3.491059999999999823e-03 6.900500000000000383e-03 9.999700000000000255e-01 -1.917229999999999976e-02
9.999839999999999840e-01 3.419249999999999980e-03 4.438179999999999903e-03 -7.554469999999999762e-03 -3.392130000000000145e-03 9.999759999999999760e-01 -6.103449999999999848e-03 -5.190229999999999670e-04 -4.458939999999999779e-03 6.088299999999999615e-03 9.999719999999999720e-01 -1.867500000000000063e-02
9.999829999999999552e-01 4.076139999999999798e-03 4.189960000000000385e-03 -8.153989999999999849e-03 -4.040440000000000177e-03 9.999559999999999560e-01 -8.494109999999999161e-03 -9.403560000000000477e-04 -4.224399999999999683e-03 8.477039999999999922e-03 9.999550000000000383e-01 -1.919890000000000138e-02
9.999639999999999640e-01 7.380020000000000156e-03 4.206989999999999862e-03 -7.479290000000000417e-03 -7.340720000000000231e-03 9.999299999999999855e-01 -9.282949999999999882e-03 -4.151630000000000229e-04 -4.275199999999999834e-03 9.251729999999999676e-03 9.999479999999999480e-01 -2.190939999999999901e-02
9.999529999999999808e-01 8.899489999999999484e-03 3.894359999999999922e-03 -6.847040000000000418e-03 -8.865440000000000473e-03 9.999230000000000063e-01 -8.675360000000000016e-03 -6.879519999999999483e-05 -3.971269999999999835e-03 8.640419999999999351e-03 9.999550000000000383e-01 -2.146549999999999847e-02
9.999369999999999647e-01 9.988240000000000660e-03 5.135970000000000119e-03 -7.367460000000000155e-03 -9.947140000000000148e-03 9.999190000000000023e-01 -7.966000000000000858e-03 1.989910000000000062e-04 -5.215120000000000172e-03 7.914410000000000195e-03 9.999550000000000383e-01 -2.171630000000000088e-02
9.999179999999999735e-01 1.138049999999999999e-02 5.947270000000000161e-03 -7.240710000000000028e-03 -1.134220000000000020e-02 9.999149999999999983e-01 -6.440730000000000413e-03 -3.566339999999999875e-04 -6.020069999999999762e-03 6.372749999999999942e-03 9.999620000000000175e-01 -2.210029999999999981e-02
9.999019999999999575e-01 1.232499999999999915e-02 6.612159999999999739e-03 -6.939240000000000165e-03 -1.228289999999999937e-02 9.999040000000000150e-01 -6.367300000000000217e-03 -2.120420000000000030e-03 -6.690009999999999707e-03 6.285459999999999658e-03 9.999580000000000135e-01 -2.261399999999999869e-02
9.998890000000000278e-01 1.291789999999999952e-02 7.468899999999999671e-03 -5.150629999999999792e-03 -1.286299999999999943e-02 9.998899999999999455e-01 -7.348730000000000366e-03 -2.212969999999999868e-03 -7.563010000000000219e-03 7.251839999999999849e-03 9.999449999999999728e-01 -2.287650000000000100e-02
9.998620000000000285e-01 1.331970000000000029e-02 9.954640000000000710e-03 -4.666710000000000129e-03 -1.324840000000000045e-02 9.998860000000000525e-01 -7.199269999999999801e-03 -1.982700000000000001e-03 -1.004940000000000000e-02 7.066389999999999651e-03 9.999249999999999527e-01 -2.381049999999999833e-02
9.998650000000000038e-01 1.133140000000000015e-02 1.186019999999999956e-02 -4.453450000000000290e-03 -1.126680000000000043e-02 9.999209999999999487e-01 -5.498949999999999845e-03 -3.243150000000000199e-03 -1.192159999999999921e-02 5.364579999999999869e-03 9.999149999999999983e-01 -2.464639999999999886e-02
9.998799999999999910e-01 9.040660000000000709e-03 1.261499999999999948e-02 -4.307090000000000397e-03 -8.974440000000000195e-03 9.999460000000000015e-01 -5.296409999999999660e-03 -2.779639999999999889e-03 -1.266220000000000019e-02 5.182560000000000118e-03 9.999059999999999615e-01 -2.505910000000000082e-02
9.998960000000000070e-01 7.550150000000000264e-03 1.229799999999999990e-02 -6.456719999999999994e-03 -7.531440000000000357e-03 9.999700000000000255e-01 -1.566770000000000098e-03 -3.872609999999999855e-03 -1.230949999999999926e-02 1.473989999999999892e-03 9.999230000000000063e-01 -2.719070000000000167e-02
9.999099999999999655e-01 9.470750000000000002e-03 9.521319999999999784e-03 -8.105009999999999298e-03 -9.496189999999999840e-03 9.999510000000000343e-01 2.630239999999999835e-03 -5.130749999999999894e-03 -9.495939999999999589e-03 -2.720419999999999870e-03 9.999510000000000343e-01 -2.637110000000000148e-02
9.998770000000000158e-01 1.338439999999999942e-02 8.187689999999999205e-03 -9.621799999999999797e-03 -1.341529999999999979e-02 9.999029999999999863e-01 3.729960000000000046e-03 -5.520249999999999983e-03 -8.136970000000000314e-03 -3.839340000000000114e-03 9.999599999999999600e-01 -2.589239999999999944e-02
9.997810000000000308e-01 1.929880000000000137e-02 8.098740000000000105e-03 -1.040259999999999969e-02 -1.933349999999999999e-02 9.998040000000000260e-01 4.230600000000000159e-03 -6.311520000000000151e-03 -8.015509999999999996e-03 -4.386250000000000392e-03 9.999580000000000135e-01 -2.598690000000000028e-02
9.996209999999999818e-01 2.600709999999999827e-02 9.048439999999999608e-03 -1.173699999999999917e-02 -2.605470000000000008e-02 9.996469999999999523e-01 5.182499999999999607e-03 -6.788899999999999622e-03 -8.910460000000000255e-03 -5.416289999999999820e-03 9.999460000000000015e-01 -2.436620000000000105e-02
9.995020000000000016e-01 2.932759999999999881e-02 1.165850000000000046e-02 -1.345320000000000023e-02 -2.941200000000000064e-02 9.995420000000000416e-01 7.138760000000000071e-03 -8.987329999999999972e-03 -1.144380000000000050e-02 -7.478099999999999678e-03 9.999069999999999903e-01 -2.314180000000000056e-02
9.993999999999999551e-01 3.084320000000000117e-02 1.578009999999999829e-02 -1.602620000000000086e-02 -3.095030000000000003e-02 9.994990000000000263e-01 6.592599999999999676e-03 -1.101300000000000022e-02 -1.556890000000000010e-02 -7.077039999999999720e-03 9.998540000000000205e-01 -2.181490000000000165e-02
9.993509999999999893e-01 3.068519999999999928e-02 1.884250000000000161e-02 -1.799960000000000102e-02 -3.080159999999999842e-02 9.995079999999999520e-01 5.918070000000000101e-03 -1.449399999999999994e-02 -1.865170000000000022e-02 -6.494609999999999619e-03 9.998050000000000548e-01 -2.101659999999999986e-02
9.993250000000000188e-01 2.921469999999999970e-02 2.228420000000000054e-02 -1.974060000000000051e-02 -2.928220000000000128e-02 9.995680000000000121e-01 2.706469999999999883e-03 -1.640329999999999913e-02 -2.219549999999999995e-02 -3.357170000000000033e-03 9.997479999999999700e-01 -2.166929999999999898e-02
9.992680000000000451e-01 2.714739999999999862e-02 2.694480000000000139e-02 -2.280209999999999876e-02 -2.717589999999999936e-02 9.996300000000000185e-01 6.905830000000000388e-04 -1.788000000000000006e-02 -2.691609999999999836e-02 -1.422330000000000079e-03 9.996369999999999978e-01 -2.082540000000000086e-02
9.991750000000000353e-01 2.436750000000000027e-02 3.247959999999999736e-02 -2.687010000000000093e-02 -2.440370000000000039e-02 9.997019999999999795e-01 7.168059999999999536e-04 -1.912049999999999861e-02 -3.245239999999999930e-02 -1.508840000000000008e-03 9.994720000000000271e-01 -2.068769999999999984e-02
9.990320000000000311e-01 2.179029999999999856e-02 3.822149999999999853e-02 -3.091129999999999919e-02 -2.190109999999999973e-02 9.997570000000000068e-01 2.481709999999999819e-03 -2.091729999999999978e-02 -3.815810000000000035e-02 -3.316400000000000164e-03 9.992659999999999876e-01 -1.762460000000000068e-02
9.988160000000000371e-01 2.000619999999999829e-02 4.435179999999999678e-02 -3.443390000000000339e-02 -2.019910000000000108e-02 9.997880000000000100e-01 3.904519999999999866e-03 -2.305859999999999854e-02 -4.426429999999999948e-02 -4.795759999999999607e-03 9.990080000000000071e-01 -1.656880000000000158e-02
9.985049999999999759e-01 1.825009999999999827e-02 5.153110000000000329e-02 -3.821490000000000303e-02 -1.863880000000000051e-02 9.998010000000000508e-01 7.072730000000000163e-03 -2.444699999999999998e-02 -5.139169999999999849e-02 -8.022629999999999345e-03 9.986460000000000337e-01 -1.709930000000000130e-02
9.981079999999999952e-01 1.669870000000000035e-02 5.917540000000000300e-02 -4.250519999999999993e-02 -1.732099999999999959e-02 9.998000000000000220e-01 1.001969999999999944e-02 -2.584219999999999920e-02 -5.899619999999999864e-02 -1.102569999999999939e-02 9.981970000000000010e-01 -1.283890000000000031e-02
9.975880000000000303e-01 1.607690000000000161e-02 6.752210000000000156e-02 -4.677520000000000289e-02 -1.687069999999999889e-02 9.997949999999999893e-01 1.120340000000000051e-02 -2.869479999999999947e-02 -6.732810000000000183e-02 -1.231559999999999946e-02 9.976549999999999585e-01 -1.146589999999999936e-02
9.969670000000000476e-01 1.639010000000000120e-02 7.607510000000000661e-02 -5.093029999999999780e-02 -1.736779999999999921e-02 9.997749999999999693e-01 1.220760000000000074e-02 -3.193150000000000155e-02 -7.585790000000000588e-02 -1.349189999999999938e-02 9.970269999999999966e-01 -9.772579999999999462e-03
9.962999999999999634e-01 1.552229999999999929e-02 8.452450000000000241e-02 -5.674049999999999927e-02 -1.660829999999999945e-02 9.997880000000000100e-01 1.216040000000000003e-02 -3.420630000000000198e-02 -8.431779999999999831e-02 -1.351920000000000031e-02 9.963469999999999827e-01 -8.628989999999999577e-03
9.956770000000000342e-01 1.357940000000000015e-02 9.188019999999999521e-02 -6.162349999999999772e-02 -1.490529999999999980e-02 9.997939999999999605e-01 1.376020000000000021e-02 -3.623049999999999882e-02 -9.167450000000000598e-02 -1.507020000000000061e-02 9.956749999999999767e-01 -7.231310000000000342e-03
9.950189999999999868e-01 1.258360000000000034e-02 9.888310000000000155e-02 -6.820410000000000361e-02 -1.416869999999999935e-02 9.997819999999999485e-01 1.534480000000000045e-02 -4.064369999999999788e-02 -9.866850000000000620e-02 -1.666940000000000088e-02 9.949810000000000043e-01 -4.738929999999999705e-03
9.945089999999999764e-01 9.242230000000000584e-03 1.042410000000000003e-01 -7.308270000000000044e-02 -1.086529999999999961e-02 9.998280000000000500e-01 1.501279999999999976e-02 -4.394990000000000008e-02 -1.040849999999999970e-01 -1.606300000000000089e-02 9.944389999999999619e-01 -5.031930000000000430e-03
9.939970000000000194e-01 4.885470000000000264e-03 1.093019999999999964e-01 -7.771909999999999930e-02 -6.628189999999999950e-03 9.998569999999999958e-01 1.558630000000000085e-02 -4.468369999999999981e-02 -1.092110000000000025e-01 -1.621720000000000106e-02 9.938860000000000472e-01 -3.952070000000000236e-03
9.934420000000000472e-01 6.708649999999999813e-04 1.143389999999999962e-01 -8.312920000000000031e-02 -2.681549999999999993e-03 9.998439999999999550e-01 1.743240000000000067e-02 -4.699740000000000167e-02 -1.143099999999999949e-01 -1.762470000000000009e-02 9.932889999999999775e-01 -3.098270000000000191e-03
9.926509999999999501e-01 -2.533070000000000113e-03 1.209879999999999983e-01 -8.933220000000000049e-02 3.543369999999999788e-04 9.998369999999999758e-01 1.802590000000000095e-02 -5.124599999999999989e-02 -1.210139999999999966e-01 -1.785060000000000119e-02 9.924899999999999833e-01 -4.063769999999999888e-05
9.917399999999999549e-01 -5.527009999999999736e-03 1.281430000000000069e-01 -9.471499999999999364e-02 3.627909999999999816e-03 9.998799999999999910e-01 1.504879999999999933e-02 -5.283500000000000002e-02 -1.282109999999999916e-01 -1.445959999999999954e-02 9.916409999999999947e-01 2.383440000000000124e-03
9.906869999999999843e-01 -9.680390000000000522e-03 1.358139999999999903e-01 -1.019869999999999943e-01 7.990290000000000586e-03 9.998839999999999950e-01 1.298380000000000020e-02 -5.655260000000000148e-02 -1.359239999999999893e-01 -1.177770000000000032e-02 9.906490000000000018e-01 5.266269999999999979e-03
9.896740000000000537e-01 -7.081030000000000310e-03 1.431580000000000075e-01 -1.100600000000000050e-01 6.479880000000000362e-03 9.999679999999999680e-01 4.665029999999999698e-03 -5.551439999999999847e-02 -1.431870000000000087e-01 -3.689219999999999999e-03 9.896890000000000409e-01 6.511509999999999868e-03
9.887890000000000290e-01 -2.543759999999999945e-03 1.492979999999999863e-01 -1.169690000000000035e-01 2.727760000000000080e-03 9.999959999999999960e-01 -1.027700000000000098e-03 -5.708909999999999679e-02 -1.492950000000000110e-01 1.423430000000000051e-03 9.887920000000000043e-01 9.922550000000000467e-03
9.880470000000000086e-01 -1.445620000000000108e-03 1.541430000000000022e-01 -1.216560000000000002e-01 2.545710000000000073e-03 9.999730000000000008e-01 -6.939650000000000332e-03 -5.770419999999999716e-02 -1.541289999999999882e-01 7.249109999999999582e-03 9.880240000000000133e-01 1.043769999999999941e-02
9.868890000000000162e-01 -2.088630000000000174e-03 1.613890000000000047e-01 -1.270840000000000025e-01 3.547030000000000061e-03 9.999550000000000383e-01 -8.748989999999999892e-03 -5.787110000000000171e-02 -1.613640000000000074e-01 9.206729999999999775e-03 9.868519999999999515e-01 1.206119999999999935e-02
9.853739999999999721e-01 -4.939329999999999589e-03 1.703320000000000112e-01 -1.344110000000000027e-01 6.379049999999999825e-03 9.999479999999999480e-01 -7.906140000000000737e-03 -5.747220000000000106e-02 -1.702839999999999909e-01 8.877070000000000793e-03 9.853549999999999809e-01 1.539809999999999963e-02
9.839020000000000543e-01 -7.583290000000000343e-03 1.785470000000000113e-01 -1.423230000000000051e-01 8.513450000000000531e-03 9.999540000000000095e-01 -4.443990000000000093e-03 -5.993930000000000091e-02 -1.785049999999999970e-01 5.892500000000000168e-03 9.839210000000000456e-01 1.718389999999999848e-02
9.825829999999999842e-01 -1.102769999999999966e-02 1.854949999999999932e-01 -1.487320000000000031e-01 1.139070000000000013e-02 9.999350000000000183e-01 -8.914399999999999625e-04 -6.314989999999999493e-02 -1.854729999999999990e-01 2.988820000000000105e-03 9.826449999999999907e-01 1.985759999999999956e-02
9.811600000000000321e-01 -1.459120000000000035e-02 1.926450000000000107e-01 -1.565199999999999925e-01 1.452479999999999917e-02 9.998930000000000318e-01 1.757099999999999938e-03 -6.587830000000000075e-02 -1.926499999999999879e-01 1.074129999999999963e-03 9.812670000000000003e-01 2.239319999999999852e-02
9.799839999999999662e-01 -1.930720000000000006e-02 1.981380000000000086e-01 -1.636529999999999929e-01 1.934260000000000146e-02 9.998110000000000053e-01 1.756809999999999925e-03 -6.784669999999999590e-02 -1.981340000000000046e-01 2.110840000000000112e-03 9.801729999999999610e-01 2.460439999999999849e-02
9.791499999999999648e-01 -2.421999999999999847e-02 2.016910000000000092e-01 -1.709360000000000046e-01 2.419889999999999888e-02 9.997040000000000370e-01 2.570330000000000011e-03 -7.104649999999999854e-02 -2.016940000000000122e-01 2.363979999999999901e-03 9.794460000000000388e-01 2.559039999999999926e-02
9.783300000000000329e-01 -3.081100000000000158e-02 2.047460000000000113e-01 -1.785150000000000070e-01 3.057429999999999870e-02 9.995230000000000503e-01 4.320009999999999996e-03 -7.427110000000000656e-02 -2.047819999999999918e-01 2.033580000000000110e-03 9.788059999999999539e-01 2.544060000000000071e-02
9.777829999999999577e-01 -3.480479999999999685e-02 2.067100000000000048e-01 -1.864979999999999971e-01 3.409949999999999787e-02 9.993940000000000046e-01 6.975059999999999941e-03 -7.557179999999999453e-02 -2.068280000000000118e-01 2.286160000000000080e-04 9.783770000000000522e-01 2.977669999999999970e-02
9.772579999999999600e-01 -3.654269999999999741e-02 2.088790000000000091e-01 -1.941730000000000123e-01 3.555300000000000127e-02 9.993319999999999981e-01 8.491860000000000380e-03 -7.665950000000000542e-02 -2.090500000000000136e-01 -8.724479999999999518e-04 9.779050000000000242e-01 3.180899999999999700e-02
9.770619999999999861e-01 -4.206089999999999829e-02 2.087620000000000031e-01 -1.994489999999999874e-01 4.038839999999999791e-02 9.991090000000000249e-01 1.226990000000000025e-02 -8.238629999999999565e-02 -2.090920000000000001e-01 -3.556899999999999992e-03 9.778900000000000370e-01 3.285049999999999776e-02
9.767630000000000479e-01 -4.509479999999999739e-02 2.095249999999999890e-01 -2.047819999999999918e-01 4.385619999999999796e-02 9.989820000000000366e-01 1.055619999999999996e-02 -8.430529999999999968e-02 -2.097880000000000023e-01 -1.121919999999999992e-03 9.777460000000000040e-01 3.764440000000000147e-02
9.760579999999999812e-01 -4.890579999999999927e-02 2.119409999999999905e-01 -2.115569999999999951e-01 4.790029999999999982e-02 9.988029999999999964e-01 9.879330000000000403e-03 -8.759459999999999469e-02 -2.121709999999999985e-01 5.092469999999999983e-04 9.772330000000000183e-01 3.811230000000000173e-02
9.751640000000000308e-01 -5.003479999999999733e-02 2.157580000000000053e-01 -2.176420000000000021e-01 4.939020000000000216e-02 9.987439999999999651e-01 8.381859999999999658e-03 -8.918420000000000514e-02 -2.159069999999999878e-01 2.482649999999999874e-03 9.764110000000000289e-01 4.060140000000000277e-02
9.743439999999999879e-01 -5.029859999999999887e-02 2.193720000000000114e-01 -2.225310000000000066e-01 5.024359999999999937e-02 9.987200000000000522e-01 5.833080000000000036e-03 -8.982740000000000169e-02 -2.193839999999999957e-01 5.338599999999999769e-03 9.756240000000000467e-01 4.350219999999999781e-02
9.734530000000000127e-01 -5.160939999999999972e-02 2.229909999999999948e-01 -2.292500000000000093e-01 5.187680000000000069e-02 9.986429999999999474e-01 4.662570000000000429e-03 -9.408600000000000296e-02 -2.229289999999999883e-01 7.029259999999999849e-03 9.748090000000000366e-01 4.473730000000000068e-02
9.725009999999999488e-01 -5.094289999999999929e-02 2.272589999999999888e-01 -2.354430000000000134e-01 5.205549999999999761e-02 9.986439999999999761e-01 1.098900000000000094e-03 -9.661790000000000656e-02 -2.270069999999999866e-01 1.076140000000000083e-02 9.738339999999999774e-01 4.655639999999999779e-02
9.714030000000000165e-01 -5.004519999999999802e-02 2.321040000000000048e-01 -2.431369999999999920e-01 5.242449999999999888e-02 9.986169999999999769e-01 -4.090200000000000433e-03 -9.482930000000000526e-02 -2.315790000000000071e-01 1.614120000000000138e-02 9.726820000000000466e-01 5.104550000000000060e-02
9.705249999999999710e-01 -5.187119999999999925e-02 2.353510000000000046e-01 -2.475019999999999998e-01 5.406790000000000207e-02 9.985330000000000039e-01 -2.885609999999999824e-03 -9.821969999999999312e-02 -2.348560000000000092e-01 1.552549999999999937e-02 9.719060000000000477e-01 4.987239999999999729e-02
9.695319999999999494e-01 -5.379950000000000010e-02 2.389830000000000010e-01 -2.540669999999999873e-01 5.589090000000000030e-02 9.984349999999999614e-01 -1.978129999999999819e-03 -1.008740000000000053e-01 -2.385029999999999928e-01 1.527489999999999924e-02 9.710220000000000518e-01 5.016269999999999757e-02
9.686580000000000190e-01 -5.380929999999999741e-02 2.425009999999999943e-01 -2.593670000000000142e-01 5.605489999999999778e-02 9.984250000000000069e-01 -2.365089999999999814e-03 -1.013349999999999945e-01 -2.419910000000000116e-01 1.588430000000000050e-02 9.701480000000000103e-01 5.229890000000000233e-02
9.675449999999999884e-01 -5.503860000000000002e-02 2.466339999999999921e-01 -2.633329999999999838e-01 5.761659999999999698e-02 9.983340000000000547e-01 -3.242849999999999813e-03 -1.027649999999999952e-01 -2.460440000000000127e-01 1.734780000000000003e-02 9.691030000000000477e-01 5.300839999999999719e-02
9.657930000000000126e-01 -5.778330000000000272e-02 2.527949999999999919e-01 -2.693639999999999923e-01 6.052500000000000241e-02 9.981619999999999937e-01 -3.075459999999999913e-03 -1.023590000000000055e-01 -2.521530000000000160e-01 1.827070000000000083e-02 9.675150000000000139e-01 5.559680000000000177e-02
9.640889999999999738e-01 -6.020520000000000038e-02 2.586649999999999783e-01 -2.759730000000000238e-01 6.252499999999999725e-02 9.980430000000000135e-01 -7.435750000000000085e-04 -1.041809999999999958e-01 -2.581140000000000101e-01 1.688989999999999936e-02 9.659670000000000201e-01 5.535469999999999974e-02
9.625960000000000072e-01 -6.428499999999999492e-02 2.632030000000000203e-01 -2.824389999999999956e-01 6.592380000000000462e-02 9.978209999999999580e-01 2.609799999999999794e-03 -1.060949999999999949e-01 -2.627979999999999761e-01 1.483920000000000031e-02 9.647369999999999557e-01 5.291789999999999689e-02
9.612810000000000521e-01 -6.922620000000000162e-02 2.667320000000000246e-01 -2.867239999999999789e-01 7.011739999999999640e-02 9.975199999999999623e-01 6.193009999999999661e-03 -1.066620000000000068e-01 -2.664989999999999859e-01 1.274929999999999987e-02 9.637510000000000243e-01 5.297190000000000232e-02
9.599640000000000395e-01 -7.267859999999999598e-02 2.705310000000000215e-01 -2.923520000000000008e-01 7.297560000000000158e-02 9.972929999999999851e-01 8.975020000000000220e-03 -1.076089999999999963e-01 -2.704509999999999970e-01 1.112639999999999983e-02 9.626689999999999969e-01 5.312170000000000086e-02
9.586519999999999486e-01 -7.848900000000000321e-02 2.735420000000000074e-01 -2.977360000000000007e-01 7.812410000000000188e-02 9.968679999999999763e-01 1.224420000000000022e-02 -1.090340000000000059e-01 -2.736460000000000004e-01 9.632250000000000187e-03 9.617820000000000258e-01 5.113630000000000259e-02
9.574500000000000233e-01 -8.095620000000000593e-02 2.770130000000000092e-01 -3.050320000000000253e-01 8.005579999999999641e-02 9.966840000000000144e-01 1.457780000000000013e-02 -1.079979999999999968e-01 -2.772749999999999937e-01 8.218990000000000670e-03 9.607550000000000257e-01 5.222920000000000340e-02
9.564890000000000336e-01 -8.637359999999999483e-02 2.786910000000000220e-01 -3.126780000000000115e-01 8.369680000000000175e-02 9.962590000000000057e-01 2.151290000000000147e-02 -1.089100000000000068e-01 -2.795070000000000054e-01 2.748720000000000070e-03 9.601399999999999935e-01 5.027890000000000137e-02
9.558579999999999854e-01 -9.488679999999999337e-02 2.780859999999999999e-01 -3.181209999999999871e-01 9.054009999999999836e-02 9.954859999999999820e-01 2.846239999999999881e-02 -1.105929999999999969e-01 -2.795320000000000027e-01 -2.028049999999999992e-03 9.601340000000000430e-01 4.868990000000000123e-02
9.557010000000000227e-01 -9.852679999999999771e-02 2.773579999999999934e-01 -3.242659999999999987e-01 9.313359999999999694e-02 9.951200000000000045e-01 3.258620000000000266e-02 -1.073800000000000032e-01 -2.792160000000000197e-01 -5.311279999999999821e-03 9.602140000000000120e-01 5.339700000000000002e-02
9.555420000000000025e-01 -1.062040000000000067e-01 2.750630000000000019e-01 -3.296689999999999898e-01 9.873490000000000044e-02 9.942729999999999624e-01 4.090130000000000154e-02 -1.116609999999999964e-01 -2.778320000000000234e-01 -1.192460000000000048e-02 9.605559999999999654e-01 5.258299999999999780e-02
9.553390000000000493e-01 -1.090030000000000027e-01 2.746739999999999737e-01 -3.365429999999999811e-01 1.001299999999999968e-01 9.939029999999999809e-01 4.616470000000000296e-02 -1.130619999999999958e-01 -2.780320000000000014e-01 -1.659980000000000136e-02 9.604279999999999484e-01 5.386409999999999809e-02
9.555970000000000297e-01 -1.051689999999999986e-01 2.752709999999999879e-01 -3.386989999999999723e-01 9.589770000000000238e-02 9.942830000000000279e-01 4.696550000000000030e-02 -1.064539999999999931e-01 -2.786359999999999948e-01 -1.848220000000000071e-02 9.602190000000000447e-01 6.509420000000000484e-02
9.545940000000000536e-01 -1.108279999999999960e-01 2.765279999999999960e-01 -3.435659999999999825e-01 1.000230000000000008e-01 9.935770000000000435e-01 5.292380000000000001e-02 -1.091170000000000057e-01 -2.806170000000000053e-01 -2.286140000000000047e-02 9.595470000000000388e-01 6.804910000000000125e-02
9.537879999999999692e-01 -1.118470000000000020e-01 2.788889999999999980e-01 -3.481000000000000205e-01 1.003620000000000068e-01 9.934199999999999697e-01 5.517400000000000082e-02 -1.059829999999999939e-01 -2.832250000000000045e-01 -2.463440000000000074e-02 9.587369999999999504e-01 7.343689999999999940e-02
9.519760000000000444e-01 -1.233869999999999967e-01 2.802080000000000126e-01 -3.526750000000000163e-01 1.089529999999999943e-01 9.918150000000000022e-01 6.657910000000000217e-02 -1.137210000000000026e-01 -2.861290000000000222e-01 -3.285210000000000213e-02 9.576280000000000348e-01 7.488649999999999474e-02
9.499140000000000361e-01 -1.294730000000000047e-01 2.844309999999999894e-01 -3.577290000000000192e-01 1.140319999999999945e-01 9.909890000000000088e-01 7.026590000000000613e-02 -1.139750000000000069e-01 -2.909660000000000024e-01 -3.431229999999999697e-02 9.561180000000000234e-01 7.966929999999999845e-02
9.473709999999999631e-01 -1.368890000000000107e-01 2.893959999999999866e-01 -3.611969999999999903e-01 1.199569999999999942e-01 9.899010000000000309e-01 7.554439999999999766e-02 -1.150439999999999935e-01 -2.968140000000000223e-01 -3.685349999999999737e-02 9.542239999999999611e-01 9.124549999999999328e-02
9.442749999999999755e-01 -1.487960000000000116e-01 2.936070000000000069e-01 -3.639839999999999742e-01 1.325070000000000137e-01 9.883610000000000451e-01 7.472959999999999325e-02 -1.224090000000000039e-01 -3.013089999999999935e-01 -3.166030000000000233e-02 9.530009999999999870e-01 9.580160000000000065e-02
9.417569999999999553e-01 -1.512600000000000056e-01 3.003560000000000119e-01 -3.688029999999999919e-01 1.375649999999999928e-01 9.882670000000000066e-01 6.636240000000000194e-02 -1.255419999999999869e-01 -3.068699999999999761e-01 -2.117870000000000169e-02 9.515160000000000284e-01 1.004639999999999977e-01
9.375499999999999945e-01 -1.571950000000000014e-01 3.103069999999999995e-01 -3.742500000000000271e-01 1.445799999999999863e-01 9.874600000000000044e-01 6.339889999999999415e-02 -1.275600000000000067e-01 -3.163810000000000233e-01 -1.457559999999999932e-02 9.485200000000000298e-01 1.058459999999999956e-01
9.330800000000000205e-01 -1.617210000000000036e-01 3.212590000000000168e-01 -3.786889999999999978e-01 1.497140000000000137e-01 9.867890000000000272e-01 6.191060000000000313e-02 -1.287540000000000073e-01 -3.270270000000000121e-01 -9.670559999999999920e-03 9.449659999999999727e-01 1.152760000000000035e-01
9.285980000000000345e-01 -1.661860000000000004e-01 3.317959999999999798e-01 -3.846829999999999972e-01 1.543970000000000065e-01 9.860750000000000348e-01 6.178340000000000221e-02 -1.374450000000000116e-01 -3.374440000000000217e-01 -6.143619999999999810e-03 9.413259999999999961e-01 1.214409999999999934e-01
9.245090000000000252e-01 -1.661559999999999981e-01 3.430380000000000096e-01 -3.931700000000000195e-01 1.564909999999999912e-01 9.860970000000000013e-01 5.588039999999999674e-02 -1.376340000000000063e-01 -3.475539999999999741e-01 2.020459999999999964e-03 9.376579999999999915e-01 1.266289999999999916e-01
9.213090000000000446e-01 -1.681149999999999867e-01 3.506090000000000040e-01 -3.974550000000000027e-01 1.585959999999999870e-01 9.857590000000000519e-01 5.591840000000000005e-02 -1.341819999999999957e-01 -3.550170000000000270e-01 4.087050000000000058e-03 9.348509999999999875e-01 1.332540000000000113e-01
9.173980000000000468e-01 -1.732670000000000043e-01 3.582719999999999794e-01 -4.035059999999999758e-01 1.614730000000000054e-01 9.848749999999999449e-01 6.283239999999999659e-02 -1.346380000000000077e-01 -3.637400000000000078e-01 2.089310000000000093e-04 9.314999999999999947e-01 1.404640000000000055e-01
9.134029999999999649e-01 -1.820199999999999874e-01 3.640930000000000000e-01 -4.081230000000000135e-01 1.666140000000000121e-01 9.832729999999999526e-01 7.357909999999999451e-02 -1.410160000000000025e-01 -3.713949999999999751e-01 -6.544580000000000362e-03 9.284520000000000550e-01 1.424410000000000120e-01
9.107399999999999940e-01 -1.831450000000000022e-01 3.701490000000000058e-01 -4.115960000000000174e-01 1.653590000000000060e-01 9.830219999999999514e-01 7.952679999999999472e-02 -1.427730000000000110e-01 -3.784290000000000154e-01 -1.122079999999999952e-02 9.255619999999999958e-01 1.477590000000000015e-01
9.084299999999999597e-01 -1.844629999999999881e-01 3.751369999999999982e-01 -4.176659999999999817e-01 1.654599999999999960e-01 9.827540000000000164e-01 8.256550000000000000e-02 -1.486310000000000131e-01 -3.838980000000000170e-01 -1.293500000000000032e-02 9.232850000000000223e-01 1.493579999999999908e-01
9.061620000000000230e-01 -1.849200000000000010e-01 3.803619999999999779e-01 -4.243410000000000237e-01 1.651269999999999960e-01 9.826589999999999492e-01 8.434369999999999368e-02 -1.501639999999999919e-01 -3.893630000000000146e-01 -1.362099999999999943e-02 9.209840000000000249e-01 1.539520000000000055e-01
9.027709999999999901e-01 -1.908829999999999971e-01 3.854449999999999821e-01 -4.337150000000000172e-01 1.689319999999999988e-01 9.814739999999999576e-01 9.038690000000000613e-02 -1.542449999999999932e-01 -3.955569999999999919e-01 -1.648470000000000144e-02 9.182930000000000259e-01 1.561809999999999865e-01
9.011569999999999858e-01 -1.971860000000000002e-01 3.860500000000000043e-01 -4.416959999999999775e-01 1.725319999999999909e-01 9.801279999999999992e-01 9.788779999999999704e-02 -1.584319999999999895e-01 -3.976799999999999780e-01 -2.160650000000000071e-02 9.172700000000000298e-01 1.583199999999999885e-01
9.013849999999999918e-01 -1.991950000000000109e-01 3.844830000000000192e-01 -4.487559999999999882e-01 1.730899999999999939e-01 9.796369999999999800e-01 1.017399999999999971e-01 -1.590920000000000112e-01 -3.969199999999999950e-01 -2.515699999999999881e-02 9.175090000000000190e-01 1.642550000000000121e-01
9.016349999999999643e-01 -2.057329999999999992e-01 3.804310000000000191e-01 -4.528969999999999940e-01 1.774040000000000061e-01 9.781370000000000342e-01 1.085139999999999993e-01 -1.650890000000000135e-01 -3.944380000000000108e-01 -3.035059999999999841e-02 9.184210000000000429e-01 1.685830000000000106e-01
9.018279999999999630e-01 -2.068790000000000073e-01 3.793500000000000205e-01 -4.571339999999999848e-01 1.776580000000000104e-01 9.778219999999999690e-01 1.109099999999999947e-01 -1.700820000000000110e-01 -3.938820000000000099e-01 -3.262729999999999797e-02 9.185820000000000096e-01 1.712760000000000116e-01
9.015560000000000240e-01 -2.065690000000000026e-01 3.801649999999999752e-01 -4.612700000000000133e-01 1.773069999999999924e-01 9.778900000000000370e-01 1.108729999999999993e-01 -1.718189999999999995e-01 -3.946629999999999860e-01 -3.255179999999999879e-02 9.182489999999999819e-01 1.731850000000000056e-01
8.993999999999999773e-01 -2.106230000000000047e-01 3.830379999999999896e-01 -4.692819999999999769e-01 1.797090000000000076e-01 9.769480000000000386e-01 1.152289999999999981e-01 -1.729690000000000116e-01 -3.984779999999999989e-01 -3.480110000000000148e-02 9.165170000000000261e-01 1.764840000000000020e-01
8.982740000000000169e-01 -2.098339999999999927e-01 3.860999999999999988e-01 -4.744439999999999769e-01 1.773609999999999909e-01 9.770050000000000123e-01 1.183359999999999967e-01 -1.698260000000000047e-01 -4.020529999999999937e-01 -3.781930000000000014e-02 9.148349999999999538e-01 1.865930000000000089e-01
8.981540000000000079e-01 -2.115420000000000078e-01 3.854469999999999841e-01 -4.766790000000000194e-01 1.772469999999999879e-01 9.764639999999999986e-01 1.228910000000000002e-01 -1.726370000000000127e-01 -4.023720000000000074e-01 -4.205509999999999804e-02 9.145100000000000451e-01 1.902560000000000084e-01
8.964140000000000441e-01 -2.133200000000000096e-01 3.885069999999999912e-01 -4.821489999999999942e-01 1.771099999999999897e-01 9.759349999999999969e-01 1.272099999999999898e-01 -1.762960000000000083e-01 -4.062939999999999885e-01 -4.522459999999999675e-02 9.126229999999999620e-01 1.928030000000000022e-01
8.934569999999999457e-01 -2.180199999999999916e-01 3.926850000000000063e-01 -4.873560000000000114e-01 1.795740000000000114e-01 9.747649999999999926e-01 1.326160000000000116e-01 -1.798200000000000076e-01 -4.116879999999999984e-01 -4.797110000000000263e-02 9.100610000000000088e-01 1.953169999999999906e-01
8.900569999999999871e-01 -2.213459999999999872e-01 3.985020000000000229e-01 -4.929790000000000005e-01 1.799709999999999921e-01 9.738109999999999822e-01 1.389330000000000009e-01 -1.819880000000000109e-01 -4.188180000000000236e-01 -5.193910000000000193e-02 9.065839999999999455e-01 2.010959999999999970e-01
8.868580000000000352e-01 -2.248519999999999963e-01 4.036399999999999988e-01 -4.980990000000000140e-01 1.813649999999999984e-01 9.728930000000000078e-01 1.434749999999999914e-01 -1.837429999999999897e-01 -4.249589999999999756e-01 -5.403560000000000307e-02 9.035980000000000123e-01 2.057420000000000082e-01
8.822699999999999987e-01 -2.342220000000000135e-01 4.083370000000000055e-01 -5.040900000000000380e-01 1.878569999999999962e-01 9.705489999999999950e-01 1.508140000000000036e-01 -1.885529999999999984e-01 -4.316349999999999909e-01 -5.634979999999999850e-02 9.002869999999999484e-01 2.079959999999999865e-01
8.764760000000000328e-01 -2.443770000000000109e-01 4.148120000000000140e-01 -5.069930000000000270e-01 1.946589999999999987e-01 9.679119999999999946e-01 1.589170000000000027e-01 -1.923940000000000095e-01 -4.403369999999999784e-01 -5.853970000000000007e-02 8.959219999999999962e-01 2.117459999999999898e-01
8.695119999999999516e-01 -2.529560000000000142e-01 4.242190000000000127e-01 -5.097429999999999461e-01 1.999609999999999999e-01 9.656489999999999796e-01 1.659480000000000122e-01 -1.974259999999999904e-01 -4.516240000000000254e-01 -5.946649999999999853e-02 8.902250000000000441e-01 2.168470000000000120e-01
8.621360000000000134e-01 -2.600540000000000074e-01 4.348489999999999855e-01 -5.164659999999999807e-01 2.054169999999999885e-01 9.639370000000000438e-01 1.692039999999999933e-01 -2.016040000000000054e-01 -4.631689999999999974e-01 -5.655129999999999879e-02 8.844640000000000279e-01 2.192079999999999862e-01
8.561919999999999531e-01 -2.674360000000000070e-01 4.420560000000000045e-01 -5.211339999999999861e-01 2.108240000000000114e-01 9.619769999999999710e-01 1.736459999999999948e-01 -2.040210000000000079e-01 -4.716870000000000229e-01 -5.547839999999999716e-02 8.800189999999999957e-01 2.247790000000000066e-01
8.521670000000000078e-01 -2.705730000000000079e-01 4.478869999999999796e-01 -5.262649999999999828e-01 2.131800000000000084e-01 9.612000000000000544e-01 1.750649999999999984e-01 -2.086159999999999959e-01 -4.778769999999999962e-01 -5.370430000000000342e-02 8.767840000000000078e-01 2.303679999999999894e-01
8.481689999999999507e-01 -2.724139999999999895e-01 4.543130000000000224e-01 -5.322090000000000432e-01 2.159490000000000021e-01 9.609490000000000531e-01 1.730410000000000004e-01 -2.109930000000000139e-01 -4.837099999999999733e-01 -4.865909999999999680e-02 8.738740000000000396e-01 2.350309999999999899e-01
8.443300000000000249e-01 -2.744099999999999873e-01 4.602240000000000220e-01 -5.367819999999999814e-01 2.180779999999999941e-01 9.605409999999999782e-01 1.726370000000000127e-01 -2.109979999999999911e-01 -4.894370000000000109e-01 -4.539830000000000254e-02 8.708559999999999635e-01 2.409870000000000068e-01
8.396130000000000537e-01 -2.791179999999999772e-01 4.659860000000000113e-01 -5.425510000000000055e-01 2.218980000000000119e-01 9.592779999999999641e-01 1.747769999999999879e-01 -2.148990000000000067e-01 -4.957940000000000125e-01 -4.334350000000000008e-02 8.673579999999999623e-01 2.459619999999999862e-01
8.346839999999999815e-01 -2.827520000000000033e-01 4.726040000000000241e-01 -5.510739999999999528e-01 2.240709999999999924e-01 9.582589999999999719e-01 1.775730000000000086e-01 -2.200789999999999969e-01 -5.030860000000000332e-01 -4.232099999999999751e-02 8.631999999999999673e-01 2.505200000000000204e-01
8.312129999999999797e-01 -2.842720000000000247e-01 4.777799999999999825e-01 -5.544869999999999521e-01 2.254220000000000113e-01 9.579060000000000352e-01 1.777640000000000053e-01 -2.192099999999999882e-01 -5.082020000000000426e-01 -4.005790000000000045e-02 8.603060000000000151e-01 2.568880000000000052e-01
8.275590000000000446e-01 -2.853780000000000205e-01 4.834309999999999996e-01 -5.620540000000000536e-01 2.260689999999999922e-01 9.576500000000000012e-01 1.783230000000000093e-01 -2.189210000000000045e-01 -5.138479999999999714e-01 -3.828430000000000027e-02 8.570269999999999833e-01 2.649739999999999873e-01
8.240750000000000020e-01 -2.911520000000000219e-01 4.859330000000000038e-01 -5.686069999999999736e-01 2.298270000000000035e-01 9.558769999999999767e-01 1.829699999999999938e-01 -2.227649999999999908e-01 -5.177640000000000020e-01 -3.910099999999999687e-02 8.546289999999999720e-01 2.689549999999999996e-01
8.207069999999999643e-01 -2.945420000000000260e-01 4.895760000000000112e-01 -5.751880000000000326e-01 2.320220000000000060e-01 9.548560000000000381e-01 1.855130000000000112e-01 -2.236259999999999915e-01 -5.221160000000000245e-01 -3.865960000000000230e-02 8.519980000000000331e-01 2.758820000000000161e-01
