1.000000000000000000e+00 -1.916009999999999984e-23 1.182139999999999897e-22 4.660619999999999937e-23 1.916009999999999984e-23 1.000000000000000000e+00 7.310560000000000313e-23 2.209670000000000016e-23 -1.182139999999999897e-22 -7.310560000000000313e-23 1.000000000000000000e+00 4.561250000000000099e-23
9.999900000000000455e-01 -3.977129999999999728e-03 -2.236039999999999903e-03 1.066539999999999936e-03 3.983539999999999824e-03 9.999879999999999880e-01 2.867600000000000097e-03 -5.306059999999999596e-03 2.224610000000000129e-03 -2.876479999999999836e-03 9.999930000000000208e-01 -6.710220000000000247e-03
9.999890000000000168e-01 -4.585989999999999858e-03 -9.095519999999999950e-04 -4.551959999999999969e-04 4.589769999999999961e-03 9.999810000000000088e-01 4.192569999999999630e-03 -5.810140000000000096e-03 8.903070000000000124e-04 -4.196700000000000257e-03 9.999909999999999632e-01 -7.701630000000000108e-03
9.999780000000000335e-01 -6.597679999999999864e-03 -4.447090000000000006e-04 -3.520360000000000156e-04 6.601720000000000158e-03 9.999299999999999855e-01 9.796990000000000212e-03 -7.779590000000000290e-03 3.800410000000000160e-04 -9.799709999999999671e-03 9.999519999999999520e-01 -8.345349999999999643e-03
9.999710000000000543e-01 -7.470840000000000293e-03 1.262880000000000079e-03 -1.311749999999999982e-03 7.454200000000000235e-03 9.998909999999999743e-01 1.270780000000000000e-02 -1.055569999999999946e-02 -1.357689999999999939e-03 -1.269799999999999922e-02 9.999179999999999735e-01 -1.168340000000000004e-02
9.999670000000000503e-01 -7.780529999999999911e-03 2.475849999999999926e-03 -2.866959999999999995e-03 7.749039999999999574e-03 9.998920000000000030e-01 1.248639999999999993e-02 -1.244490000000000006e-02 -2.572740000000000010e-03 -1.246680000000000010e-02 9.999190000000000023e-01 -1.396209999999999986e-02
9.999350000000000183e-01 -1.142499999999999939e-02 -3.572830000000000146e-04 -2.155579999999999823e-03 1.142909999999999933e-02 9.998179999999999845e-01 1.530570000000000021e-02 -1.660060000000000008e-02 1.823510000000000029e-04 -1.530869999999999974e-02 9.998829999999999663e-01 -1.650070000000000009e-02
9.998979999999999535e-01 -1.428530000000000078e-02 2.380530000000000059e-04 -3.009640000000000058e-03 1.427900000000000003e-02 9.997489999999999988e-01 1.726719999999999991e-02 -1.959750000000000034e-02 -4.846610000000000002e-04 -1.726209999999999897e-02 9.998510000000000453e-01 -2.115329999999999988e-02
9.998639999999999750e-01 -1.648290000000000172e-02 5.065729999999999626e-04 -2.801000000000000104e-03 1.647039999999999962e-02 9.996850000000000458e-01 1.896350000000000119e-02 -2.121400000000000022e-02 -8.189879999999999860e-04 -1.895260000000000000e-02 9.998200000000000420e-01 -2.361960000000000101e-02
9.998399999999999510e-01 -1.778980000000000145e-02 1.797439999999999975e-03 -3.060729999999999788e-03 1.774840000000000098e-02 9.996239999999999570e-01 2.090030000000000013e-02 -2.286240000000000147e-02 -2.168579999999999813e-03 -2.086510000000000101e-02 9.997800000000000020e-01 -2.402779999999999846e-02
9.998409999999999798e-01 -1.764740000000000059e-02 2.419619999999999931e-03 -2.686220000000000014e-03 1.759650000000000103e-02 9.996530000000000138e-01 1.962699999999999861e-02 -2.258949999999999847e-02 -2.765150000000000073e-03 -1.958129999999999940e-02 9.998040000000000260e-01 -2.311529999999999835e-02
9.998350000000000293e-01 -1.814290000000000000e-02 6.332010000000000112e-04 -1.803679999999999997e-03 1.812379999999999894e-02 9.995789999999999953e-01 2.267819999999999905e-02 -2.659330000000000027e-02 -1.044379999999999918e-03 -2.266299999999999912e-02 9.997430000000000483e-01 -2.547740000000000074e-02
9.997970000000000468e-01 -2.005770000000000122e-02 2.113540000000000123e-03 -2.474169999999999928e-03 1.999899999999999942e-02 9.994910000000000183e-01 2.485990000000000075e-02 -2.977849999999999941e-02 -2.611099999999999879e-03 -2.481260000000000063e-02 9.996890000000000498e-01 -2.900060000000000138e-02
9.997850000000000348e-01 -2.034100000000000144e-02 3.967889999999999959e-03 -2.459180000000000046e-03 2.024290000000000117e-02 9.995220000000000216e-01 2.336480000000000154e-02 -3.263230000000000297e-02 -4.441259999999999826e-03 -2.327950000000000158e-02 9.997190000000000243e-01 -2.831399999999999889e-02
9.997629999999999573e-01 -2.072540000000000146e-02 6.696090000000000028e-03 -3.179029999999999790e-03 2.060570000000000110e-02 9.996350000000000513e-01 1.746889999999999901e-02 -3.297630000000000006e-02 -7.055699999999999819e-03 -1.732679999999999984e-02 9.998249999999999638e-01 -2.843760000000000038e-02
9.997580000000000355e-01 -2.060990000000000044e-02 7.639879999999999935e-03 -3.065120000000000171e-03 2.048789999999999986e-02 9.996669999999999723e-01 1.570569999999999952e-02 -3.109779999999999836e-02 -7.961029999999999149e-03 -1.554539999999999915e-02 9.998470000000000413e-01 -2.940270000000000036e-02
9.997089999999999588e-01 -2.402359999999999912e-02 2.232169999999999901e-03 5.456429999999999961e-03 2.398070000000000063e-02 9.995579999999999465e-01 1.758809999999999887e-02 -2.532070000000000154e-02 -2.653710000000000097e-03 -1.752949999999999994e-02 9.998430000000000373e-01 -3.445580000000000170e-02
9.997019999999999795e-01 -2.392709999999999976e-02 4.842820000000000284e-03 5.719250000000000375e-03 2.381080000000000002e-02 9.994570000000000398e-01 2.279770000000000060e-02 -2.600299999999999834e-02 -5.385670000000000388e-03 -2.267560000000000062e-02 9.997279999999999500e-01 -3.720810000000000090e-02
9.996850000000000458e-01 -2.455730000000000066e-02 5.179190000000000182e-03 6.413770000000000061e-03 2.442590000000000039e-02 9.994119999999999671e-01 2.406700000000000159e-02 -2.647060000000000038e-02 -5.767170000000000282e-03 -2.393290000000000001e-02 9.996969999999999468e-01 -3.772849999999999815e-02
9.996629999999999683e-01 -2.501909999999999898e-02 6.917610000000000252e-03 5.385599999999999936e-03 2.484940000000000065e-02 9.994119999999999671e-01 2.361989999999999923e-02 -2.677569999999999950e-02 -7.504489999999999945e-03 -2.343999999999999903e-02 9.996969999999999468e-01 -4.192099999999999993e-02
9.996599999999999930e-01 -2.588700000000000029e-02 3.130459999999999840e-03 7.360850000000000379e-03 2.581519999999999995e-02 9.994429999999999703e-01 2.113440000000000110e-02 -2.379730000000000040e-02 -3.675820000000000216e-03 -2.104639999999999983e-02 9.997719999999999940e-01 -3.222540000000000127e-02
9.996310000000000473e-01 -2.716529999999999986e-02 -5.500490000000000457e-04 8.360740000000000186e-03 2.717090000000000130e-02 9.994340000000000446e-01 1.981449999999999878e-02 -2.408969999999999861e-02 1.147059999999999992e-05 -1.982209999999999875e-02 9.998040000000000260e-01 -2.955649999999999944e-02
9.995429999999999593e-01 -2.993349999999999830e-02 -4.183090000000000419e-03 1.025870000000000080e-02 3.000910000000000036e-02 9.993619999999999726e-01 1.935589999999999880e-02 -2.351229999999999987e-02 3.601039999999999797e-03 -1.947259999999999963e-02 9.998040000000000260e-01 -2.796329999999999996e-02
9.994950000000000223e-01 -3.155730000000000340e-02 -3.661649999999999801e-03 9.268260000000000387e-03 3.162589999999999846e-02 9.992889999999999828e-01 2.050379999999999911e-02 -2.305079999999999976e-02 3.011999999999999920e-03 -2.060930000000000054e-02 9.997829999999999773e-01 -3.009799999999999975e-02
9.995009999999999728e-01 -3.124800000000000147e-02 -4.572630000000000271e-03 8.183779999999999874e-03 3.134479999999999905e-02 9.992459999999999676e-01 2.290760000000000018e-02 -2.288919999999999844e-02 3.853370000000000059e-03 -2.303950000000000095e-02 9.997270000000000323e-01 -2.836620000000000114e-02
9.995939999999999825e-01 -2.762140000000000081e-02 -7.031130000000000019e-03 6.812050000000000050e-03 2.777330000000000076e-02 9.993610000000000548e-01 2.250579999999999942e-02 -2.379879999999999843e-02 6.404990000000000162e-03 -2.269190000000000096e-02 9.997219999999999995e-01 -2.685649999999999843e-02
9.995870000000000033e-01 -2.503299999999999970e-02 -1.413230000000000042e-02 8.672259999999999344e-03 2.529779999999999876e-02 9.995020000000000016e-01 1.888120000000000076e-02 -2.365300000000000041e-02 1.365260000000000085e-02 -1.923089999999999869e-02 9.997219999999999995e-01 -2.397229999999999847e-02
9.996040000000000481e-01 -2.310169999999999932e-02 -1.608129999999999976e-02 7.919630000000000419e-03 2.337819999999999829e-02 9.995779999999999665e-01 1.722819999999999907e-02 -2.229799999999999838e-02 1.567649999999999946e-02 -1.759729999999999975e-02 9.997219999999999995e-01 -2.501460000000000142e-02
9.995829999999999993e-01 -2.283980000000000038e-02 -1.769149999999999889e-02 7.838080000000000741e-03 2.317009999999999903e-02 9.995570000000000288e-01 1.869780000000000053e-02 -2.286660000000000081e-02 1.725660000000000041e-02 -1.909989999999999952e-02 9.996690000000000298e-01 -2.523740000000000011e-02
9.996119999999999450e-01 -2.262569999999999859e-02 -1.625549999999999912e-02 5.779180000000000081e-03 2.292550000000000143e-02 9.995659999999999545e-01 1.850260000000000099e-02 -2.449000000000000135e-02 1.582980000000000151e-02 -1.886809999999999876e-02 9.996969999999999468e-01 -2.540200000000000097e-02
9.995600000000000041e-01 -2.428550000000000153e-02 -1.700489999999999988e-02 4.427249999999999762e-03 2.459060000000000065e-02 9.995359999999999800e-01 1.796750000000000083e-02 -2.423140000000000016e-02 1.656060000000000171e-02 -1.837770000000000029e-02 9.996939999999999715e-01 -2.561130000000000004e-02
9.994939999999999936e-01 -2.518890000000000018e-02 -1.942309999999999870e-02 5.251439999999999581e-03 2.555280000000000051e-02 9.994979999999999976e-01 1.871710000000000040e-02 -2.373350000000000112e-02 1.894190000000000110e-02 -1.920389999999999944e-02 9.996359999999999690e-01 -2.720149999999999998e-02
9.995239999999999680e-01 -2.554630000000000095e-02 -1.732250000000000109e-02 2.111420000000000137e-03 2.590759999999999938e-02 9.994450000000000278e-01 2.096349999999999950e-02 -2.432470000000000118e-02 1.677740000000000134e-02 -2.140229999999999910e-02 9.996300000000000185e-01 -3.005940000000000001e-02
9.995319999999999760e-01 -2.354440000000000005e-02 -1.952359999999999859e-02 1.181689999999999997e-03 2.398080000000000003e-02 9.994610000000000438e-01 2.242970000000000033e-02 -2.378109999999999946e-02 1.898499999999999840e-02 -2.288739999999999872e-02 9.995579999999999465e-01 -2.521740000000000093e-02
9.995530000000000248e-01 -2.373509999999999856e-02 -1.816279999999999978e-02 -8.613860000000000093e-04 2.415959999999999983e-02 9.994309999999999583e-01 2.352249999999999827e-02 -2.397830000000000100e-02 1.759420000000000081e-02 -2.395080000000000126e-02 9.995579999999999465e-01 -2.473169999999999882e-02
9.996800000000000130e-01 -2.157950000000000146e-02 -1.321119999999999933e-02 -5.043500000000000240e-03 2.189779999999999852e-02 9.994610000000000438e-01 2.444930000000000020e-02 -2.711260000000000059e-02 1.267640000000000086e-02 -2.473070000000000129e-02 9.996140000000000025e-01 -2.819889999999999897e-02
9.996429999999999483e-01 -2.311850000000000016e-02 -1.341870000000000042e-02 -7.054630000000000102e-03 2.338109999999999841e-02 9.995309999999999473e-01 1.975410000000000013e-02 -2.810730000000000173e-02 1.295570000000000055e-02 -2.006080000000000016e-02 9.997150000000000203e-01 -2.734579999999999997e-02
9.996110000000000273e-01 -2.439940000000000164e-02 -1.351729999999999945e-02 -9.997980000000000061e-03 2.458089999999999928e-02 9.996080000000000521e-01 1.343040000000000032e-02 -2.710979999999999987e-02 1.318429999999999949e-02 -1.375739999999999949e-02 9.998179999999999845e-01 -2.291870000000000018e-02
9.995960000000000401e-01 -2.530920000000000045e-02 -1.291980000000000038e-02 -1.276900000000000084e-02 2.540620000000000031e-02 9.996500000000000385e-01 7.396380000000000142e-03 -2.613499999999999851e-02 1.272809999999999914e-02 -7.721640000000000101e-03 9.998890000000000278e-01 -2.255729999999999888e-02
9.995530000000000248e-01 -2.778040000000000023e-02 -1.100229999999999958e-02 -1.570960000000000065e-02 2.779200000000000073e-02 9.996129999999999738e-01 8.958279999999999889e-04 -2.522299999999999889e-02 1.097320000000000066e-02 -1.201199999999999924e-03 9.999390000000000223e-01 -2.313259999999999969e-02
9.993450000000000388e-01 -3.469499999999999668e-02 -1.026520000000000037e-02 -1.860869999999999885e-02 3.465920000000000112e-02 9.993929999999999758e-01 -3.640920000000000181e-03 -2.631850000000000162e-02 1.038530000000000009e-02 3.282750000000000078e-03 9.999409999999999688e-01 -2.718620000000000064e-02
9.992680000000000451e-01 -3.672170000000000295e-02 -1.067929999999999921e-02 -1.987890000000000143e-02 3.663389999999999702e-02 9.992940000000000156e-01 -8.311860000000000775e-03 -2.510729999999999906e-02 1.097700000000000065e-02 7.914559999999999304e-03 9.999080000000000190e-01 -2.873150000000000009e-02
9.992539999999999756e-01 -3.781759999999999983e-02 -7.878259999999999777e-03 -2.334079999999999835e-02 3.774000000000000271e-02 9.992400000000000171e-01 -9.777849999999999389e-03 -2.600119999999999862e-02 8.242050000000000765e-03 9.473229999999999151e-03 9.999209999999999487e-01 -3.258010000000000073e-02
9.992619999999999836e-01 -3.802529999999999799e-02 -5.446799999999999906e-03 -2.504040000000000085e-02 3.795400000000000162e-02 9.991999999999999771e-01 -1.263270000000000018e-02 -2.784150000000000166e-02 5.922799999999999766e-03 1.241659999999999986e-02 9.999050000000000438e-01 -3.712540000000000284e-02
9.992419999999999636e-01 -3.891139999999999877e-02 -1.172089999999999981e-03 -2.813830000000000151e-02 3.888479999999999714e-02 9.990879999999999761e-01 -1.763800000000000090e-02 -2.663870000000000127e-02 1.857340000000000076e-03 1.757910000000000028e-02 9.998439999999999550e-01 -3.764329999999999760e-02
9.992839999999999501e-01 -3.770620000000000221e-02 3.232290000000000076e-03 -3.157039999999999846e-02 3.776029999999999665e-02 9.991109999999999713e-01 -1.872410000000000047e-02 -2.665659999999999905e-02 -2.523409999999999802e-03 1.883280000000000023e-02 9.998190000000000133e-01 -4.324379999999999891e-02
9.993210000000000148e-01 -3.665109999999999896e-02 3.656869999999999999e-03 -3.408019999999999800e-02 3.671859999999999707e-02 9.991149999999999753e-01 -2.053030000000000133e-02 -2.714290000000000105e-02 -2.901180000000000165e-03 2.065060000000000159e-02 9.997829999999999773e-01 -4.299589999999999662e-02
9.994250000000000078e-01 -3.382890000000000202e-02 2.446330000000000032e-03 -3.626870000000000094e-02 3.388080000000000258e-02 9.990940000000000376e-01 -2.576960000000000015e-02 -2.489749999999999949e-02 -1.572349999999999920e-03 2.583770000000000164e-02 9.996650000000000258e-01 -4.201119999999999854e-02
9.995380000000000376e-01 -3.028370000000000020e-02 2.488670000000000118e-03 -3.868819999999999898e-02 3.034480000000000163e-02 9.990890000000000049e-01 -3.000680000000000014e-02 -2.494760000000000033e-02 -1.577690000000000082e-03 3.006850000000000148e-02 9.995469999999999633e-01 -4.411860000000000087e-02
9.995760000000000201e-01 -2.891710000000000114e-02 3.300739999999999924e-03 -4.139629999999999699e-02 2.901710000000000053e-02 9.989329999999999599e-01 -3.591649999999999704e-02 -2.408489999999999936e-02 -2.258619999999999812e-03 3.599700000000000122e-02 9.993490000000000428e-01 -4.646009999999999723e-02
9.995479999999999920e-01 -2.993109999999999868e-02 2.817200000000000173e-03 -4.249510000000000093e-02 3.002109999999999848e-02 9.987179999999999946e-01 -4.074889999999999762e-02 -2.507159999999999944e-02 -1.593929999999999913e-03 4.081509999999999999e-02 9.991649999999999698e-01 -4.883069999999999772e-02
9.994769999999999488e-01 -3.223720000000000058e-02 2.659599999999999811e-03 -4.331399999999999834e-02 3.232469999999999788e-02 9.984490000000000309e-01 -4.533489999999999742e-02 -2.573690000000000005e-02 -1.194009999999999906e-03 4.539719999999999867e-02 9.989679999999999671e-01 -5.459640000000000326e-02
9.993490000000000428e-01 -3.582459999999999811e-02 4.227719999999999916e-03 -4.556980000000000058e-02 3.598900000000000016e-02 9.981499999999999817e-01 -4.901219999999999882e-02 -2.629990000000000105e-02 -2.464060000000000122e-03 4.913239999999999968e-02 9.987890000000000379e-01 -5.862520000000000231e-02
9.992259999999999476e-01 -3.891590000000000327e-02 5.813330000000000233e-03 -4.707250000000000323e-02 3.915910000000000224e-02 9.979700000000000237e-01 -5.021740000000000231e-02 -2.340329999999999841e-02 -3.847279999999999797e-03 5.040619999999999823e-02 9.987209999999999699e-01 -6.101020000000000054e-02
9.992339999999999556e-01 -3.830130000000000340e-02 8.039489999999999831e-03 -4.848149999999999682e-02 3.863099999999999867e-02 9.981980000000000297e-01 -4.591119999999999923e-02 -2.321240000000000109e-02 -6.266550000000000072e-03 4.618660000000000126e-02 9.989130000000000509e-01 -6.277399999999999647e-02
9.992969999999999908e-01 -3.583660000000000317e-02 1.104519999999999981e-02 -5.094390000000000029e-02 3.628569999999999712e-02 9.983910000000000284e-01 -4.356460000000000193e-02 -2.419920000000000057e-02 -9.466240000000000765e-03 4.393470000000000014e-02 9.989900000000000446e-01 -6.640069999999999306e-02
9.992529999999999468e-01 -3.665750000000000258e-02 1.221649999999999993e-02 -5.190600000000000075e-02 3.713029999999999803e-02 9.984680000000000222e-01 -4.103269999999999834e-02 -2.626859999999999959e-02 -1.069359999999999929e-02 4.145569999999999811e-02 9.990830000000000544e-01 -7.026010000000000588e-02
9.991480000000000361e-01 -3.890060000000000046e-02 1.378459999999999928e-02 -5.329319999999999891e-02 3.940049999999999802e-02 9.984979999999999967e-01 -3.806949999999999917e-02 -2.680520000000000125e-02 -1.228300000000000052e-02 3.858020000000000199e-02 9.991799999999999571e-01 -7.396300000000000097e-02
9.990769999999999929e-01 -3.925889999999999935e-02 1.741540000000000102e-02 -5.773860000000000103e-02 3.985049999999999704e-02 9.985910000000000064e-01 -3.503230000000000233e-02 -2.702989999999999907e-02 -1.601549999999999849e-02 3.569399999999999656e-02 9.992339999999999556e-01 -7.477209999999999412e-02
9.989540000000000086e-01 -4.122599999999999876e-02 1.979799999999999963e-02 -5.924379999999999924e-02 4.188959999999999906e-02 9.985309999999999464e-01 -3.436220000000000246e-02 -2.869019999999999904e-02 -1.835229999999999848e-02 3.515560000000000213e-02 9.992130000000000178e-01 -7.447510000000000241e-02
9.986399999999999721e-01 -4.579010000000000025e-02 2.494149999999999839e-02 -6.341360000000000052e-02 4.666850000000000165e-02 9.982670000000000154e-01 -3.585420000000000273e-02 -3.003930000000000142e-02 -2.325649999999999940e-02 3.696939999999999948e-02 9.990459999999999896e-01 -7.932859999999999912e-02
9.983729999999999549e-01 -5.055110000000000159e-02 2.639359999999999970e-02 -6.619469999999999521e-02 5.148790000000000311e-02 9.980210000000000470e-01 -3.611190000000000233e-02 -3.127920000000000006e-02 -2.451590000000000019e-02 3.741200000000000081e-02 9.989989999999999704e-01 -8.065970000000000084e-02
9.982180000000000497e-01 -5.176059999999999689e-02 2.970860000000000167e-02 -7.032700000000000062e-02 5.286149999999999877e-02 9.978960000000000052e-01 -3.754949999999999954e-02 -3.265780000000000072e-02 -2.770250000000000143e-02 3.905299999999999744e-02 9.988529999999999909e-01 -8.114580000000000404e-02
9.978200000000000403e-01 -5.706449999999999717e-02 3.315350000000000241e-02 -7.477209999999999412e-02 5.840309999999999946e-02 9.974539999999999518e-01 -4.091899999999999704e-02 -3.314029999999999754e-02 -3.073410000000000031e-02 4.276610000000000134e-02 9.986120000000000552e-01 -8.185779999999999446e-02
9.974979999999999958e-01 -6.160639999999999866e-02 3.467350000000000293e-02 -7.841650000000000009e-02 6.302499999999999769e-02 9.971520000000000383e-01 -4.142610000000000042e-02 -3.280419999999999864e-02 -3.202270000000000116e-02 4.350770000000000332e-02 9.985399999999999832e-01 -8.099820000000000630e-02
9.973279999999999923e-01 -6.419189999999999618e-02 3.487289999999999834e-02 -8.207939999999999681e-02 6.565010000000000290e-02 9.969409999999999661e-01 -4.241679999999999756e-02 -3.376930000000000209e-02 -3.204339999999999966e-02 4.459280000000000188e-02 9.984910000000000174e-01 -7.817490000000000550e-02
9.970329999999999471e-01 -6.917769999999999475e-02 3.376900000000000041e-02 -8.300240000000000395e-02 7.062079999999999746e-02 9.965500000000000469e-01 -4.359620000000000162e-02 -3.391229999999999939e-02 -3.063659999999999994e-02 4.585159999999999930e-02 9.984779999999999767e-01 -7.703069999999999362e-02
9.966749999999999776e-01 -7.268810000000000549e-02 3.680939999999999906e-02 -8.845150000000000234e-02 7.427730000000000443e-02 9.962739999999999929e-01 -4.382250000000000034e-02 -3.254710000000000242e-02 -3.348690000000000000e-02 4.641089999999999799e-02 9.983610000000000539e-01 -7.454669999999999352e-02
9.965060000000000029e-01 -7.398299999999999321e-02 3.874760000000000010e-02 -9.282959999999999823e-02 7.561890000000000278e-02 9.962259999999999449e-01 -4.260599999999999804e-02 -3.407870000000000343e-02 -3.544930000000000303e-02 4.538720000000000254e-02 9.983400000000000052e-01 -7.179299999999999571e-02
9.962809999999999722e-01 -7.510640000000000371e-02 4.223650000000000321e-02 -9.891940000000000455e-02 7.697279999999999400e-02 9.960419999999999829e-01 -4.444750000000000090e-02 -3.400949999999999807e-02 -3.873109999999999747e-02 4.753319999999999768e-02 9.981179999999999497e-01 -7.157180000000000486e-02
9.960660000000000069e-01 -7.609280000000000210e-02 4.541549999999999754e-02 -1.056840000000000002e-01 7.806330000000000213e-02 9.960069999999999757e-01 -4.331619999999999915e-02 -3.444719999999999727e-02 -4.193809999999999899e-02 4.669109999999999927e-02 9.980290000000000550e-01 -7.202999999999999681e-02
9.958270000000000177e-01 -7.911650000000000627e-02 4.547960000000000197e-02 -1.104170000000000013e-01 8.103649999999999742e-02 9.958240000000000425e-01 -4.204630000000000173e-02 -3.525980000000000086e-02 -4.196310000000000318e-02 4.555639999999999690e-02 9.980799999999999672e-01 -6.864620000000000444e-02
9.953400000000000025e-01 -8.266149999999999887e-02 4.964620000000000144e-02 -1.186849999999999988e-01 8.482820000000000638e-02 9.954570000000000363e-01 -4.324580000000000091e-02 -3.674440000000000345e-02 -4.584590000000000193e-02 4.725569999999999771e-02 9.978299999999999947e-01 -6.760099999999999443e-02
9.945640000000000036e-01 -8.982120000000000382e-02 5.266860000000000291e-02 -1.262500000000000011e-01 9.219789999999999930e-02 9.947420000000000151e-01 -4.457640000000000213e-02 -3.706109999999999960e-02 -4.838780000000000164e-02 4.918999999999999762e-02 9.976169999999999760e-01 -6.762719999999999843e-02
9.936469999999999470e-01 -9.765809999999999769e-02 5.593399999999999761e-02 -1.345089999999999897e-01 1.001540000000000069e-01 9.940120000000000067e-01 -4.369889999999999886e-02 -3.673400000000000276e-02 -5.133150000000000213e-02 4.902320000000000288e-02 9.974779999999999758e-01 -6.662629999999999941e-02
9.926949999999999941e-01 -1.055060000000000026e-01 5.853019999999999751e-02 -1.422049999999999981e-01 1.079719999999999985e-01 9.933210000000000095e-01 -4.069119999999999682e-02 -3.827780000000000071e-02 -5.384610000000000091e-02 4.671360000000000096e-02 9.974560000000000093e-01 -6.577560000000000351e-02
9.917789999999999662e-01 -1.125280000000000030e-01 6.093080000000000024e-02 -1.514099999999999890e-01 1.150469999999999965e-01 9.925730000000000386e-01 -3.953770000000000201e-02 -4.007739999999999914e-02 -5.602920000000000122e-02 4.622249999999999970e-02 9.973589999999999955e-01 -6.361719999999999875e-02
9.909970000000000168e-01 -1.164970000000000033e-01 6.598759999999999348e-02 -1.611100000000000032e-01 1.191360000000000058e-01 9.921670000000000211e-01 -3.757130000000000192e-02 -4.183619999999999700e-02 -6.109370000000000078e-02 4.509459999999999857e-02 9.971130000000000271e-01 -6.488259999999999861e-02
9.901759999999999451e-01 -1.191809999999999953e-01 7.312939999999999718e-02 -1.703810000000000047e-01 1.219869999999999982e-01 9.919080000000000119e-01 -3.516810000000000075e-02 -4.426789999999999892e-02 -6.834629999999999872e-02 4.374349999999999766e-02 9.967019999999999769e-01 -6.596520000000000161e-02
9.891170000000000240e-01 -1.233739999999999976e-01 8.016570000000000640e-02 -1.773980000000000001e-01 1.265550000000000008e-01 9.913110000000000532e-01 -3.586919999999999692e-02 -4.435059999999999697e-02 -7.504379999999999384e-02 4.562419999999999670e-02 9.961360000000000214e-01 -6.579989999999999450e-02
9.879649999999999821e-01 -1.262570000000000081e-01 8.935600000000000487e-02 -1.870920000000000083e-01 1.296710000000000085e-01 9.909919999999999840e-01 -3.347510000000000069e-02 -4.837240000000000290e-02 -8.432459999999999956e-02 4.465920000000000306e-02 9.954370000000000163e-01 -6.840340000000000309e-02
9.867540000000000200e-01 -1.311740000000000128e-01 9.544099999999999806e-02 -1.942029999999999867e-01 1.348030000000000062e-01 9.903359999999999941e-01 -3.259660000000000335e-02 -5.252269999999999855e-02 -9.024279999999999802e-02 4.503050000000000108e-02 9.949010000000000353e-01 -6.925749999999999962e-02
9.852919999999999456e-01 -1.369130000000000069e-01 1.022480000000000055e-01 -2.021239999999999981e-01 1.408719999999999972e-01 9.894939999999999847e-01 -3.252109999999999723e-02 -5.403150000000000314e-02 -9.672139999999999904e-02 4.644670000000000049e-02 9.942269999999999719e-01 -7.055759999999999810e-02
9.836869999999999781e-01 -1.430770000000000097e-01 1.090320000000000039e-01 -2.094910000000000105e-01 1.471580000000000110e-01 9.886479999999999713e-01 -3.031779999999999892e-02 -5.753079999999999999e-02 -1.034569999999999934e-01 4.586830000000000074e-02 9.935760000000000147e-01 -7.272109999999999685e-02
9.818149999999999933e-01 -1.477140000000000120e-01 1.192440000000000028e-01 -2.180650000000000088e-01 1.523990000000000067e-01 9.878289999999999571e-01 -3.112639999999999851e-02 -6.117210000000000009e-02 -1.131940000000000029e-01 4.873290000000000260e-02 9.923769999999999536e-01 -7.376109999999999611e-02
9.794509999999999605e-01 -1.553879999999999983e-01 1.285669999999999868e-01 -2.244289999999999896e-01 1.609029999999999905e-01 9.863979999999999970e-01 -3.361490000000000311e-02 -6.115120000000000278e-02 -1.215949999999999948e-01 5.361090000000000300e-02 9.911309999999999842e-01 -7.580249999999999488e-02
9.772389999999999688e-01 -1.614909999999999957e-01 1.375669999999999948e-01 -2.313729999999999953e-01 1.670889999999999875e-01 9.854819999999999691e-01 -3.009360000000000160e-02 -6.428920000000000468e-02 -1.307099999999999929e-01 5.239470000000000238e-02 9.900349999999999984e-01 -7.819869999999999599e-02
9.753479999999999928e-01 -1.637149999999999994e-01 1.479630000000000112e-01 -2.387390000000000068e-01 1.697589999999999932e-01 9.850560000000000427e-01 -2.909629999999999855e-02 -6.636119999999999519e-02 -1.409880000000000022e-01 5.349700000000000288e-02 9.885650000000000270e-01 -8.080909999999999482e-02
9.734220000000000095e-01 -1.655310000000000115e-01 1.582699999999999940e-01 -2.456129999999999980e-01 1.723149999999999959e-01 9.845829999999999860e-01 -3.005110000000000073e-02 -6.835600000000000009e-02 -1.508559999999999901e-01 5.652469999999999717e-02 9.869379999999999820e-01 -8.175240000000000284e-02
9.718620000000000037e-01 -1.651009999999999978e-01 1.680030000000000134e-01 -2.540370000000000128e-01 1.725939999999999974e-01 9.845080000000000497e-01 -3.091460000000000041e-02 -6.773260000000000391e-02 -1.602959999999999940e-01 5.904100000000000320e-02 9.853020000000000111e-01 -8.320020000000000193e-02
9.701880000000000503e-01 -1.665190000000000003e-01 1.760869999999999935e-01 -2.606260000000000243e-01 1.739759999999999918e-01 9.843610000000000415e-01 -2.768210000000000115e-02 -7.108029999999999904e-02 -1.687230000000000119e-01 5.749169999999999975e-02 9.839849999999999985e-01 -8.594739999999999325e-02
9.682119999999999616e-01 -1.707780000000000131e-01 1.827580000000000038e-01 -2.677200000000000135e-01 1.785309999999999953e-01 9.835709999999999731e-01 -2.672070000000000001e-02 -7.548359999999999792e-02 -1.751929999999999876e-01 5.849929999999999714e-02 9.827949999999999742e-01 -8.623820000000000097e-02
9.659259999999999513e-01 -1.761040000000000105e-01 1.896710000000000063e-01 -2.767020000000000035e-01 1.840960000000000096e-01 9.825840000000000130e-01 -2.522999999999999896e-02 -7.732029999999999459e-02 -1.819250000000000034e-01 5.928800000000000042e-02 9.815230000000000343e-01 -8.791000000000000203e-02
9.637829999999999453e-01 -1.811170000000000002e-01 1.957530000000000103e-01 -2.855240000000000000e-01 1.890060000000000073e-01 9.817240000000000411e-01 -2.224529999999999910e-02 -7.853830000000000533e-02 -1.881470000000000087e-01 5.843829999999999858e-02 9.804009999999999669e-01 -8.981010000000000382e-02
9.624470000000000525e-01 -1.828079999999999983e-01 2.006890000000000063e-01 -2.935980000000000256e-01 1.906539999999999901e-01 9.814469999999999583e-01 -2.031989999999999838e-02 -7.979580000000000006e-02 -1.932510000000000061e-01 5.781900000000000234e-02 9.794439999999999813e-01 -9.002140000000000142e-02
9.614580000000000348e-01 -1.837809999999999999e-01 2.045059999999999933e-01 -3.015010000000000190e-01 1.916100000000000025e-01 9.812870000000000203e-01 -1.899069999999999925e-02 -8.093799999999999606e-02 -1.971890000000000032e-01 5.744420000000000082e-02 9.786810000000000231e-01 -8.936059999999999837e-02
9.602509999999999657e-01 -1.856980000000000020e-01 2.084100000000000119e-01 -3.101140000000000008e-01 1.932889999999999886e-01 9.810029999999999584e-01 -1.648509999999999906e-02 -8.135309999999999764e-02 -2.013900000000000134e-01 5.611329999999999790e-02 9.779029999999999667e-01 -9.237199999999999578e-02
9.594420000000000170e-01 -1.849870000000000125e-01 2.127219999999999944e-01 -3.176200000000000134e-01 1.921740000000000115e-01 9.812689999999999468e-01 -1.343130000000000018e-02 -8.402039999999999509e-02 -2.062529999999999919e-01 5.376609999999999723e-02 9.770199999999999996e-01 -9.527969999999999495e-02
9.584749999999999659e-01 -1.833200000000000107e-01 2.184490000000000043e-01 -3.259179999999999855e-01 1.910409999999999886e-01 9.814739999999999576e-01 -1.457310000000000029e-02 -8.628460000000000296e-02 -2.117310000000000025e-01 5.570060000000000289e-02 9.757390000000000230e-01 -9.626110000000000222e-02
9.575860000000000483e-01 -1.812050000000000050e-01 2.240379999999999872e-01 -3.335080000000000267e-01 1.899349999999999927e-01 9.816340000000000066e-01 -1.786690000000000153e-02 -8.655229999999999868e-02 -2.166859999999999897e-01 5.966189999999999688e-02 9.744169999999999776e-01 -9.619560000000000610e-02
9.562089999999999756e-01 -1.794030000000000069e-01 2.312569999999999903e-01 -3.406589999999999896e-01 1.887389999999999901e-01 9.818489999999999718e-01 -1.871110000000000134e-02 -8.528890000000000082e-02 -2.237030000000000129e-01 6.153890000000000055e-02 9.727130000000000498e-01 -9.568069999999999353e-02
9.541800000000000281e-01 -1.785799999999999887e-01 2.401050000000000129e-01 -3.472509999999999764e-01 1.885769999999999946e-01 9.818719999999999670e-01 -1.913259999999999961e-02 -8.712330000000000074e-02 -2.323350000000000137e-01 6.353409999999999613e-02 9.705580000000000318e-01 -9.523320000000000396e-02
9.516440000000000454e-01 -1.786020000000000107e-01 2.499490000000000045e-01 -3.542049999999999921e-01 1.904969999999999997e-01 9.813939999999999886e-01 -2.402929999999999996e-02 -9.054660000000000486e-02 -2.410069999999999990e-01 7.048190000000000011e-02 9.679609999999999603e-01 -9.568139999999999978e-02
9.491000000000000547e-01 -1.799920000000000131e-01 2.584810000000000163e-01 -3.624620000000000064e-01 1.946009999999999962e-01 9.803650000000000420e-01 -3.187170000000000281e-02 -9.166349999999999498e-02 -2.476690000000000003e-01 8.054999999999999660e-02 9.654909999999999881e-01 -9.498769999999999436e-02
9.474639999999999729e-01 -1.805940000000000045e-01 2.640049999999999897e-01 -3.703250000000000153e-01 1.971229999999999927e-01 9.796690000000000120e-01 -3.729060000000000014e-02 -9.250980000000000314e-02 -2.519029999999999880e-01 8.737300000000000622e-02 9.637999999999999901e-01 -9.349830000000000640e-02
9.466890000000000027e-01 -1.824500000000000011e-01 2.655049999999999910e-01 -3.768199999999999883e-01 1.997980000000000034e-01 9.790360000000000174e-01 -3.962480000000000169e-02 -9.176259999999999972e-02 -2.527090000000000169e-01 9.055950000000000111e-02 9.632950000000000124e-01 -9.298869999999999358e-02
9.464219999999999855e-01 -1.833339999999999970e-01 2.658460000000000267e-01 -3.829620000000000246e-01 2.012140000000000040e-01 9.786709999999999576e-01 -4.141659999999999786e-02 -9.199069999999999470e-02 -2.525830000000000020e-01 9.268969999999999987e-02 9.631250000000000089e-01 -9.050539999999999974e-02
9.464219999999999855e-01 -1.832989999999999897e-01 2.658690000000000220e-01 -3.878010000000000068e-01 2.020959999999999979e-01 9.783349999999999547e-01 -4.491160000000000291e-02 -9.223409999999999942e-02 -2.518770000000000175e-01 9.623650000000000260e-02 9.629619999999999846e-01 -8.789859999999999340e-02
9.464449999999999807e-01 -1.825610000000000011e-01 2.662939999999999752e-01 -3.935520000000000129e-01 2.021969999999999879e-01 9.781659999999999799e-01 -4.804309999999999831e-02 -9.007790000000000241e-02 -2.517090000000000161e-01 9.931399999999999950e-02 9.626940000000000497e-01 -8.784949999999999704e-02
9.465120000000000200e-01 -1.833559999999999912e-01 2.655080000000000218e-01 -3.986250000000000071e-01 2.029980000000000118e-01 9.779879999999999685e-01 -4.828400000000000053e-02 -8.828310000000000324e-02 -2.508110000000000062e-01 9.959909999999999597e-02 9.628989999999999494e-01 -8.770899999999999530e-02
9.467670000000000252e-01 -1.838879999999999959e-01 2.642309999999999937e-01 -4.023930000000000007e-01 2.030220000000000080e-01 9.780560000000000365e-01 -4.678569999999999951e-02 -8.899469999999999603e-02 -2.498289999999999955e-01 9.793989999999999641e-02 9.633239999999999581e-01 -8.682080000000000353e-02
9.471129999999999827e-01 -1.824359999999999871e-01 2.639980000000000104e-01 -4.052069999999999839e-01 2.022220000000000129e-01 9.780839999999999534e-01 -4.958080000000000126e-02 -8.938949999999999674e-02 -2.491669999999999996e-01 1.003450000000000036e-01 9.632479999999999931e-01 -8.684640000000000415e-02
9.465050000000000407e-01 -1.801159999999999983e-01 2.677430000000000088e-01 -4.084470000000000045e-01 2.016709999999999892e-01 9.779039999999999955e-01 -5.507410000000000083e-02 -9.010250000000000203e-02 -2.519069999999999920e-01 1.061239999999999961e-01 9.619149999999999645e-01 -8.811449999999999838e-02
9.446269999999999945e-01 -1.789779999999999982e-01 2.750409999999999799e-01 -4.134999999999999787e-01 2.026840000000000031e-01 9.773990000000000178e-01 -6.009049999999999808e-02 -9.061500000000000110e-02 -2.580700000000000216e-01 1.125089999999999979e-01 9.595529999999999893e-01 -9.147829999999999850e-02
9.432500000000000329e-01 -1.783490000000000075e-01 2.801279999999999881e-01 -4.170139999999999958e-01 2.041969999999999896e-01 9.767209999999999503e-01 -6.572780000000000289e-02 -8.780559999999999754e-02 -2.618840000000000057e-01 1.191989999999999994e-01 9.577099999999999502e-01 -9.165479999999999461e-02
9.420720000000000205e-01 -1.785180000000000100e-01 2.839579999999999882e-01 -4.225670000000000259e-01 2.053000000000000103e-01 9.763840000000000297e-01 -6.728270000000000084e-02 -8.588850000000000651e-02 -2.652410000000000045e-01 1.216819999999999985e-01 9.564730000000000176e-01 -9.475190000000000001e-02
9.416320000000000245e-01 -1.791139999999999954e-01 2.850389999999999868e-01 -4.263710000000000000e-01 2.058619999999999894e-01 9.763140000000000152e-01 -6.657109999999999417e-02 -8.489649999999999974e-02 -2.663639999999999897e-01 1.213639999999999997e-01 9.562009999999999676e-01 -9.781890000000000029e-02
9.412040000000000406e-01 -1.783049999999999913e-01 2.869530000000000136e-01 -4.313480000000000092e-01 2.050819999999999865e-01 9.765249999999999764e-01 -6.587980000000000225e-02 -8.236019999999999452e-02 -2.684699999999999864e-01 1.208550000000000041e-01 9.556769999999999987e-01 -1.001329999999999998e-01
9.412070000000000158e-01 -1.775710000000000066e-01 2.873990000000000156e-01 -4.349799999999999778e-01 2.038059999999999872e-01 9.769269999999999898e-01 -6.384660000000000335e-02 -8.074770000000000558e-02 -2.694300000000000028e-01 1.186659999999999937e-01 9.556810000000000027e-01 -1.051450000000000023e-01
9.405499999999999972e-01 -1.782189999999999885e-01 2.891429999999999834e-01 -4.392099999999999893e-01 2.038840000000000097e-01 9.770950000000000468e-01 -6.095960000000000267e-02 -7.896040000000000003e-02 -2.716560000000000086e-01 1.162870000000000015e-01 9.553430000000000533e-01 -1.086629999999999957e-01
9.397940000000000182e-01 -1.789880000000000082e-01 2.911199999999999899e-01 -4.426789999999999892e-01 2.047400000000000053e-01 9.769579999999999931e-01 -6.028229999999999700e-02 -7.691679999999999351e-02 -2.736219999999999763e-01 1.162569999999999992e-01 9.547860000000000236e-01 -1.138900000000000051e-01
9.393019999999999703e-01 -1.773839999999999861e-01 2.936779999999999946e-01 -4.461370000000000058e-01 2.035909999999999942e-01 9.771560000000000246e-01 -6.095749999999999780e-02 -7.261890000000000012e-02 -2.761560000000000126e-01 1.170479999999999993e-01 9.539590000000000014e-01 -1.163440000000000030e-01
9.385850000000000026e-01 -1.780569999999999931e-01 2.955579999999999874e-01 -4.501839999999999731e-01 2.039529999999999954e-01 9.772030000000000438e-01 -5.896989999999999871e-02 -7.021310000000000051e-02 -2.783200000000000118e-01 1.156279999999999947e-01 9.535029999999999895e-01 -1.224770000000000025e-01
9.377140000000000475e-01 -1.794749999999999956e-01 2.974580000000000002e-01 -4.545560000000000156e-01 2.051920000000000133e-01 9.770400000000000196e-01 -5.734170000000000239e-02 -6.750970000000000582e-02 -2.803370000000000029e-01 1.148060000000000053e-01 9.530110000000000525e-01 -1.262399999999999911e-01
9.369229999999999503e-01 -1.808609999999999940e-01 2.991059999999999830e-01 -4.612140000000000128e-01 2.060150000000000037e-01 9.770280000000000076e-01 -5.454289999999999833e-02 -6.685389999999999389e-02 -2.823700000000000099e-01 1.127230000000000038e-01 9.526599999999999513e-01 -1.331700000000000106e-01
9.368859999999999966e-01 -1.840420000000000111e-01 2.972770000000000135e-01 -4.641359999999999930e-01 2.095499999999999863e-01 9.761900000000000022e-01 -5.605899999999999772e-02 -6.392359999999999709e-02 -2.798809999999999909e-01 1.148150000000000004e-01 9.531439999999999912e-01 -1.369509999999999894e-01
9.368600000000000261e-01 -1.851150000000000018e-01 2.966909999999999825e-01 -4.697760000000000269e-01 2.108659999999999979e-01 9.758520000000000527e-01 -5.698670000000000124e-02 -6.126020000000000076e-02 -2.789780000000000038e-01 1.159509999999999985e-01 9.532720000000000082e-01 -1.442859999999999976e-01
9.374090000000000478e-01 -1.837820000000000009e-01 2.957839999999999914e-01 -4.748740000000000183e-01 2.091570000000000096e-01 9.762610000000000454e-01 -5.627809999999999757e-02 -5.853970000000000007e-02 -2.784200000000000008e-01 1.146210000000000007e-01 9.535959999999999992e-01 -1.493240000000000123e-01
9.381180000000000074e-01 -1.799739999999999951e-01 2.958779999999999744e-01 -4.788799999999999724e-01 2.043290000000000106e-01 9.774500000000000410e-01 -5.329559999999999853e-02 -5.458149999999999807e-02 -2.796139999999999737e-01 1.104539999999999966e-01 9.537379999999999747e-01 -1.532060000000000088e-01
9.383270000000000222e-01 -1.743020000000000125e-01 2.985990000000000033e-01 -4.841480000000000228e-01 1.982009999999999883e-01 9.788090000000000401e-01 -5.147039999999999949e-02 -5.270260000000000222e-02 -2.832999999999999963e-01 1.074790000000000051e-01 9.529900000000000038e-01 -1.609309999999999907e-01
