1.000000000000000000e+00 -2.627420000000000066e-22 1.236079999999999953e-21 -3.814179999999999798e-23 2.627420000000000066e-22 1.000000000000000000e+00 6.305110000000000061e-21 -1.347700000000000059e-20 -1.236079999999999953e-21 -6.305110000000000061e-21 1.000000000000000000e+00 3.009609999999999879e-21
9.999980000000000535e-01 -2.145310000000000099e-03 -2.225370000000000007e-04 -2.661639999999999839e-03 2.145339999999999921e-03 9.999980000000000535e-01 1.301100000000000130e-04 -1.848409999999999984e-03 2.222570000000000101e-04 -1.305869999999999882e-04 1.000000000000000000e+00 9.864270000000000069e-04
9.999970000000000248e-01 -2.489840000000000109e-03 2.361080000000000101e-04 -4.258259999999999823e-03 2.489799999999999913e-03 9.999970000000000248e-01 1.601549999999999870e-04 -4.312299999999999814e-03 -2.365059999999999884e-04 -1.595660000000000101e-04 1.000000000000000000e+00 1.503500000000000062e-03
9.999959999999999960e-01 -2.226450000000000044e-03 1.470399999999999962e-03 -4.983500000000000082e-03 2.226940000000000169e-03 9.999970000000000248e-01 -3.281070000000000080e-04 -4.549560000000000236e-03 -1.469669999999999961e-03 3.313799999999999884e-04 9.999989999999999712e-01 1.469159999999999954e-03
9.999980000000000535e-01 -1.590829999999999892e-03 9.106150000000000355e-04 -5.493490000000000179e-03 1.590140000000000086e-03 9.999980000000000535e-01 7.572650000000000214e-04 -4.959510000000000307e-03 -9.118190000000000192e-04 -7.558149999999999591e-04 9.999989999999999712e-01 1.784640000000000098e-03
9.999989999999999712e-01 -7.332519999999999923e-04 8.842350000000000340e-04 -6.518060000000000000e-03 7.313250000000000089e-04 9.999970000000000248e-01 2.177979999999999933e-03 -7.664530000000000128e-03 -8.858289999999999784e-04 -2.177329999999999890e-03 9.999970000000000248e-01 1.804360000000000078e-03
9.999989999999999712e-01 -6.103379999999999830e-04 1.310259999999999940e-03 -6.023220000000000136e-03 6.078859999999999732e-04 9.999980000000000535e-01 1.871569999999999918e-03 -8.432689999999999630e-03 -1.311399999999999892e-03 -1.870769999999999898e-03 9.999970000000000248e-01 2.208299999999999846e-03
9.999970000000000248e-01 2.657270000000000056e-05 2.515970000000000185e-03 -6.327560000000000302e-03 -3.759540000000000261e-05 9.999900000000000455e-01 4.381140000000000381e-03 -9.919769999999999630e-03 -2.515830000000000150e-03 -4.381219999999999906e-03 9.999869999999999592e-01 2.540070000000000175e-03
9.999879999999999880e-01 -8.141399999999999673e-06 4.908919999999999777e-03 -7.792170000000000173e-03 -1.700680000000000122e-05 9.999869999999999592e-01 5.122909999999999617e-03 -9.415180000000000424e-03 -4.908889999999999955e-03 -5.122930000000000365e-03 9.999749999999999472e-01 2.546559999999999796e-03
9.999850000000000128e-01 4.306890000000000365e-06 5.394740000000000299e-03 -7.266039999999999652e-03 -4.253690000000000265e-05 9.999749999999999472e-01 7.086450000000000214e-03 -1.085120000000000008e-02 -5.394569999999999574e-03 -7.086580000000000309e-03 9.999599999999999600e-01 2.486679999999999793e-03
9.999780000000000335e-01 -1.296740000000000002e-03 6.430029999999999774e-03 -7.965460000000000595e-03 1.245639999999999898e-03 9.999679999999999680e-01 7.945600000000000579e-03 -1.150439999999999970e-02 -6.440119999999999699e-03 -7.937420000000000586e-03 9.999479999999999480e-01 3.199329999999999796e-03
9.999700000000000255e-01 -2.021629999999999955e-03 7.507309999999999678e-03 -1.215079999999999980e-02 1.948429999999999910e-03 9.999510000000000343e-01 9.744279999999999262e-03 -1.581010000000000054e-02 -7.526640000000000240e-03 -9.729359999999999398e-03 9.999240000000000350e-01 4.441920000000000243e-03
9.999700000000000255e-01 -3.373660000000000114e-03 7.013759999999999960e-03 -1.284599999999999978e-02 3.296879999999999863e-03 9.999350000000000183e-01 1.093030000000000043e-02 -1.912389999999999923e-02 -7.050179999999999642e-03 -1.090690000000000062e-02 9.999160000000000270e-01 6.072750000000000023e-03
9.999829999999999552e-01 -2.533740000000000037e-03 5.231000000000000406e-03 -1.384490000000000026e-02 2.481730000000000134e-03 9.999479999999999480e-01 9.926199999999999607e-03 -2.081869999999999901e-02 -5.255870000000000160e-03 -9.913049999999999640e-03 9.999369999999999647e-01 5.944330000000000273e-03
9.999850000000000128e-01 3.416030000000000021e-04 5.467890000000000424e-03 -1.670309999999999850e-02 -3.865860000000000151e-04 9.999660000000000215e-01 8.227830000000000213e-03 -2.185430000000000011e-02 -5.464890000000000025e-03 -8.229820000000000538e-03 9.999510000000000343e-01 6.762800000000000235e-03
9.999810000000000088e-01 3.061949999999999915e-03 5.357729999999999784e-03 -1.737640000000000018e-02 -3.099660000000000176e-03 9.999700000000000255e-01 7.044860000000000011e-03 -2.244840000000000030e-02 -5.335999999999999598e-03 -7.061330000000000211e-03 9.999609999999999888e-01 7.159320000000000267e-03
9.999789999999999512e-01 3.961100000000000385e-03 5.062920000000000267e-03 -1.945130000000000123e-02 -3.990750000000000373e-03 9.999749999999999472e-01 5.860810000000000151e-03 -2.436730000000000146e-02 -5.039580000000000101e-03 -5.880889999999999729e-03 9.999700000000000255e-01 8.040280000000000343e-03
9.999810000000000088e-01 5.562319999999999938e-03 2.566689999999999944e-03 -1.896919999999999856e-02 -5.576910000000000027e-03 9.999679999999999680e-01 5.712499999999999696e-03 -2.522900000000000142e-02 -2.534840000000000010e-03 -5.726710000000000307e-03 9.999799999999999800e-01 6.083439999999999855e-03
9.999710000000000543e-01 7.090599999999999854e-03 2.723199999999999840e-03 -1.865980000000000069e-02 -7.110860000000000097e-03 9.999470000000000303e-01 7.505099999999999792e-03 -2.573769999999999877e-02 -2.669840000000000147e-03 -7.524239999999999748e-03 9.999679999999999680e-01 6.745659999999999677e-03
9.999590000000000423e-01 7.882959999999999620e-03 4.485549999999999607e-03 -1.612840000000000107e-02 -7.923710000000000475e-03 9.999270000000000103e-01 9.141319999999999654e-03 -2.620859999999999856e-02 -4.413160000000000173e-03 -9.176490000000000688e-03 9.999479999999999480e-01 8.667420000000000332e-03
9.999310000000000143e-01 7.578770000000000298e-03 9.022350000000000161e-03 -1.591650000000000009e-02 -7.662569999999999625e-03 9.999270000000000103e-01 9.290230000000000016e-03 -2.893159999999999829e-02 -8.951290000000000635e-03 -9.358719999999999192e-03 9.999160000000000270e-01 1.046459999999999925e-02
9.998629999999999463e-01 4.273670000000000246e-03 1.596440000000000012e-02 -2.017410000000000037e-02 -4.432479999999999927e-03 9.999409999999999688e-01 9.925879999999999773e-03 -3.366859999999999992e-02 -1.592100000000000112e-02 -9.995290000000000424e-03 9.998230000000000173e-01 8.837470000000000048e-03
9.998299999999999965e-01 1.777779999999999909e-04 1.845600000000000018e-02 -2.036719999999999850e-02 -3.946420000000000071e-04 9.999310000000000143e-01 1.174739999999999986e-02 -3.697890000000000205e-02 -1.845259999999999956e-02 -1.175269999999999961e-02 9.997610000000000108e-01 9.240599999999999856e-03
9.998059999999999725e-01 -1.547900000000000057e-03 1.964590000000000086e-02 -2.127199999999999924e-02 1.318240000000000037e-03 9.999310000000000143e-01 1.169790000000000066e-02 -3.977239999999999942e-02 -1.966270000000000170e-02 -1.166969999999999986e-02 9.997390000000000443e-01 8.654129999999999462e-03
9.998249999999999638e-01 2.184920000000000080e-04 1.869120000000000156e-02 -1.985649999999999915e-02 -4.196970000000000171e-04 9.999419999999999975e-01 1.076140000000000083e-02 -4.136929999999999774e-02 -1.868770000000000153e-02 -1.076739999999999989e-02 9.997669999999999613e-01 8.108550000000000826e-03
9.997850000000000348e-01 3.714289999999999866e-03 2.038399999999999934e-02 -2.176569999999999894e-02 -3.933459999999999734e-03 9.999350000000000183e-01 1.072230000000000058e-02 -4.124819999999999875e-02 -2.034280000000000116e-02 -1.080019999999999938e-02 9.997350000000000403e-01 7.011169999999999729e-03
9.997279999999999500e-01 7.372219999999999641e-03 2.213019999999999918e-02 -2.161489999999999939e-02 -7.672270000000000131e-03 9.998789999999999623e-01 1.350389999999999924e-02 -4.216570000000000040e-02 -2.202789999999999956e-02 -1.366999999999999986e-02 9.996639999999999970e-01 8.376869999999999802e-03
9.996570000000000178e-01 6.790840000000000244e-03 2.528630000000000114e-02 -2.017549999999999899e-02 -7.157270000000000298e-03 9.998700000000000365e-01 1.442900000000000085e-02 -4.244570000000000287e-02 -2.518499999999999905e-02 -1.460499999999999993e-02 9.995760000000000201e-01 9.461709999999999912e-03
9.995540000000000536e-01 2.565109999999999786e-03 2.975140000000000076e-02 -2.042580000000000090e-02 -3.043960000000000068e-03 9.998660000000000325e-01 1.606099999999999889e-02 -4.429240000000000260e-02 -2.970619999999999858e-02 -1.614439999999999972e-02 9.994279999999999831e-01 9.027000000000000302e-03
9.994359999999999911e-01 2.244180000000000133e-03 3.351450000000000262e-02 -2.102379999999999874e-02 -2.879319999999999883e-03 9.998169999999999558e-01 1.891500000000000126e-02 -4.483140000000000042e-02 -3.346600000000000269e-02 -1.900080000000000172e-02 9.992590000000000083e-01 7.375890000000000397e-03
9.992900000000000116e-01 3.151419999999999829e-03 3.754430000000000267e-02 -2.515370000000000106e-02 -4.038080000000000315e-03 9.997139999999999915e-01 2.356410000000000102e-02 -5.186009999999999925e-02 -3.745930000000000093e-02 -2.369900000000000131e-02 9.990170000000000439e-01 8.970040000000000305e-03
9.991710000000000313e-01 3.258889999999999964e-03 4.057619999999999977e-02 -2.759949999999999903e-02 -4.161970000000000079e-03 9.997449999999999948e-01 2.219180000000000111e-02 -5.322459999999999691e-02 -4.049350000000000172e-02 -2.234229999999999897e-02 9.989299999999999846e-01 1.021730000000000034e-02
9.990679999999999561e-01 2.316739999999999858e-03 4.310300000000000242e-02 -2.943020000000000011e-02 -3.292579999999999812e-03 9.997399999999999620e-01 2.258249999999999841e-02 -5.286779999999999952e-02 -4.303950000000000137e-02 -2.270329999999999918e-02 9.988150000000000084e-01 1.009379999999999999e-02
9.990320000000000311e-01 1.207100000000000013e-04 4.398529999999999801e-02 -2.984710000000000141e-02 -1.249789999999999972e-03 9.996699999999999475e-01 2.564280000000000032e-02 -5.475109999999999699e-02 -4.396769999999999845e-02 -2.567289999999999850e-02 9.987030000000000074e-01 9.633390000000000356e-03
9.990219999999999656e-01 8.342079999999999927e-05 4.421690000000000342e-02 -3.115419999999999995e-02 -1.286709999999999937e-03 9.996300000000000185e-01 2.718550000000000133e-02 -5.546240000000000198e-02 -4.419819999999999999e-02 -2.721579999999999833e-02 9.986519999999999841e-01 1.014070000000000076e-02
9.989850000000000119e-01 6.352470000000000252e-04 4.503010000000000346e-02 -3.179089999999999694e-02 -1.905739999999999951e-03 9.996009999999999618e-01 2.817710000000000006e-02 -5.611689999999999734e-02 -4.499419999999999809e-02 -2.823430000000000037e-02 9.985880000000000312e-01 1.127820000000000038e-02
9.989139999999999686e-01 1.798889999999999983e-04 4.660140000000000116e-02 -3.445310000000000039e-02 -1.555399999999999968e-03 9.995640000000000081e-01 2.948200000000000126e-02 -5.660099999999999854e-02 -4.657580000000000053e-02 -2.952240000000000072e-02 9.984779999999999767e-01 1.052950000000000066e-02
9.988070000000000004e-01 -1.462439999999999964e-03 4.881959999999999772e-02 -3.588260000000000061e-02 -9.297060000000000057e-05 9.994929999999999648e-01 3.184279999999999750e-02 -5.815449999999999786e-02 -4.884140000000000009e-02 -3.180940000000000156e-02 9.982999999999999652e-01 1.235230000000000009e-02
9.967949999999999866e-01 4.163039999999999796e-02 -6.831039999999999335e-02 1.032060000000000061e-01 -3.868339999999999973e-02 9.982860000000000067e-01 4.391210000000000252e-02 -7.907089999999999952e-02 7.002139999999999753e-02 -4.112890000000000296e-02 9.966970000000000551e-01 -4.151479999999999754e-02
9.998359999999999470e-01 1.424099999999999975e-03 1.807510000000000019e-02 4.307850000000000221e-03 -2.002400000000000100e-03 9.994849999999999568e-01 3.201679999999999804e-02 -6.829349999999999310e-02 -1.802020000000000011e-02 -3.204769999999999841e-02 9.993239999999999901e-01 7.297520000000000048e-03
9.981440000000000312e-01 -6.056230000000000120e-03 6.059860000000000246e-02 -4.572520000000000057e-02 4.165140000000000335e-03 9.995020000000000016e-01 3.128460000000000268e-02 -7.027329999999999688e-02 -6.075780000000000070e-02 -3.097410000000000094e-02 9.976720000000000033e-01 1.923729999999999885e-02
9.977669999999999595e-01 -8.611360000000000195e-03 6.623080000000000633e-02 -5.494500000000000078e-02 6.389539999999999977e-03 9.994119999999999671e-01 3.368560000000000304e-02 -7.996459999999999679e-02 -6.648199999999999943e-02 -3.318720000000000003e-02 9.972360000000000113e-01 2.060620000000000160e-02
9.974359999999999893e-01 -1.139339999999999971e-02 7.065680000000000571e-02 -6.108600000000000141e-02 8.995859999999999621e-03 9.993760000000000421e-01 3.415850000000000136e-02 -8.397549999999999459e-02 -7.100190000000000667e-02 -3.343530000000000113e-02 9.969160000000000244e-01 2.193010000000000098e-02
9.970799999999999663e-01 -1.414520000000000013e-02 7.503909999999999747e-02 -6.563700000000000090e-02 1.141449999999999930e-02 9.992609999999999548e-01 3.669589999999999658e-02 -8.738640000000000296e-02 -7.550270000000000592e-02 -3.573219999999999869e-02 9.965049999999999741e-01 2.287300000000000097e-02
9.966420000000000279e-01 -1.670109999999999997e-02 8.016199999999999715e-02 -7.056529999999999747e-02 1.349709999999999972e-02 9.990949999999999553e-01 4.034499999999999892e-02 -9.030050000000000576e-02 -8.076319999999999333e-02 -3.912750000000000256e-02 9.959649999999999892e-01 2.520160000000000108e-02
9.959550000000000347e-01 -2.090279999999999916e-02 8.738930000000000309e-02 -7.781929999999999403e-02 1.719630000000000117e-02 9.989289999999999559e-01 4.295340000000000269e-02 -9.515239999999999809e-02 -8.819359999999999700e-02 -4.127689999999999831e-02 9.952480000000000215e-01 2.806029999999999983e-02
9.951410000000000533e-01 -2.704490000000000019e-02 9.467269999999999852e-02 -8.527160000000000295e-02 2.304310000000000039e-02 9.988050000000000539e-01 4.311099999999999655e-02 -9.928919999999999413e-02 -9.572540000000000215e-02 -4.071999999999999925e-02 9.945749999999999869e-01 2.958859999999999962e-02
9.942229999999999679e-01 -3.326980000000000215e-02 1.020469999999999988e-01 -9.206079999999999819e-02 2.894549999999999901e-02 9.986310000000000464e-01 4.356829999999999731e-02 -1.049699999999999939e-01 -1.033570000000000044e-01 -4.036279999999999729e-02 9.938249999999999584e-01 3.149919999999999803e-02
9.934730000000000505e-01 -3.851009999999999850e-02 1.073749999999999982e-01 -9.733289999999999997e-02 3.433989999999999959e-02 9.985920000000000352e-01 4.042069999999999691e-02 -1.100529999999999980e-01 -1.087800000000000017e-01 -3.646959999999999785e-02 9.933969999999999745e-01 3.368820000000000148e-02
9.928540000000000143e-01 -4.111070000000000002e-02 1.120320000000000066e-01 -1.046990000000000004e-01 3.713459999999999678e-02 9.986120000000000552e-01 3.735050000000000175e-02 -1.132940000000000058e-01 -1.134119999999999989e-01 -3.292330000000000256e-02 9.930020000000000513e-01 3.338669999999999832e-02
9.924340000000000384e-01 -4.452180000000000026e-02 1.144239999999999979e-01 -1.105440000000000034e-01 4.027950000000000280e-02 9.984220000000000317e-01 3.912480000000000124e-02 -1.159720000000000056e-01 -1.159850000000000048e-01 -3.421980000000000161e-02 9.926610000000000156e-01 3.315839999999999760e-02
9.918590000000000462e-01 -4.939000000000000334e-02 1.173769999999999952e-01 -1.175049999999999983e-01 4.483899999999999691e-02 9.981480000000000352e-01 4.110380000000000283e-02 -1.182269999999999988e-01 -1.191890000000000033e-01 -3.550609999999999877e-02 9.922360000000000069e-01 3.510270000000000057e-02
9.909780000000000255e-01 -5.376630000000000298e-02 1.227700000000000041e-01 -1.231349999999999945e-01 4.861789999999999862e-02 9.978230000000000155e-01 4.455499999999999738e-02 -1.199260000000000048e-01 -1.248979999999999951e-01 -3.818420000000000147e-02 9.914340000000000375e-01 3.676750000000000157e-02
9.895059999999999967e-01 -5.834160000000000040e-02 1.321920000000000039e-01 -1.310199999999999976e-01 5.204190000000000205e-02 9.973610000000000531e-01 5.062210000000000321e-02 -1.237520000000000009e-01 -1.347959999999999992e-01 -4.321139999999999703e-02 9.899310000000000054e-01 3.876519999999999966e-02
9.879010000000000291e-01 -6.425309999999999355e-02 1.411499999999999977e-01 -1.381680000000000130e-01 5.662169999999999703e-02 9.967420000000000169e-01 5.743659999999999738e-02 -1.266720000000000068e-01 -1.443810000000000093e-01 -4.874950000000000117e-02 9.883210000000000051e-01 3.956199999999999994e-02
9.863180000000000280e-01 -7.297810000000000408e-02 1.478210000000000079e-01 -1.453929999999999945e-01 6.420059999999999656e-02 9.959270000000000067e-01 6.331040000000000278e-02 -1.314760000000000095e-01 -1.518400000000000027e-01 -5.295400000000000107e-02 9.869860000000000300e-01 4.333270000000000177e-02
9.847190000000000110e-01 -8.082300000000000595e-02 1.542610000000000092e-01 -1.528710000000000069e-01 7.165749999999999897e-02 9.953680000000000305e-01 6.408750000000000557e-02 -1.357170000000000043e-01 -1.587260000000000060e-01 -5.205420000000000186e-02 9.859489999999999643e-01 4.568090000000000345e-02
9.828970000000000207e-01 -8.902649999999999453e-02 1.612079999999999902e-01 -1.609399999999999997e-01 7.946559999999999735e-02 9.947270000000000278e-01 6.482709999999999861e-02 -1.390949999999999964e-01 -1.661299999999999999e-01 -5.090789999999999899e-02 9.847890000000000255e-01 4.530850000000000155e-02
9.806460000000000177e-01 -9.792309999999999903e-02 1.695440000000000003e-01 -1.683610000000000106e-01 8.740720000000000434e-02 9.938190000000000079e-01 6.843269999999999909e-02 -1.426379999999999870e-01 -1.751979999999999926e-01 -5.228880000000000333e-02 9.831440000000000179e-01 4.682170000000000082e-02
9.782210000000000072e-01 -1.063370000000000010e-01 1.782559999999999978e-01 -1.758099999999999941e-01 9.531470000000000220e-02 9.930299999999999683e-01 6.932320000000000149e-02 -1.473839999999999872e-01 -1.843849999999999933e-01 -5.082310000000000300e-02 9.815390000000000503e-01 4.898349999999999926e-02
9.765580000000000371e-01 -1.114340000000000053e-01 1.841629999999999934e-01 -1.813939999999999997e-01 1.004150000000000043e-01 9.926089999999999636e-01 6.814409999999999912e-02 -1.516740000000000033e-01 -1.903950000000000087e-01 -4.805410000000000237e-02 9.805310000000000414e-01 4.964709999999999956e-02
9.749590000000000201e-01 -1.161810000000000065e-01 1.896220000000000128e-01 -1.866700000000000026e-01 1.054130000000000067e-01 9.922389999999999821e-01 6.595040000000000624e-02 -1.529669999999999919e-01 -1.958120000000000138e-01 -4.431029999999999691e-02 9.796399999999999553e-01 5.031940000000000024e-02
9.729179999999999495e-01 -1.207749999999999935e-01 1.970909999999999884e-01 -1.931589999999999974e-01 1.095829999999999999e-01 9.917319999999999469e-01 6.677550000000000152e-02 -1.550320000000000031e-01 -2.035260000000000125e-01 -4.336929999999999952e-02 9.781090000000000062e-01 5.068340000000000345e-02
9.705120000000000413e-01 -1.251819999999999877e-01 2.059999999999999887e-01 -1.997639999999999971e-01 1.135690000000000033e-01 9.912469999999999892e-01 6.731170000000000209e-02 -1.584399999999999975e-01 -2.126230000000000064e-01 -4.193159999999999943e-02 9.762340000000000462e-01 5.325289999999999885e-02
9.682229999999999448e-01 -1.292359999999999898e-01 2.141089999999999938e-01 -2.064070000000000071e-01 1.178990000000000038e-01 9.908989999999999743e-01 6.495779999999999610e-02 -1.613690000000000124e-01 -2.205550000000000010e-01 -3.765050000000000341e-02 9.746479999999999588e-01 5.341520000000000296e-02
9.664319999999999578e-01 -1.327589999999999881e-01 2.199649999999999939e-01 -2.116989999999999983e-01 1.216330000000000050e-01 9.905460000000000376e-01 6.343559999999999477e-02 -1.634990000000000054e-01 -2.263070000000000082e-01 -3.455119999999999719e-02 9.734429999999999472e-01 5.311679999999999874e-02
9.645730000000000137e-01 -1.367109999999999992e-01 2.256289999999999962e-01 -2.187520000000000020e-01 1.254210000000000047e-01 9.900560000000000471e-01 6.370380000000000487e-02 -1.657969999999999999e-01 -2.320939999999999948e-01 -3.314840000000000148e-02 9.721279999999999921e-01 5.260909999999999892e-02
9.628440000000000332e-01 -1.406340000000000090e-01 2.305500000000000049e-01 -2.259980000000000044e-01 1.293410000000000115e-01 9.895669999999999744e-01 6.346459999999999602e-02 -1.690919999999999923e-01 -2.370700000000000029e-01 -3.128689999999999943e-02 9.709889999999999910e-01 5.541879999999999723e-02
9.616599999999999593e-01 -1.449459999999999915e-01 2.328109999999999902e-01 -2.322899999999999965e-01 1.343139999999999890e-01 9.890609999999999680e-01 6.097869999999999679e-02 -1.723780000000000034e-01 -2.391030000000000100e-01 -2.737109999999999890e-02 9.706080000000000263e-01 5.385050000000000253e-02
9.607299999999999729e-01 -1.481750000000000012e-01 2.346080000000000110e-01 -2.395450000000000079e-01 1.378389999999999893e-01 9.886390000000000455e-01 5.995230000000000004e-02 -1.741350000000000120e-01 -2.408260000000000123e-01 -2.525979999999999892e-02 9.702389999999999626e-01 5.342999999999999833e-02
9.599879999999999525e-01 -1.509230000000000016e-01 2.358949999999999936e-01 -2.471939999999999971e-01 1.409749999999999892e-01 9.882779999999999898e-01 5.858379999999999838e-02 -1.760160000000000058e-01 -2.419709999999999916e-01 -2.298450000000000146e-02 9.700109999999999566e-01 5.424969999999999792e-02
9.597860000000000280e-01 -1.519540000000000057e-01 2.360510000000000108e-01 -2.532630000000000159e-01 1.424900000000000055e-01 9.881680000000000463e-01 5.675199999999999689e-02 -1.760420000000000040e-01 -2.418820000000000137e-01 -2.083489999999999995e-02 9.700819999999999999e-01 5.471859999999999918e-02
9.598940000000000250e-01 -1.518079999999999985e-01 2.357080000000000009e-01 -2.586809999999999943e-01 1.424700000000000133e-01 9.881990000000000496e-01 5.625759999999999789e-02 -1.769590000000000052e-01 -2.414669999999999872e-01 -2.042000000000000065e-02 9.701940000000000008e-01 5.408029999999999782e-02
9.598079999999999945e-01 -1.519860000000000100e-01 2.359430000000000138e-01 -2.650989999999999736e-01 1.424320000000000030e-01 9.881550000000000056e-01 5.712459999999999760e-02 -1.778810000000000113e-01 -2.418309999999999904e-01 -2.122280000000000000e-02 9.700860000000000039e-01 5.548859999999999904e-02
9.601319999999999855e-01 -1.530390000000000084e-01 2.339360000000000051e-01 -2.695290000000000186e-01 1.435740000000000072e-01 9.879919999999999813e-01 5.707600000000000173e-02 -1.806689999999999963e-01 -2.398619999999999919e-01 -2.121340000000000031e-02 9.705749999999999655e-01 5.877689999999999998e-02
9.604589999999999517e-01 -1.528579999999999939e-01 2.327079999999999982e-01 -2.765549999999999953e-01 1.440800000000000136e-01 9.880710000000000326e-01 5.436830000000000135e-02 -1.819369999999999876e-01 -2.382430000000000103e-01 -1.868999999999999828e-02 9.710259999999999447e-01 5.980309999999999793e-02
9.612870000000000026e-01 -1.533660000000000023e-01 2.289249999999999896e-01 -2.793080000000000007e-01 1.452950000000000075e-01 9.880309999999999926e-01 5.180950000000000139e-02 -1.830910000000000037e-01 -2.341310000000000058e-01 -1.654210000000000055e-02 9.720640000000000391e-01 6.082839999999999775e-02
9.618689999999999740e-01 -1.531450000000000033e-01 2.266150000000000109e-01 -2.828200000000000158e-01 1.454570000000000030e-01 9.880830000000000446e-01 5.034589999999999899e-02 -1.852459999999999940e-01 -2.316239999999999966e-01 -1.546340000000000041e-02 9.726820000000000466e-01 6.143549999999999706e-02
9.619459999999999678e-01 -1.528210000000000124e-01 2.265089999999999881e-01 -2.876429999999999820e-01 1.452150000000000107e-01 9.881370000000000431e-01 4.997429999999999928e-02 -1.865709999999999869e-01 -2.314599999999999991e-01 -1.518000000000000078e-02 9.727259999999999796e-01 6.338850000000000040e-02
9.625489999999999879e-01 -1.526899999999999924e-01 2.240199999999999969e-01 -2.912040000000000184e-01 1.456600000000000117e-01 9.881849999999999801e-01 4.767890000000000322e-02 -1.881980000000000042e-01 -2.286529999999999951e-01 -1.326249999999999998e-02 9.734180000000000055e-01 6.480339999999999712e-02
9.634700000000000486e-01 -1.526379999999999959e-01 2.200610000000000066e-01 -2.939890000000000003e-01 1.458869999999999889e-01 9.881980000000000208e-01 4.670610000000000039e-02 -1.894319999999999893e-01 -2.245929999999999871e-01 -1.289580000000000067e-02 9.743669999999999831e-01 6.738579999999999570e-02
9.637839999999999741e-01 -1.542810000000000015e-01 2.175269999999999981e-01 -2.977520000000000167e-01 1.472819999999999963e-01 9.879229999999999956e-01 4.813019999999999798e-02 -1.906120000000000037e-01 -2.223259999999999958e-01 -1.434940000000000000e-02 9.748670000000000391e-01 7.031199999999999950e-02
9.637069999999999803e-01 -1.573930000000000051e-01 2.156309999999999893e-01 -2.975789999999999824e-01 1.503480000000000094e-01 9.874279999999999724e-01 4.880170000000000341e-02 -1.946489999999999887e-01 -2.206009999999999915e-01 -1.461100000000000072e-02 9.752549999999999830e-01 7.630240000000000633e-02
9.637590000000000323e-01 -1.578779999999999906e-01 2.150410000000000099e-01 -2.988589999999999858e-01 1.512290000000000023e-01 9.873739999999999739e-01 4.713699999999999835e-02 -1.971509999999999929e-01 -2.197679999999999911e-01 -1.290819999999999988e-02 9.754669999999999730e-01 7.883610000000000617e-02
9.632969999999999589e-01 -1.606410000000000060e-01 2.150680000000000092e-01 -3.002500000000000169e-01 1.541160000000000030e-01 9.869400000000000395e-01 4.688230000000000175e-02 -2.019160000000000121e-01 -2.197909999999999864e-01 -1.201600000000000064e-02 9.754730000000000345e-01 8.269880000000000286e-02
9.628449999999999509e-01 -1.630790000000000017e-01 2.152550000000000019e-01 -3.013560000000000128e-01 1.570269999999999999e-01 9.865669999999999717e-01 4.504299999999999971e-02 -2.055829999999999880e-01 -2.197089999999999876e-01 -9.568520000000000497e-03 9.755179999999999962e-01 8.640140000000000320e-02
9.625089999999999479e-01 -1.654150000000000065e-01 2.149770000000000014e-01 -3.022610000000000019e-01 1.595640000000000114e-01 9.861879999999999535e-01 4.441729999999999984e-02 -2.081159999999999954e-01 -2.193549999999999944e-01 -8.449409999999999213e-03 9.756089999999999485e-01 8.995590000000000530e-02
9.618870000000000475e-01 -1.686070000000000069e-01 2.152769999999999961e-01 -3.033159999999999745e-01 1.627820000000000100e-01 9.856519999999999726e-01 4.463940000000000269e-02 -2.121540000000000092e-01 -2.197149999999999936e-01 -7.894810000000000369e-03 9.755319999999999547e-01 9.326810000000000656e-02
9.612239999999999673e-01 -1.719140000000000112e-01 2.156230000000000091e-01 -3.024200000000000221e-01 1.655659999999999910e-01 9.850630000000000219e-01 4.730800000000000283e-02 -2.159230000000000038e-01 -2.205350000000000088e-01 -9.773900000000000296e-03 9.753300000000000303e-01 9.825929999999999387e-02
9.603359999999999674e-01 -1.741920000000000135e-01 2.177449999999999941e-01 -3.016059999999999852e-01 1.675059999999999882e-01 9.846549999999999470e-01 4.894199999999999939e-02 -2.221539999999999904e-01 -2.229289999999999883e-01 -1.052709999999999931e-02 9.747780000000000333e-01 1.039780000000000010e-01
9.590769999999999573e-01 -1.750490000000000101e-01 2.225499999999999978e-01 -3.010349999999999970e-01 1.690629999999999911e-01 9.845390000000000530e-01 4.582440000000000124e-02 -2.263239999999999974e-01 -2.271309999999999996e-01 -6.324230000000000129e-03 9.738440000000000429e-01 1.104539999999999966e-01
9.576909999999999590e-01 -1.761719999999999953e-01 2.275770000000000015e-01 -3.007549999999999946e-01 1.702750000000000097e-01 9.843480000000000008e-01 4.545239999999999697e-02 -2.305379999999999929e-01 -2.320230000000000070e-01 -4.778649999999999738e-03 9.726989999999999803e-01 1.145999999999999935e-01
9.564300000000000024e-01 -1.764090000000000102e-01 2.326419999999999877e-01 -2.986349999999999838e-01 1.701159999999999894e-01 9.843020000000000103e-01 4.700660000000000255e-02 -2.341620000000000090e-01 -2.372829999999999939e-01 -5.382239999999999941e-03 9.714260000000000117e-01 1.199960000000000054e-01
9.548480000000000301e-01 -1.761520000000000030e-01 2.392400000000000082e-01 -2.968049999999999855e-01 1.694180000000000130e-01 9.843460000000000543e-01 4.859320000000000306e-02 -2.398530000000000106e-01 -2.440549999999999942e-01 -5.867589999999999785e-03 9.697440000000000504e-01 1.268019999999999980e-01
9.533220000000000027e-01 -1.741280000000000050e-01 2.466909999999999936e-01 -2.939350000000000018e-01 1.672349999999999948e-01 9.847089999999999455e-01 4.879290000000000016e-02 -2.429550000000000043e-01 -2.514149999999999996e-01 -5.260139999999999955e-03 9.678649999999999753e-01 1.311110000000000053e-01
9.514639999999999764e-01 -1.718230000000000035e-01 2.553279999999999994e-01 -2.927420000000000022e-01 1.640159999999999951e-01 9.851010000000000044e-01 5.172739999999999977e-02 -2.462930000000000119e-01 -2.604119999999999768e-01 -7.339039999999999800e-03 9.654700000000000504e-01 1.351120000000000099e-01
9.491960000000000397e-01 -1.720820000000000127e-01 2.634690000000000087e-01 -2.915309999999999846e-01 1.626410000000000078e-01 9.850139999999999452e-01 5.740789999999999782e-02 -2.497659999999999880e-01 -2.693989999999999996e-01 -1.164070000000000035e-02 9.629579999999999806e-01 1.402130000000000043e-01
9.463249999999999718e-01 -1.752740000000000131e-01 2.715670000000000028e-01 -2.919910000000000005e-01 1.645820000000000061e-01 9.844220000000000192e-01 6.184839999999999782e-02 -2.554919999999999969e-01 -2.781770000000000076e-01 -1.383359999999999972e-02 9.604300000000000059e-01 1.460470000000000101e-01
9.435810000000000031e-01 -1.803800000000000125e-01 2.777009999999999756e-01 -2.928350000000000120e-01 1.688860000000000083e-01 9.834910000000000041e-01 6.497769999999999935e-02 -2.611740000000000173e-01 -2.848379999999999801e-01 -1.441190000000000006e-02 9.584669999999999579e-01 1.517560000000000020e-01
9.406799999999999606e-01 -1.865950000000000109e-01 2.833789999999999920e-01 -2.933379999999999876e-01 1.748300000000000132e-01 9.823509999999999742e-01 6.649270000000000180e-02 -2.657490000000000130e-01 -2.907850000000000157e-01 -1.300519999999999975e-02 9.566999999999999948e-01 1.579230000000000078e-01
9.381350000000000522e-01 -1.923779999999999935e-01 2.879129999999999745e-01 -2.927520000000000122e-01 1.804449999999999943e-01 9.812530000000000419e-01 6.769340000000000079e-02 -2.707840000000000247e-01 -2.955389999999999961e-01 -1.155300000000000077e-02 9.552610000000000268e-01 1.631670000000000065e-01
9.361019999999999897e-01 -1.969579999999999942e-01 2.914120000000000044e-01 -2.927190000000000070e-01 1.849949999999999928e-01 9.803600000000000092e-01 6.834179999999999422e-02 -2.783959999999999768e-01 -2.991489999999999982e-01 -1.006519999999999984e-02 9.541530000000000289e-01 1.689190000000000136e-01
9.350140000000000118e-01 -1.964490000000000125e-01 2.952230000000000132e-01 -2.924669999999999770e-01 1.858899999999999997e-01 9.805030000000000134e-01 6.371209999999999374e-02 -2.838350000000000040e-01 -3.019830000000000014e-01 -4.692729999999999992e-03 9.533019999999999827e-01 1.757249999999999923e-01
9.337480000000000224e-01 -1.966839999999999977e-01 2.990499999999999825e-01 -2.917089999999999961e-01 1.875010000000000010e-01 9.804669999999999774e-01 5.939810000000000229e-02 -2.898410000000000153e-01 -3.048910000000000231e-01 6.093960000000000045e-04 9.523869999999999836e-01 1.812650000000000095e-01
9.320749999999999869e-01 -1.962700000000000000e-01 3.044890000000000096e-01 -2.928850000000000064e-01 1.888390000000000069e-01 9.805239999999999512e-01 5.397400000000000114e-02 -2.941719999999999891e-01 -3.091519999999999824e-01 7.191709999999999596e-03 9.509849999999999692e-01 1.870630000000000071e-01
9.301620000000000443e-01 -1.992869999999999919e-01 3.083580000000000210e-01 -2.936159999999999881e-01 1.926339999999999997e-01 9.798810000000000020e-01 5.220059999999999978e-02 -3.000099999999999989e-01 -3.125569999999999737e-01 1.084509999999999988e-02 9.498370000000000424e-01 1.927159999999999984e-01
9.285160000000000080e-01 -2.016419999999999879e-01 3.117679999999999896e-01 -2.942870000000000208e-01 1.959879999999999955e-01 9.793450000000000211e-01 4.971559999999999868e-02 -3.060930000000000040e-01 -3.153529999999999944e-01 1.494099999999999942e-02 9.488569999999999505e-01 1.987559999999999882e-01
9.273419999999999996e-01 -2.016259999999999997e-01 3.152499999999999747e-01 -2.968540000000000068e-01 1.974680000000000046e-01 9.792560000000000153e-01 4.543429999999999691e-02 -3.096940000000000248e-01 -3.178710000000000147e-01 2.011879999999999918e-02 9.479199999999999848e-01 2.062160000000000104e-01
9.270990000000000064e-01 -2.027259999999999895e-01 3.152619999999999867e-01 -2.950869999999999882e-01 1.999700000000000089e-01 9.789259999999999629e-01 4.143240000000000117e-02 -3.163719999999999866e-01 -3.170169999999999932e-01 2.463090000000000071e-02 9.481000000000000538e-01 2.116830000000000100e-01
9.265550000000000175e-01 -2.009269999999999945e-01 3.179989999999999761e-01 -2.964829999999999965e-01 2.002619999999999956e-01 9.791119999999999823e-01 3.514500000000000263e-02 -3.162789999999999768e-01 -3.184179999999999788e-01 3.111919999999999964e-02 9.474390000000000311e-01 2.147479999999999944e-01
9.248960000000000514e-01 -2.050029999999999908e-01 3.202200000000000046e-01 -2.982219999999999871e-01 2.039940000000000087e-01 9.782690000000000552e-01 3.708410000000000178e-02 -3.191720000000000113e-01 -3.208639999999999826e-01 3.102419999999999831e-02 9.466170000000000417e-01 2.209589999999999888e-01
9.229749999999999899e-01 -2.106689999999999952e-01 3.220819999999999794e-01 -2.999359999999999804e-01 2.097239999999999938e-01 9.770199999999999996e-01 3.805920000000000136e-02 -3.235999999999999988e-01 -3.226979999999999849e-01 3.242040000000000199e-02 9.459469999999999823e-01 2.261180000000000134e-01
9.216849999999999765e-01 -2.144620000000000137e-01 3.232700000000000018e-01 -3.017810000000000215e-01 2.136230000000000073e-01 9.761560000000000237e-01 3.852919999999999956e-02 -3.262809999999999877e-01 -3.238249999999999740e-01 3.354619999999999824e-02 9.455219999999999736e-01 2.313379999999999881e-01
9.215259999999999563e-01 -2.171480000000000077e-01 3.219259999999999899e-01 -3.012460000000000138e-01 2.160279999999999978e-01 9.755810000000000315e-01 3.966660000000000325e-02 -3.302899999999999725e-01 -3.226789999999999936e-01 3.299130000000000118e-02 9.459330000000000238e-01 2.349130000000000107e-01
9.209420000000000384e-01 -2.192900000000000127e-01 3.221459999999999879e-01 -3.009700000000000153e-01 2.182369999999999866e-01 9.750809999999999755e-01 3.986630000000000035e-02 -3.352769999999999917e-01 -3.228610000000000091e-01 3.358959999999999724e-02 9.458499999999999686e-01 2.401310000000000111e-01
9.203240000000000309e-01 -2.212000000000000077e-01 3.226049999999999751e-01 -3.019220000000000237e-01 2.212560000000000082e-01 9.745139999999999914e-01 3.699670000000000042e-02 -3.401040000000000174e-01 -3.225669999999999926e-01 3.732919999999999988e-02 9.458100000000000396e-01 2.437979999999999869e-01
9.200920000000000210e-01 -2.214039999999999897e-01 3.231269999999999976e-01 -3.046880000000000144e-01 2.227139999999999953e-01 9.743110000000000381e-01 3.341990000000000238e-02 -3.426259999999999861e-01 -3.222260000000000124e-01 4.121570000000000095e-02 9.457649999999999668e-01 2.464979999999999949e-01
9.200239999999999529e-01 -2.219059999999999921e-01 3.229770000000000141e-01 -3.055709999999999815e-01 2.236930000000000029e-01 9.741309999999999691e-01 3.208590000000000053e-02 -3.471150000000000069e-01 -3.217419999999999725e-01 4.272789999999999921e-02 9.458630000000000093e-01 2.500209999999999932e-01
9.202320000000000499e-01 -2.206480000000000108e-01 3.232450000000000045e-01 -3.059819999999999762e-01 2.237599999999999867e-01 9.742420000000000524e-01 2.800760000000000055e-02 -3.481620000000000270e-01 -3.210990000000000233e-01 4.655569999999999847e-02 9.459009999999999918e-01 2.524859999999999882e-01
9.196649999999999547e-01 -2.189709999999999990e-01 3.259889999999999732e-01 -3.078400000000000025e-01 2.225870000000000071e-01 9.745479999999999698e-01 2.666320000000000148e-02 -3.487270000000000092e-01 -3.235299999999999843e-01 4.803980000000000056e-02 9.449980000000000047e-01 2.536340000000000261e-01
9.187509999999999843e-01 -2.183100000000000041e-01 3.289929999999999799e-01 -3.098369999999999735e-01 2.219140000000000001e-01 9.746909999999999741e-01 2.705650000000000069e-02 -3.509300000000000197e-01 -3.265730000000000022e-01 4.814990000000000242e-02 9.439450000000000340e-01 2.573989999999999889e-01
9.184339999999999726e-01 -2.148629999999999984e-01 3.321330000000000116e-01 -3.123110000000000053e-01 2.192320000000000102e-01 9.753589999999999760e-01 2.474619999999999945e-02 -3.508479999999999932e-01 -3.292660000000000031e-01 5.008640000000000314e-02 9.429079999999999684e-01 2.588389999999999858e-01
9.177999999999999492e-01 -2.127209999999999934e-01 3.352499999999999925e-01 -3.144440000000000013e-01 2.168529999999999902e-01 9.758700000000000152e-01 2.553410000000000055e-02 -3.520900000000000141e-01 -3.325919999999999987e-01 4.926479999999999748e-02 9.417830000000000368e-01 2.611620000000000053e-01
9.170430000000000526e-01 -2.108379999999999976e-01 3.384949999999999903e-01 -3.165259999999999740e-01 2.152030000000000054e-01 9.762480000000000047e-01 2.505160000000000026e-02 -3.556840000000000002e-01 -3.357370000000000076e-01 4.987169999999999798e-02 9.406349999999999989e-01 2.631149999999999878e-01
9.164609999999999701e-01 -2.069439999999999891e-01 3.424519999999999786e-01 -3.196499999999999897e-01 2.121609999999999885e-01 9.769729999999999803e-01 2.260540000000000119e-02 -3.553129999999999900e-01 -3.392439999999999900e-01 5.193810000000000093e-02 9.392629999999999590e-01 2.648099999999999898e-01
9.152620000000000200e-01 -2.035500000000000087e-01 3.476540000000000186e-01 -3.232900000000000218e-01 2.089789999999999981e-01 9.776669999999999527e-01 2.224670000000000120e-02 -3.549260000000000193e-01 -3.444180000000000019e-01 5.229079999999999839e-02 9.373590000000000533e-01 2.681939999999999880e-01
9.131510000000000460e-01 -2.036030000000000062e-01 3.531290000000000262e-01 -3.260979999999999990e-01 2.089249999999999996e-01 9.776510000000000478e-01 2.342539999999999900e-02 -3.582219999999999849e-01 -3.500070000000000126e-01 5.238670000000000132e-02 9.352810000000000290e-01 2.698329999999999895e-01
9.109049999999999647e-01 -2.024090000000000056e-01 3.595590000000000175e-01 -3.294779999999999931e-01 2.085609999999999964e-01 9.777609999999999912e-01 2.205189999999999928e-02 -3.586570000000000036e-01 -3.560260000000000091e-01 5.490260000000000279e-02 9.328619999999999690e-01 2.702289999999999970e-01
9.070829999999999727e-01 -2.046520000000000006e-01 3.678560000000000163e-01 -3.323760000000000048e-01 2.110049999999999981e-01 9.772060000000000191e-01 2.334599999999999870e-02 -3.565679999999999961e-01 -3.642489999999999895e-01 5.644260000000000249e-02 9.295900000000000274e-01 2.738240000000000118e-01
9.016809999999999548e-01 -2.103319999999999912e-01 3.777989999999999959e-01 -3.364650000000000141e-01 2.169020000000000115e-01 9.758569999999999744e-01 2.561489999999999947e-02 -3.610039999999999916e-01 -3.740649999999999809e-01 5.884899999999999853e-02 9.255330000000000501e-01 2.742280000000000273e-01
8.970099999999999740e-01 -2.108339999999999936e-01 3.884870000000000267e-01 -3.435369999999999813e-01 2.184979999999999978e-01 9.755190000000000250e-01 2.491070000000000090e-02 -3.583299999999999819e-01 -3.842280000000000140e-01 6.253849999999999687e-02 9.211179999999999923e-01 2.757499999999999951e-01
