9.999949999999999672e-01 1.926460000000000065e-03 2.327590000000000041e-03 -9.759749999999999329e-03 -1.931760000000000031e-03 9.999959999999999960e-01 2.277799999999999964e-03 -6.432039999999999980e-03 -2.323190000000000151e-03 -2.282290000000000187e-03 9.999949999999999672e-01 3.034970000000000116e-03
9.999949999999999672e-01 1.926460000000000065e-03 2.327590000000000041e-03 -9.759749999999999329e-03 -1.931760000000000031e-03 9.999959999999999960e-01 2.277799999999999964e-03 -6.432039999999999980e-03 -2.323190000000000151e-03 -2.282290000000000187e-03 9.999949999999999672e-01 3.034970000000000116e-03
9.999919999999999920e-01 2.949129999999999894e-03 2.751110000000000187e-03 -1.334529999999999918e-02 -2.949919999999999973e-03 9.999959999999999960e-01 2.832549999999999977e-04 -8.036039999999999503e-03 -2.750260000000000031e-03 -2.913689999999999813e-04 9.999959999999999960e-01 3.514129999999999858e-03
9.999919999999999920e-01 2.949129999999999894e-03 2.751110000000000187e-03 -1.334529999999999918e-02 -2.949919999999999973e-03 9.999959999999999960e-01 2.832549999999999977e-04 -8.036039999999999503e-03 -2.750260000000000031e-03 -2.913689999999999813e-04 9.999959999999999960e-01 3.514129999999999858e-03
9.999919999999999920e-01 2.949129999999999894e-03 2.751110000000000187e-03 -1.334529999999999918e-02 -2.949919999999999973e-03 9.999959999999999960e-01 2.832549999999999977e-04 -8.036039999999999503e-03 -2.750260000000000031e-03 -2.913689999999999813e-04 9.999959999999999960e-01 3.514129999999999858e-03
9.999919999999999920e-01 2.949129999999999894e-03 2.751110000000000187e-03 -1.334529999999999918e-02 -2.949919999999999973e-03 9.999959999999999960e-01 2.832549999999999977e-04 -8.036039999999999503e-03 -2.750260000000000031e-03 -2.913689999999999813e-04 9.999959999999999960e-01 3.514129999999999858e-03
9.999789999999999512e-01 4.948049999999999844e-03 4.115269999999999866e-03 -1.460159999999999930e-02 -4.946110000000000090e-03 9.999879999999999880e-01 -4.796329999999999799e-04 -6.509929999999999710e-03 -4.117589999999999965e-03 4.592689999999999967e-04 9.999909999999999632e-01 3.887250000000000080e-03
9.999789999999999512e-01 4.948049999999999844e-03 4.115269999999999866e-03 -1.460159999999999930e-02 -4.946110000000000090e-03 9.999879999999999880e-01 -4.796329999999999799e-04 -6.509929999999999710e-03 -4.117589999999999965e-03 4.592689999999999967e-04 9.999909999999999632e-01 3.887250000000000080e-03
9.999789999999999512e-01 4.948049999999999844e-03 4.115269999999999866e-03 -1.460159999999999930e-02 -4.946110000000000090e-03 9.999879999999999880e-01 -4.796329999999999799e-04 -6.509929999999999710e-03 -4.117589999999999965e-03 4.592689999999999967e-04 9.999909999999999632e-01 3.887250000000000080e-03
9.999789999999999512e-01 4.948049999999999844e-03 4.115269999999999866e-03 -1.460159999999999930e-02 -4.946110000000000090e-03 9.999879999999999880e-01 -4.796329999999999799e-04 -6.509929999999999710e-03 -4.117589999999999965e-03 4.592689999999999967e-04 9.999909999999999632e-01 3.887250000000000080e-03
9.999639999999999640e-01 4.611760000000000338e-03 7.128510000000000228e-03 -2.320039999999999950e-02 -4.610200000000000062e-03 9.999890000000000168e-01 -2.346729999999999942e-04 -9.043169999999999681e-03 -7.129510000000000361e-03 2.017999999999999991e-04 9.999749999999999472e-01 1.842190000000000060e-03
9.999639999999999640e-01 4.611760000000000338e-03 7.128510000000000228e-03 -2.320039999999999950e-02 -4.610200000000000062e-03 9.999890000000000168e-01 -2.346729999999999942e-04 -9.043169999999999681e-03 -7.129510000000000361e-03 2.017999999999999991e-04 9.999749999999999472e-01 1.842190000000000060e-03
9.999639999999999640e-01 4.611760000000000338e-03 7.128510000000000228e-03 -2.320039999999999950e-02 -4.610200000000000062e-03 9.999890000000000168e-01 -2.346729999999999942e-04 -9.043169999999999681e-03 -7.129510000000000361e-03 2.017999999999999991e-04 9.999749999999999472e-01 1.842190000000000060e-03
9.999639999999999640e-01 4.611760000000000338e-03 7.128510000000000228e-03 -2.320039999999999950e-02 -4.610200000000000062e-03 9.999890000000000168e-01 -2.346729999999999942e-04 -9.043169999999999681e-03 -7.129510000000000361e-03 2.017999999999999991e-04 9.999749999999999472e-01 1.842190000000000060e-03
9.999710000000000543e-01 4.650669999999999978e-03 6.006929999999999735e-03 -2.276819999999999886e-02 -4.648819999999999689e-03 9.999890000000000168e-01 -3.210970000000000057e-04 -1.071970000000000041e-02 -6.008359999999999916e-03 2.931620000000000233e-04 9.999820000000000375e-01 2.637720000000000082e-03
9.999710000000000543e-01 4.650669999999999978e-03 6.006929999999999735e-03 -2.276819999999999886e-02 -4.648819999999999689e-03 9.999890000000000168e-01 -3.210970000000000057e-04 -1.071970000000000041e-02 -6.008359999999999916e-03 2.931620000000000233e-04 9.999820000000000375e-01 2.637720000000000082e-03
9.999710000000000543e-01 4.650669999999999978e-03 6.006929999999999735e-03 -2.276819999999999886e-02 -4.648819999999999689e-03 9.999890000000000168e-01 -3.210970000000000057e-04 -1.071970000000000041e-02 -6.008359999999999916e-03 2.931620000000000233e-04 9.999820000000000375e-01 2.637720000000000082e-03
9.999710000000000543e-01 4.650669999999999978e-03 6.006929999999999735e-03 -2.276819999999999886e-02 -4.648819999999999689e-03 9.999890000000000168e-01 -3.210970000000000057e-04 -1.071970000000000041e-02 -6.008359999999999916e-03 2.931620000000000233e-04 9.999820000000000375e-01 2.637720000000000082e-03
9.999609999999999888e-01 4.870539999999999592e-03 7.421500000000000145e-03 -2.425739999999999841e-02 -4.867080000000000191e-03 9.999879999999999880e-01 -4.839150000000000179e-04 -8.321610000000000118e-03 -7.423769999999999675e-03 4.477749999999999743e-04 9.999719999999999720e-01 1.453319999999999916e-03
9.999609999999999888e-01 4.870539999999999592e-03 7.421500000000000145e-03 -2.425739999999999841e-02 -4.867080000000000191e-03 9.999879999999999880e-01 -4.839150000000000179e-04 -8.321610000000000118e-03 -7.423769999999999675e-03 4.477749999999999743e-04 9.999719999999999720e-01 1.453319999999999916e-03
9.999609999999999888e-01 4.870539999999999592e-03 7.421500000000000145e-03 -2.425739999999999841e-02 -4.867080000000000191e-03 9.999879999999999880e-01 -4.839150000000000179e-04 -8.321610000000000118e-03 -7.423769999999999675e-03 4.477749999999999743e-04 9.999719999999999720e-01 1.453319999999999916e-03
9.999609999999999888e-01 4.870539999999999592e-03 7.421500000000000145e-03 -2.425739999999999841e-02 -4.867080000000000191e-03 9.999879999999999880e-01 -4.839150000000000179e-04 -8.321610000000000118e-03 -7.423769999999999675e-03 4.477749999999999743e-04 9.999719999999999720e-01 1.453319999999999916e-03
9.999299999999999855e-01 6.668470000000000127e-03 9.822710000000000122e-03 -2.868609999999999910e-02 -6.668320000000000150e-03 9.999780000000000335e-01 -4.794269999999999755e-05 -9.436230000000000312e-03 -9.822819999999999468e-03 -1.756170000000000162e-05 9.999519999999999520e-01 1.697200000000000054e-03
9.999299999999999855e-01 6.668470000000000127e-03 9.822710000000000122e-03 -2.868609999999999910e-02 -6.668320000000000150e-03 9.999780000000000335e-01 -4.794269999999999755e-05 -9.436230000000000312e-03 -9.822819999999999468e-03 -1.756170000000000162e-05 9.999519999999999520e-01 1.697200000000000054e-03
9.999299999999999855e-01 6.668470000000000127e-03 9.822710000000000122e-03 -2.868609999999999910e-02 -6.668320000000000150e-03 9.999780000000000335e-01 -4.794269999999999755e-05 -9.436230000000000312e-03 -9.822819999999999468e-03 -1.756170000000000162e-05 9.999519999999999520e-01 1.697200000000000054e-03
9.999299999999999855e-01 6.668470000000000127e-03 9.822710000000000122e-03 -2.868609999999999910e-02 -6.668320000000000150e-03 9.999780000000000335e-01 -4.794269999999999755e-05 -9.436230000000000312e-03 -9.822819999999999468e-03 -1.756170000000000162e-05 9.999519999999999520e-01 1.697200000000000054e-03
9.999280000000000390e-01 6.719020000000000027e-03 9.919120000000000020e-03 -3.055209999999999870e-02 -6.714669999999999840e-03 9.999770000000000048e-01 -4.714130000000000078e-04 -1.059659999999999942e-02 -9.922059999999999907e-03 4.047759999999999748e-04 9.999510000000000343e-01 1.126510000000000055e-03
9.999280000000000390e-01 6.719020000000000027e-03 9.919120000000000020e-03 -3.055209999999999870e-02 -6.714669999999999840e-03 9.999770000000000048e-01 -4.714130000000000078e-04 -1.059659999999999942e-02 -9.922059999999999907e-03 4.047759999999999748e-04 9.999510000000000343e-01 1.126510000000000055e-03
9.999280000000000390e-01 6.719020000000000027e-03 9.919120000000000020e-03 -3.055209999999999870e-02 -6.714669999999999840e-03 9.999770000000000048e-01 -4.714130000000000078e-04 -1.059659999999999942e-02 -9.922059999999999907e-03 4.047759999999999748e-04 9.999510000000000343e-01 1.126510000000000055e-03
9.999280000000000390e-01 6.719020000000000027e-03 9.919120000000000020e-03 -3.055209999999999870e-02 -6.714669999999999840e-03 9.999770000000000048e-01 -4.714130000000000078e-04 -1.059659999999999942e-02 -9.922059999999999907e-03 4.047759999999999748e-04 9.999510000000000343e-01 1.126510000000000055e-03
9.999320000000000430e-01 7.058759999999999861e-03 9.238510000000000125e-03 -3.113020000000000023e-02 -7.058899999999999897e-03 9.999749999999999472e-01 -1.731919999999999844e-05 -9.978739999999999832e-03 -9.238400000000000778e-03 -4.789570000000000291e-05 9.999569999999999848e-01 9.333020000000000031e-04
9.999320000000000430e-01 7.058759999999999861e-03 9.238510000000000125e-03 -3.113020000000000023e-02 -7.058899999999999897e-03 9.999749999999999472e-01 -1.731919999999999844e-05 -9.978739999999999832e-03 -9.238400000000000778e-03 -4.789570000000000291e-05 9.999569999999999848e-01 9.333020000000000031e-04
9.999320000000000430e-01 7.058759999999999861e-03 9.238510000000000125e-03 -3.113020000000000023e-02 -7.058899999999999897e-03 9.999749999999999472e-01 -1.731919999999999844e-05 -9.978739999999999832e-03 -9.238400000000000778e-03 -4.789570000000000291e-05 9.999569999999999848e-01 9.333020000000000031e-04
9.999320000000000430e-01 7.058759999999999861e-03 9.238510000000000125e-03 -3.113020000000000023e-02 -7.058899999999999897e-03 9.999749999999999472e-01 -1.731919999999999844e-05 -9.978739999999999832e-03 -9.238400000000000778e-03 -4.789570000000000291e-05 9.999569999999999848e-01 9.333020000000000031e-04
9.999190000000000023e-01 7.172310000000000317e-03 1.052460000000000027e-02 -3.233470000000000094e-02 -7.147660000000000124e-03 9.999719999999999720e-01 -2.377760000000000030e-03 -6.893429999999999870e-03 -1.054139999999999938e-02 2.302339999999999942e-03 9.999419999999999975e-01 6.802219999999999393e-05
9.999190000000000023e-01 7.172310000000000317e-03 1.052460000000000027e-02 -3.233470000000000094e-02 -7.147660000000000124e-03 9.999719999999999720e-01 -2.377760000000000030e-03 -6.893429999999999870e-03 -1.054139999999999938e-02 2.302339999999999942e-03 9.999419999999999975e-01 6.802219999999999393e-05
9.999190000000000023e-01 7.172310000000000317e-03 1.052460000000000027e-02 -3.233470000000000094e-02 -7.147660000000000124e-03 9.999719999999999720e-01 -2.377760000000000030e-03 -6.893429999999999870e-03 -1.054139999999999938e-02 2.302339999999999942e-03 9.999419999999999975e-01 6.802219999999999393e-05
9.999190000000000023e-01 7.172310000000000317e-03 1.052460000000000027e-02 -3.233470000000000094e-02 -7.147660000000000124e-03 9.999719999999999720e-01 -2.377760000000000030e-03 -6.893429999999999870e-03 -1.054139999999999938e-02 2.302339999999999942e-03 9.999419999999999975e-01 6.802219999999999393e-05
9.999090000000000478e-01 7.003389999999999962e-03 1.152309999999999966e-02 -3.242910000000000237e-02 -6.962689999999999678e-03 9.999689999999999968e-01 -3.568140000000000027e-03 -6.375640000000000127e-03 -1.154780000000000043e-02 3.487580000000000107e-03 9.999270000000000103e-01 -8.331229999999999853e-05
9.999090000000000478e-01 7.003389999999999962e-03 1.152309999999999966e-02 -3.242910000000000237e-02 -6.962689999999999678e-03 9.999689999999999968e-01 -3.568140000000000027e-03 -6.375640000000000127e-03 -1.154780000000000043e-02 3.487580000000000107e-03 9.999270000000000103e-01 -8.331229999999999853e-05
9.999090000000000478e-01 7.003389999999999962e-03 1.152309999999999966e-02 -3.242910000000000237e-02 -6.962689999999999678e-03 9.999689999999999968e-01 -3.568140000000000027e-03 -6.375640000000000127e-03 -1.154780000000000043e-02 3.487580000000000107e-03 9.999270000000000103e-01 -8.331229999999999853e-05
9.999090000000000478e-01 7.003389999999999962e-03 1.152309999999999966e-02 -3.242910000000000237e-02 -6.962689999999999678e-03 9.999689999999999968e-01 -3.568140000000000027e-03 -6.375640000000000127e-03 -1.154780000000000043e-02 3.487580000000000107e-03 9.999270000000000103e-01 -8.331229999999999853e-05
9.998719999999999830e-01 4.453939999999999982e-03 1.534100000000000047e-02 -4.251830000000000193e-02 -4.397500000000000367e-03 9.999829999999999552e-01 -3.710649999999999799e-03 -4.356180000000000295e-03 -1.535719999999999967e-02 3.642709999999999958e-03 9.998749999999999583e-01 -7.047499999999999728e-04
9.998719999999999830e-01 4.453939999999999982e-03 1.534100000000000047e-02 -4.251830000000000193e-02 -4.397500000000000367e-03 9.999829999999999552e-01 -3.710649999999999799e-03 -4.356180000000000295e-03 -1.535719999999999967e-02 3.642709999999999958e-03 9.998749999999999583e-01 -7.047499999999999728e-04
9.998719999999999830e-01 4.453939999999999982e-03 1.534100000000000047e-02 -4.251830000000000193e-02 -4.397500000000000367e-03 9.999829999999999552e-01 -3.710649999999999799e-03 -4.356180000000000295e-03 -1.535719999999999967e-02 3.642709999999999958e-03 9.998749999999999583e-01 -7.047499999999999728e-04
9.998719999999999830e-01 4.453939999999999982e-03 1.534100000000000047e-02 -4.251830000000000193e-02 -4.397500000000000367e-03 9.999829999999999552e-01 -3.710649999999999799e-03 -4.356180000000000295e-03 -1.535719999999999967e-02 3.642709999999999958e-03 9.998749999999999583e-01 -7.047499999999999728e-04
9.999080000000000190e-01 8.010590000000000158e-04 1.355839999999999997e-02 -4.051749999999999796e-02 -7.573270000000000219e-04 9.999940000000000495e-01 -3.230269999999999930e-03 -4.406560000000000338e-03 -1.356090000000000073e-02 3.219699999999999819e-03 9.999029999999999863e-01 -1.689980000000000106e-04
9.999080000000000190e-01 8.010590000000000158e-04 1.355839999999999997e-02 -4.051749999999999796e-02 -7.573270000000000219e-04 9.999940000000000495e-01 -3.230269999999999930e-03 -4.406560000000000338e-03 -1.356090000000000073e-02 3.219699999999999819e-03 9.999029999999999863e-01 -1.689980000000000106e-04
9.999080000000000190e-01 8.010590000000000158e-04 1.355839999999999997e-02 -4.051749999999999796e-02 -7.573270000000000219e-04 9.999940000000000495e-01 -3.230269999999999930e-03 -4.406560000000000338e-03 -1.356090000000000073e-02 3.219699999999999819e-03 9.999029999999999863e-01 -1.689980000000000106e-04
9.999080000000000190e-01 8.010590000000000158e-04 1.355839999999999997e-02 -4.051749999999999796e-02 -7.573270000000000219e-04 9.999940000000000495e-01 -3.230269999999999930e-03 -4.406560000000000338e-03 -1.356090000000000073e-02 3.219699999999999819e-03 9.999029999999999863e-01 -1.689980000000000106e-04
9.999040000000000150e-01 -1.838020000000000105e-03 1.371799999999999929e-02 -4.306000000000000105e-02 1.893310000000000045e-03 9.999900000000000455e-01 -4.018930000000000419e-03 -6.609369999999999828e-03 -1.371039999999999932e-02 4.044520000000000233e-03 9.998979999999999535e-01 1.167100000000000057e-05
9.999040000000000150e-01 -1.838020000000000105e-03 1.371799999999999929e-02 -4.306000000000000105e-02 1.893310000000000045e-03 9.999900000000000455e-01 -4.018930000000000419e-03 -6.609369999999999828e-03 -1.371039999999999932e-02 4.044520000000000233e-03 9.998979999999999535e-01 1.167100000000000057e-05
9.999040000000000150e-01 -1.838020000000000105e-03 1.371799999999999929e-02 -4.306000000000000105e-02 1.893310000000000045e-03 9.999900000000000455e-01 -4.018930000000000419e-03 -6.609369999999999828e-03 -1.371039999999999932e-02 4.044520000000000233e-03 9.998979999999999535e-01 1.167100000000000057e-05
9.999040000000000150e-01 -1.838020000000000105e-03 1.371799999999999929e-02 -4.306000000000000105e-02 1.893310000000000045e-03 9.999900000000000455e-01 -4.018930000000000419e-03 -6.609369999999999828e-03 -1.371039999999999932e-02 4.044520000000000233e-03 9.998979999999999535e-01 1.167100000000000057e-05
9.999050000000000438e-01 -5.425489999999999827e-03 1.263820000000000048e-02 -4.410019999999999912e-02 5.480750000000000378e-03 9.999759999999999760e-01 -4.341900000000000100e-03 -6.216649999999999780e-03 -1.261439999999999957e-02 4.410749999999999740e-03 9.999109999999999943e-01 -1.908970000000000068e-03
9.999050000000000438e-01 -5.425489999999999827e-03 1.263820000000000048e-02 -4.410019999999999912e-02 5.480750000000000378e-03 9.999759999999999760e-01 -4.341900000000000100e-03 -6.216649999999999780e-03 -1.261439999999999957e-02 4.410749999999999740e-03 9.999109999999999943e-01 -1.908970000000000068e-03
9.999050000000000438e-01 -5.425489999999999827e-03 1.263820000000000048e-02 -4.410019999999999912e-02 5.480750000000000378e-03 9.999759999999999760e-01 -4.341900000000000100e-03 -6.216649999999999780e-03 -1.261439999999999957e-02 4.410749999999999740e-03 9.999109999999999943e-01 -1.908970000000000068e-03
9.999050000000000438e-01 -5.425489999999999827e-03 1.263820000000000048e-02 -4.410019999999999912e-02 5.480750000000000378e-03 9.999759999999999760e-01 -4.341900000000000100e-03 -6.216649999999999780e-03 -1.261439999999999957e-02 4.410749999999999740e-03 9.999109999999999943e-01 -1.908970000000000068e-03
9.999090000000000478e-01 -6.965810000000000231e-03 1.158159999999999919e-02 -4.373169999999999835e-02 7.003829999999999951e-03 9.999700000000000255e-01 -3.245599999999999961e-03 -8.416009999999999810e-03 -1.155860000000000047e-02 3.326420000000000071e-03 9.999280000000000390e-01 -2.608950000000000071e-03
9.999090000000000478e-01 -6.965810000000000231e-03 1.158159999999999919e-02 -4.373169999999999835e-02 7.003829999999999951e-03 9.999700000000000255e-01 -3.245599999999999961e-03 -8.416009999999999810e-03 -1.155860000000000047e-02 3.326420000000000071e-03 9.999280000000000390e-01 -2.608950000000000071e-03
9.999090000000000478e-01 -6.965810000000000231e-03 1.158159999999999919e-02 -4.373169999999999835e-02 7.003829999999999951e-03 9.999700000000000255e-01 -3.245599999999999961e-03 -8.416009999999999810e-03 -1.155860000000000047e-02 3.326420000000000071e-03 9.999280000000000390e-01 -2.608950000000000071e-03
9.999090000000000478e-01 -6.965810000000000231e-03 1.158159999999999919e-02 -4.373169999999999835e-02 7.003829999999999951e-03 9.999700000000000255e-01 -3.245599999999999961e-03 -8.416009999999999810e-03 -1.155860000000000047e-02 3.326420000000000071e-03 9.999280000000000390e-01 -2.608950000000000071e-03
9.998930000000000318e-01 -7.175550000000000157e-03 1.278619999999999930e-02 -4.032020000000000048e-02 7.232999999999999846e-03 9.999639999999999640e-01 -4.452639999999999897e-03 -7.611210000000000198e-03 -1.275379999999999917e-02 4.544649999999999905e-03 9.999080000000000190e-01 -2.913119999999999946e-03
9.998930000000000318e-01 -7.175550000000000157e-03 1.278619999999999930e-02 -4.032020000000000048e-02 7.232999999999999846e-03 9.999639999999999640e-01 -4.452639999999999897e-03 -7.611210000000000198e-03 -1.275379999999999917e-02 4.544649999999999905e-03 9.999080000000000190e-01 -2.913119999999999946e-03
9.998930000000000318e-01 -7.175550000000000157e-03 1.278619999999999930e-02 -4.032020000000000048e-02 7.232999999999999846e-03 9.999639999999999640e-01 -4.452639999999999897e-03 -7.611210000000000198e-03 -1.275379999999999917e-02 4.544649999999999905e-03 9.999080000000000190e-01 -2.913119999999999946e-03
9.998930000000000318e-01 -7.175550000000000157e-03 1.278619999999999930e-02 -4.032020000000000048e-02 7.232999999999999846e-03 9.999639999999999640e-01 -4.452639999999999897e-03 -7.611210000000000198e-03 -1.275379999999999917e-02 4.544649999999999905e-03 9.999080000000000190e-01 -2.913119999999999946e-03
9.998609999999999998e-01 -7.582870000000000235e-03 1.481799999999999957e-02 -4.318349999999999966e-02 7.662450000000000337e-03 9.999559999999999560e-01 -5.321030000000000031e-03 -7.580319999999999767e-03 -1.477700000000000020e-02 5.433829999999999737e-03 9.998759999999999870e-01 -3.020870000000000152e-03
9.998609999999999998e-01 -7.582870000000000235e-03 1.481799999999999957e-02 -4.318349999999999966e-02 7.662450000000000337e-03 9.999559999999999560e-01 -5.321030000000000031e-03 -7.580319999999999767e-03 -1.477700000000000020e-02 5.433829999999999737e-03 9.998759999999999870e-01 -3.020870000000000152e-03
9.998609999999999998e-01 -7.582870000000000235e-03 1.481799999999999957e-02 -4.318349999999999966e-02 7.662450000000000337e-03 9.999559999999999560e-01 -5.321030000000000031e-03 -7.580319999999999767e-03 -1.477700000000000020e-02 5.433829999999999737e-03 9.998759999999999870e-01 -3.020870000000000152e-03
9.998609999999999998e-01 -7.582870000000000235e-03 1.481799999999999957e-02 -4.318349999999999966e-02 7.662450000000000337e-03 9.999559999999999560e-01 -5.321030000000000031e-03 -7.580319999999999767e-03 -1.477700000000000020e-02 5.433829999999999737e-03 9.998759999999999870e-01 -3.020870000000000152e-03
9.997930000000000428e-01 -9.485469999999999319e-03 1.802110000000000170e-02 -5.585319999999999868e-02 9.548310000000000825e-03 9.999489999999999768e-01 -3.403900000000000068e-03 -1.180939999999999941e-02 -1.798790000000000111e-02 3.575259999999999810e-03 9.998320000000000540e-01 -4.309269999999999594e-03
9.997930000000000428e-01 -9.485469999999999319e-03 1.802110000000000170e-02 -5.585319999999999868e-02 9.548310000000000825e-03 9.999489999999999768e-01 -3.403900000000000068e-03 -1.180939999999999941e-02 -1.798790000000000111e-02 3.575259999999999810e-03 9.998320000000000540e-01 -4.309269999999999594e-03
9.997930000000000428e-01 -9.485469999999999319e-03 1.802110000000000170e-02 -5.585319999999999868e-02 9.548310000000000825e-03 9.999489999999999768e-01 -3.403900000000000068e-03 -1.180939999999999941e-02 -1.798790000000000111e-02 3.575259999999999810e-03 9.998320000000000540e-01 -4.309269999999999594e-03
9.997930000000000428e-01 -9.485469999999999319e-03 1.802110000000000170e-02 -5.585319999999999868e-02 9.548310000000000825e-03 9.999489999999999768e-01 -3.403900000000000068e-03 -1.180939999999999941e-02 -1.798790000000000111e-02 3.575259999999999810e-03 9.998320000000000540e-01 -4.309269999999999594e-03
9.997850000000000348e-01 -1.174419999999999978e-02 1.709199999999999955e-02 -5.896339999999999915e-02 1.186639999999999917e-02 9.999050000000000438e-01 -7.060519999999999817e-03 -6.821800000000000259e-03 -1.700749999999999831e-02 7.261820000000000427e-03 9.998289999999999678e-01 -5.639479999999999667e-03
9.997850000000000348e-01 -1.174419999999999978e-02 1.709199999999999955e-02 -5.896339999999999915e-02 1.186639999999999917e-02 9.999050000000000438e-01 -7.060519999999999817e-03 -6.821800000000000259e-03 -1.700749999999999831e-02 7.261820000000000427e-03 9.998289999999999678e-01 -5.639479999999999667e-03
9.997850000000000348e-01 -1.174419999999999978e-02 1.709199999999999955e-02 -5.896339999999999915e-02 1.186639999999999917e-02 9.999050000000000438e-01 -7.060519999999999817e-03 -6.821800000000000259e-03 -1.700749999999999831e-02 7.261820000000000427e-03 9.998289999999999678e-01 -5.639479999999999667e-03
9.997850000000000348e-01 -1.174419999999999978e-02 1.709199999999999955e-02 -5.896339999999999915e-02 1.186639999999999917e-02 9.999050000000000438e-01 -7.060519999999999817e-03 -6.821800000000000259e-03 -1.700749999999999831e-02 7.261820000000000427e-03 9.998289999999999678e-01 -5.639479999999999667e-03
9.998080000000000300e-01 -1.330169999999999964e-02 1.442270000000000010e-02 -5.573260000000000020e-02 1.342499999999999943e-02 9.998740000000000405e-01 -8.481809999999999350e-03 -2.919940000000000209e-03 -1.430799999999999954e-02 8.673800000000000607e-03 9.998599999999999710e-01 -9.552120000000000749e-03
9.998080000000000300e-01 -1.330169999999999964e-02 1.442270000000000010e-02 -5.573260000000000020e-02 1.342499999999999943e-02 9.998740000000000405e-01 -8.481809999999999350e-03 -2.919940000000000209e-03 -1.430799999999999954e-02 8.673800000000000607e-03 9.998599999999999710e-01 -9.552120000000000749e-03
9.998080000000000300e-01 -1.330169999999999964e-02 1.442270000000000010e-02 -5.573260000000000020e-02 1.342499999999999943e-02 9.998740000000000405e-01 -8.481809999999999350e-03 -2.919940000000000209e-03 -1.430799999999999954e-02 8.673800000000000607e-03 9.998599999999999710e-01 -9.552120000000000749e-03
9.998080000000000300e-01 -1.330169999999999964e-02 1.442270000000000010e-02 -5.573260000000000020e-02 1.342499999999999943e-02 9.998740000000000405e-01 -8.481809999999999350e-03 -2.919940000000000209e-03 -1.430799999999999954e-02 8.673800000000000607e-03 9.998599999999999710e-01 -9.552120000000000749e-03
9.997939999999999605e-01 -1.335129999999999997e-02 1.525849999999999949e-02 -6.027230000000000087e-02 1.347259999999999951e-02 9.998780000000000445e-01 -7.872290000000000537e-03 -2.299509999999999835e-03 -1.515159999999999944e-02 8.076240000000000155e-03 9.998529999999999918e-01 -9.726610000000000117e-03
9.997939999999999605e-01 -1.335129999999999997e-02 1.525849999999999949e-02 -6.027230000000000087e-02 1.347259999999999951e-02 9.998780000000000445e-01 -7.872290000000000537e-03 -2.299509999999999835e-03 -1.515159999999999944e-02 8.076240000000000155e-03 9.998529999999999918e-01 -9.726610000000000117e-03
9.997939999999999605e-01 -1.335129999999999997e-02 1.525849999999999949e-02 -6.027230000000000087e-02 1.347259999999999951e-02 9.998780000000000445e-01 -7.872290000000000537e-03 -2.299509999999999835e-03 -1.515159999999999944e-02 8.076240000000000155e-03 9.998529999999999918e-01 -9.726610000000000117e-03
9.997939999999999605e-01 -1.335129999999999997e-02 1.525849999999999949e-02 -6.027230000000000087e-02 1.347259999999999951e-02 9.998780000000000445e-01 -7.872290000000000537e-03 -2.299509999999999835e-03 -1.515159999999999944e-02 8.076240000000000155e-03 9.998529999999999918e-01 -9.726610000000000117e-03
9.997489999999999988e-01 -1.281889999999999939e-02 1.836080000000000004e-02 -6.904839999999999589e-02 1.299110000000000022e-02 9.998719999999999830e-01 -9.286640000000000519e-03 -4.924529999999999880e-03 -1.823939999999999936e-02 9.522839999999999430e-03 9.997880000000000100e-01 -1.245040000000000036e-02
9.997489999999999988e-01 -1.281889999999999939e-02 1.836080000000000004e-02 -6.904839999999999589e-02 1.299110000000000022e-02 9.998719999999999830e-01 -9.286640000000000519e-03 -4.924529999999999880e-03 -1.823939999999999936e-02 9.522839999999999430e-03 9.997880000000000100e-01 -1.245040000000000036e-02
9.997489999999999988e-01 -1.281889999999999939e-02 1.836080000000000004e-02 -6.904839999999999589e-02 1.299110000000000022e-02 9.998719999999999830e-01 -9.286640000000000519e-03 -4.924529999999999880e-03 -1.823939999999999936e-02 9.522839999999999430e-03 9.997880000000000100e-01 -1.245040000000000036e-02
9.997489999999999988e-01 -1.281889999999999939e-02 1.836080000000000004e-02 -6.904839999999999589e-02 1.299110000000000022e-02 9.998719999999999830e-01 -9.286640000000000519e-03 -4.924529999999999880e-03 -1.823939999999999936e-02 9.522839999999999430e-03 9.997880000000000100e-01 -1.245040000000000036e-02
9.997319999999999540e-01 -1.232869999999999973e-02 1.961740000000000012e-02 -7.293379999999999308e-02 1.249040000000000046e-02 9.998890000000000278e-01 -8.144069999999999782e-03 -5.304579999999999712e-03 -1.951479999999999881e-02 8.386909999999999157e-03 9.997740000000000515e-01 -1.537849999999999981e-02
9.997319999999999540e-01 -1.232869999999999973e-02 1.961740000000000012e-02 -7.293379999999999308e-02 1.249040000000000046e-02 9.998890000000000278e-01 -8.144069999999999782e-03 -5.304579999999999712e-03 -1.951479999999999881e-02 8.386909999999999157e-03 9.997740000000000515e-01 -1.537849999999999981e-02
9.997319999999999540e-01 -1.232869999999999973e-02 1.961740000000000012e-02 -7.293379999999999308e-02 1.249040000000000046e-02 9.998890000000000278e-01 -8.144069999999999782e-03 -5.304579999999999712e-03 -1.951479999999999881e-02 8.386909999999999157e-03 9.997740000000000515e-01 -1.537849999999999981e-02
9.997319999999999540e-01 -1.232869999999999973e-02 1.961740000000000012e-02 -7.293379999999999308e-02 1.249040000000000046e-02 9.998890000000000278e-01 -8.144069999999999782e-03 -5.304579999999999712e-03 -1.951479999999999881e-02 8.386909999999999157e-03 9.997740000000000515e-01 -1.537849999999999981e-02
9.997019999999999795e-01 -1.066609999999999954e-02 2.196789999999999854e-02 -7.615399999999999947e-02 1.094909999999999980e-02 9.998580000000000245e-01 -1.279989999999999947e-02 2.555609999999999826e-03 -2.182829999999999840e-02 1.303660000000000062e-02 9.996770000000000378e-01 -1.427229999999999992e-02
9.997019999999999795e-01 -1.066609999999999954e-02 2.196789999999999854e-02 -7.615399999999999947e-02 1.094909999999999980e-02 9.998580000000000245e-01 -1.279989999999999947e-02 2.555609999999999826e-03 -2.182829999999999840e-02 1.303660000000000062e-02 9.996770000000000378e-01 -1.427229999999999992e-02
9.997019999999999795e-01 -1.066609999999999954e-02 2.196789999999999854e-02 -7.615399999999999947e-02 1.094909999999999980e-02 9.998580000000000245e-01 -1.279989999999999947e-02 2.555609999999999826e-03 -2.182829999999999840e-02 1.303660000000000062e-02 9.996770000000000378e-01 -1.427229999999999992e-02
9.997019999999999795e-01 -1.066609999999999954e-02 2.196789999999999854e-02 -7.615399999999999947e-02 1.094909999999999980e-02 9.998580000000000245e-01 -1.279989999999999947e-02 2.555609999999999826e-03 -2.182829999999999840e-02 1.303660000000000062e-02 9.996770000000000378e-01 -1.427229999999999992e-02
9.996190000000000353e-01 -1.116849999999999961e-02 2.523560000000000039e-02 -8.543069999999999831e-02 1.157369999999999927e-02 9.998050000000000548e-01 -1.596960000000000046e-02 5.210570000000000306e-03 -2.505239999999999898e-02 1.625559999999999852e-02 9.995540000000000536e-01 -1.845830000000000040e-02
9.996190000000000353e-01 -1.116849999999999961e-02 2.523560000000000039e-02 -8.543069999999999831e-02 1.157369999999999927e-02 9.998050000000000548e-01 -1.596960000000000046e-02 5.210570000000000306e-03 -2.505239999999999898e-02 1.625559999999999852e-02 9.995540000000000536e-01 -1.845830000000000040e-02
9.996190000000000353e-01 -1.116849999999999961e-02 2.523560000000000039e-02 -8.543069999999999831e-02 1.157369999999999927e-02 9.998050000000000548e-01 -1.596960000000000046e-02 5.210570000000000306e-03 -2.505239999999999898e-02 1.625559999999999852e-02 9.995540000000000536e-01 -1.845830000000000040e-02
9.996190000000000353e-01 -1.116849999999999961e-02 2.523560000000000039e-02 -8.543069999999999831e-02 1.157369999999999927e-02 9.998050000000000548e-01 -1.596960000000000046e-02 5.210570000000000306e-03 -2.505239999999999898e-02 1.625559999999999852e-02 9.995540000000000536e-01 -1.845830000000000040e-02
9.996369999999999978e-01 -1.118210000000000037e-02 2.452450000000000116e-02 -8.581360000000000376e-02 1.152899999999999932e-02 9.998350000000000293e-01 -1.404880000000000018e-02 7.919129999999999919e-03 -2.436340000000000033e-02 1.432639999999999955e-02 9.996009999999999618e-01 -1.973959999999999951e-02
9.996369999999999978e-01 -1.118210000000000037e-02 2.452450000000000116e-02 -8.581360000000000376e-02 1.152899999999999932e-02 9.998350000000000293e-01 -1.404880000000000018e-02 7.919129999999999919e-03 -2.436340000000000033e-02 1.432639999999999955e-02 9.996009999999999618e-01 -1.973959999999999951e-02
9.996369999999999978e-01 -1.118210000000000037e-02 2.452450000000000116e-02 -8.581360000000000376e-02 1.152899999999999932e-02 9.998350000000000293e-01 -1.404880000000000018e-02 7.919129999999999919e-03 -2.436340000000000033e-02 1.432639999999999955e-02 9.996009999999999618e-01 -1.973959999999999951e-02
9.996369999999999978e-01 -1.118210000000000037e-02 2.452450000000000116e-02 -8.581360000000000376e-02 1.152899999999999932e-02 9.998350000000000293e-01 -1.404880000000000018e-02 7.919129999999999919e-03 -2.436340000000000033e-02 1.432639999999999955e-02 9.996009999999999618e-01 -1.973959999999999951e-02
9.995600000000000041e-01 -1.010830000000000062e-02 2.789260000000000003e-02 -9.591270000000000351e-02 1.046550000000000084e-02 9.998650000000000038e-01 -1.269290000000000002e-02 6.224760000000000189e-03 -2.776050000000000045e-02 1.297919999999999977e-02 9.995300000000000296e-01 -2.094640000000000044e-02
9.995600000000000041e-01 -1.010830000000000062e-02 2.789260000000000003e-02 -9.591270000000000351e-02 1.046550000000000084e-02 9.998650000000000038e-01 -1.269290000000000002e-02 6.224760000000000189e-03 -2.776050000000000045e-02 1.297919999999999977e-02 9.995300000000000296e-01 -2.094640000000000044e-02
9.995600000000000041e-01 -1.010830000000000062e-02 2.789260000000000003e-02 -9.591270000000000351e-02 1.046550000000000084e-02 9.998650000000000038e-01 -1.269290000000000002e-02 6.224760000000000189e-03 -2.776050000000000045e-02 1.297919999999999977e-02 9.995300000000000296e-01 -2.094640000000000044e-02
9.995600000000000041e-01 -1.010830000000000062e-02 2.789260000000000003e-02 -9.591270000000000351e-02 1.046550000000000084e-02 9.998650000000000038e-01 -1.269290000000000002e-02 6.224760000000000189e-03 -2.776050000000000045e-02 1.297919999999999977e-02 9.995300000000000296e-01 -2.094640000000000044e-02
9.994709999999999983e-01 -1.056810000000000041e-02 3.077169999999999905e-02 -1.050689999999999957e-01 1.093670000000000059e-02 9.998700000000000365e-01 -1.183380000000000022e-02 6.624760000000000371e-03 -3.064259999999999901e-02 1.216399999999999947e-02 9.994560000000000111e-01 -2.373590000000000075e-02
9.994709999999999983e-01 -1.056810000000000041e-02 3.077169999999999905e-02 -1.050689999999999957e-01 1.093670000000000059e-02 9.998700000000000365e-01 -1.183380000000000022e-02 6.624760000000000371e-03 -3.064259999999999901e-02 1.216399999999999947e-02 9.994560000000000111e-01 -2.373590000000000075e-02
9.994709999999999983e-01 -1.056810000000000041e-02 3.077169999999999905e-02 -1.050689999999999957e-01 1.093670000000000059e-02 9.998700000000000365e-01 -1.183380000000000022e-02 6.624760000000000371e-03 -3.064259999999999901e-02 1.216399999999999947e-02 9.994560000000000111e-01 -2.373590000000000075e-02
9.994709999999999983e-01 -1.056810000000000041e-02 3.077169999999999905e-02 -1.050689999999999957e-01 1.093670000000000059e-02 9.998700000000000365e-01 -1.183380000000000022e-02 6.624760000000000371e-03 -3.064259999999999901e-02 1.216399999999999947e-02 9.994560000000000111e-01 -2.373590000000000075e-02
9.995020000000000016e-01 -1.092169999999999946e-02 2.960640000000000147e-02 -1.079859999999999987e-01 1.123730000000000041e-02 9.998820000000000485e-01 -1.051159999999999942e-02 9.928040000000000823e-03 -2.948809999999999973e-02 1.083899999999999968e-02 9.995060000000000056e-01 -2.278610000000000010e-02
9.995020000000000016e-01 -1.092169999999999946e-02 2.960640000000000147e-02 -1.079859999999999987e-01 1.123730000000000041e-02 9.998820000000000485e-01 -1.051159999999999942e-02 9.928040000000000823e-03 -2.948809999999999973e-02 1.083899999999999968e-02 9.995060000000000056e-01 -2.278610000000000010e-02
9.995020000000000016e-01 -1.092169999999999946e-02 2.960640000000000147e-02 -1.079859999999999987e-01 1.123730000000000041e-02 9.998820000000000485e-01 -1.051159999999999942e-02 9.928040000000000823e-03 -2.948809999999999973e-02 1.083899999999999968e-02 9.995060000000000056e-01 -2.278610000000000010e-02
9.995020000000000016e-01 -1.092169999999999946e-02 2.960640000000000147e-02 -1.079859999999999987e-01 1.123730000000000041e-02 9.998820000000000485e-01 -1.051159999999999942e-02 9.928040000000000823e-03 -2.948809999999999973e-02 1.083899999999999968e-02 9.995060000000000056e-01 -2.278610000000000010e-02
9.995230000000000503e-01 -1.096319999999999933e-02 2.886210000000000164e-02 -1.090809999999999974e-01 1.128340000000000072e-02 9.998759999999999870e-01 -1.095430000000000015e-02 1.725459999999999841e-02 -2.873850000000000016e-02 1.127479999999999975e-02 9.995230000000000503e-01 -2.467710000000000042e-02
9.995230000000000503e-01 -1.096319999999999933e-02 2.886210000000000164e-02 -1.090809999999999974e-01 1.128340000000000072e-02 9.998759999999999870e-01 -1.095430000000000015e-02 1.725459999999999841e-02 -2.873850000000000016e-02 1.127479999999999975e-02 9.995230000000000503e-01 -2.467710000000000042e-02
9.995230000000000503e-01 -1.096319999999999933e-02 2.886210000000000164e-02 -1.090809999999999974e-01 1.128340000000000072e-02 9.998759999999999870e-01 -1.095430000000000015e-02 1.725459999999999841e-02 -2.873850000000000016e-02 1.127479999999999975e-02 9.995230000000000503e-01 -2.467710000000000042e-02
9.995230000000000503e-01 -1.096319999999999933e-02 2.886210000000000164e-02 -1.090809999999999974e-01 1.128340000000000072e-02 9.998759999999999870e-01 -1.095430000000000015e-02 1.725459999999999841e-02 -2.873850000000000016e-02 1.127479999999999975e-02 9.995230000000000503e-01 -2.467710000000000042e-02
9.995420000000000416e-01 -1.103789999999999979e-02 2.817240000000000022e-02 -1.098029999999999978e-01 1.121630000000000023e-02 9.999179999999999735e-01 -6.183029999999999950e-03 1.691559999999999939e-02 -2.810179999999999970e-02 6.496189999999999777e-03 9.995840000000000281e-01 -2.551519999999999830e-02
9.995420000000000416e-01 -1.103789999999999979e-02 2.817240000000000022e-02 -1.098029999999999978e-01 1.121630000000000023e-02 9.999179999999999735e-01 -6.183029999999999950e-03 1.691559999999999939e-02 -2.810179999999999970e-02 6.496189999999999777e-03 9.995840000000000281e-01 -2.551519999999999830e-02
9.995420000000000416e-01 -1.103789999999999979e-02 2.817240000000000022e-02 -1.098029999999999978e-01 1.121630000000000023e-02 9.999179999999999735e-01 -6.183029999999999950e-03 1.691559999999999939e-02 -2.810179999999999970e-02 6.496189999999999777e-03 9.995840000000000281e-01 -2.551519999999999830e-02
9.995420000000000416e-01 -1.103789999999999979e-02 2.817240000000000022e-02 -1.098029999999999978e-01 1.121630000000000023e-02 9.999179999999999735e-01 -6.183029999999999950e-03 1.691559999999999939e-02 -2.810179999999999970e-02 6.496189999999999777e-03 9.995840000000000281e-01 -2.551519999999999830e-02
9.994849999999999568e-01 -8.845580000000000456e-03 3.083479999999999902e-02 -1.224559999999999954e-01 9.007360000000000713e-03 9.999460000000000015e-01 -5.111690000000000331e-03 1.352390000000000016e-02 -3.078789999999999999e-02 5.386799999999999748e-03 9.995110000000000383e-01 -2.255820000000000047e-02
9.994849999999999568e-01 -8.845580000000000456e-03 3.083479999999999902e-02 -1.224559999999999954e-01 9.007360000000000713e-03 9.999460000000000015e-01 -5.111690000000000331e-03 1.352390000000000016e-02 -3.078789999999999999e-02 5.386799999999999748e-03 9.995110000000000383e-01 -2.255820000000000047e-02
9.994849999999999568e-01 -8.845580000000000456e-03 3.083479999999999902e-02 -1.224559999999999954e-01 9.007360000000000713e-03 9.999460000000000015e-01 -5.111690000000000331e-03 1.352390000000000016e-02 -3.078789999999999999e-02 5.386799999999999748e-03 9.995110000000000383e-01 -2.255820000000000047e-02
9.994849999999999568e-01 -8.845580000000000456e-03 3.083479999999999902e-02 -1.224559999999999954e-01 9.007360000000000713e-03 9.999460000000000015e-01 -5.111690000000000331e-03 1.352390000000000016e-02 -3.078789999999999999e-02 5.386799999999999748e-03 9.995110000000000383e-01 -2.255820000000000047e-02
