1.000000000000000000e+00 0.000000000000000000e+00 0.000000000000000000e+00 -0.000000000000000000e+00 0.000000000000000000e+00 1.000000000000000000e+00 0.000000000000000000e+00 -0.000000000000000000e+00 0.000000000000000000e+00 0.000000000000000000e+00 1.000000000000000000e+00 -0.000000000000000000e+00
9.999988050000000461e-01 -1.182227130000000018e-03 -9.961889629999999031e-04 3.869860000000000248e-04 1.182927170000000038e-03 9.999990539999999983e-01 7.024187030000000193e-04 -9.133060000000000136e-04 9.953576010000000831e-04 -7.035962829999999708e-04 9.999992570000000303e-01 5.397930000000000002e-04
9.999988309999999769e-01 -1.077288559999999961e-03 -1.084678259999999990e-03 5.610909999999999986e-04 1.077850040000000046e-03 9.999992850000000155e-01 5.171934050000000010e-04 -1.955290000000000153e-03 1.084120320000000071e-03 -5.183619209999999582e-04 9.999992779999999915e-01 7.654079999999999738e-04
9.999998970000000265e-01 -2.892340099999999897e-04 -3.490001820000000038e-04 -1.153049999999999946e-04 2.891379500000000190e-04 9.999999200000000421e-01 -2.752624490000000167e-04 -1.146759999999999924e-03 3.490797689999999864e-04 2.751615120000000178e-04 9.999999010000000244e-01 8.742799999999999573e-04
9.999994159999999743e-01 1.061455630000000079e-03 -2.034111530000000064e-04 -7.110489999999999476e-04 -1.061335559999999987e-03 9.999992629999999716e-01 5.894638930000000408e-04 -1.402339999999999967e-03 2.040366929999999916e-04 -5.892476609999999521e-04 9.999998060000000466e-01 1.345099999999999898e-03
9.999975840000000504e-01 2.109967199999999987e-03 -6.162606539999999737e-04 -5.826269999999999496e-04 -2.109190249999999805e-03 9.999969829999999504e-01 1.258694670000000014e-03 -2.530140000000000167e-03 6.189146000000000187e-04 -1.257391810000000080e-03 9.999990180000000173e-01 1.608070000000000072e-03
9.999959099999999879e-01 2.831005189999999828e-03 -4.073259180000000121e-04 -4.449249999999999863e-04 -2.830788490000000091e-03 9.999958519999999629e-01 5.315930220000000383e-04 -1.817840000000000037e-03 4.088291710000000064e-04 -5.304377940000000024e-04 9.999997760000000069e-01 1.853279999999999901e-03
9.999951040000000235e-01 3.117792119999999827e-03 2.685401929999999882e-04 5.124850000000000239e-04 -3.118396959999999909e-03 9.999925339999999885e-01 2.282162879999999859e-03 -1.851819999999999898e-03 -2.614228789999999895e-04 -2.282989119999999979e-03 9.999973599999999463e-01 2.210080000000000117e-03
9.999934390000000395e-01 3.085660300000000154e-03 1.897510339999999981e-03 1.044189999999999962e-03 -3.093120119999999938e-03 9.999874499999999999e-01 3.941085819999999747e-03 -2.369560000000000156e-03 -1.885325669999999903e-03 -3.946929190000000170e-03 9.999904339999999836e-01 2.594930000000000066e-03
9.999908770000000002e-01 2.505944009999999927e-03 3.459241159999999846e-03 -3.351449999999999904e-05 -2.524945130000000142e-03 9.999816900000000341e-01 5.499464120000000303e-03 -3.460309999999999862e-03 -3.445396480000000126e-03 -5.508148350000000373e-03 9.999788950000000343e-01 3.246320000000000022e-03
9.999915579999999471e-01 2.296945019999999810e-03 3.407106850000000096e-03 5.650299999999999756e-05 -2.317306439999999856e-03 9.999794090000000413e-01 5.984300560000000054e-03 -3.807739999999999996e-03 -3.393291080000000216e-03 -5.992145350000000273e-03 9.999762899999999899e-01 3.595960000000000042e-03
9.999926630000000038e-01 2.100192979999999845e-03 3.203722449999999930e-03 1.479060000000000032e-04 -2.121295100000000072e-03 9.999759849999999561e-01 6.597636270000000261e-03 -4.242469999999999922e-03 -3.189789199999999800e-03 -6.604383900000000002e-03 9.999731029999999743e-01 4.014870000000000244e-03
9.999929979999999663e-01 2.116172449999999868e-03 3.086366079999999790e-03 -5.657880000000000114e-04 -2.137276740000000098e-03 9.999742499999999534e-01 6.850716110000000178e-03 -5.279970000000000149e-03 -3.071789299999999785e-03 -6.857264560000000432e-03 9.999717710000000093e-01 4.073839999999999580e-03
9.999910199999999527e-01 3.814596969999999986e-03 1.846267649999999965e-03 -1.611580000000000044e-03 -3.825475080000000170e-03 9.999751310000000171e-01 5.924717969999999945e-03 -6.735030000000000357e-03 -1.823621319999999902e-03 -5.931727619999999611e-03 9.999807440000000325e-01 4.276049999999999990e-03
9.999779319999999583e-01 6.629034310000000291e-03 4.367761629999999929e-04 -1.616709999999999935e-03 -6.630675760000000370e-03 9.999705269999999979e-01 3.870428390000000152e-03 -6.875459999999999905e-03 -4.111060869999999816e-04 -3.873239100000000143e-03 9.999924140000000516e-01 4.269150000000000202e-03
9.999625070000000004e-01 8.647149599999999145e-03 4.594312309999999981e-04 -2.221910000000000118e-03 -8.648478149999999642e-03 9.999581819999999732e-01 2.973019410000000019e-03 -7.402749999999999608e-03 -4.337038739999999953e-04 -2.976881330000000214e-03 9.999954749999999670e-01 4.479050000000000045e-03
9.999465680000000356e-01 1.032813150000000055e-02 -4.364480129999999815e-04 -3.105399999999999914e-03 -1.032735000000000077e-02 9.999451289999999881e-01 1.756358939999999895e-03 -9.438429999999999390e-03 4.545639709999999738e-04 -1.751757750000000093e-03 9.999983620000000295e-01 5.040710000000000329e-03
9.999188669999999890e-01 1.243419800000000047e-02 -2.766049599999999796e-03 -2.648030000000000002e-03 -1.243485010000000036e-02 9.999226599999999632e-01 -2.186763100000000131e-04 -7.311090000000000123e-03 2.763116610000000088e-03 2.530539809999999743e-04 9.999961510000000553e-01 5.302040000000000051e-03
9.998942130000000317e-01 1.399886030000000066e-02 -3.948980809999999737e-03 -7.986560000000000187e-04 -1.399094700000000011e-02 9.999000729999999448e-01 2.024440379999999963e-03 -7.710419999999999947e-03 3.976926050000000219e-03 -1.968976239999999794e-03 9.999901540000000200e-01 6.041040000000000125e-03
9.998901860000000141e-01 1.470474790000000052e-02 -1.840126789999999967e-03 1.453990000000000057e-03 -1.469653850000000005e-02 9.998823279999999869e-01 4.398012950000000296e-03 -9.025000000000000036e-03 1.904581929999999996e-03 -4.370486500000000420e-03 9.999886359999999863e-01 6.573490000000000409e-03
9.998998390000000125e-01 1.399888070000000068e-02 2.084027779999999934e-03 3.193590000000000057e-03 -1.400846790000000001e-02 9.998910220000000182e-01 4.659047589999999739e-03 -1.178820000000000041e-02 -2.018579219999999935e-03 -4.687774970000000048e-03 9.999869750000000002e-01 6.989999999999999686e-03
9.999047699999999983e-01 1.227952860000000070e-02 6.297887379999999626e-03 4.172160000000000278e-03 -1.229770409999999918e-02 9.999203030000000103e-01 2.855419670000000024e-03 -1.120559999999999959e-02 -6.262322249999999722e-03 -2.932597309999999957e-03 9.999760909999999559e-01 6.927140000000000034e-03
9.999196059999999608e-01 8.936384959999999975e-03 8.995727380000000453e-03 3.956570000000000399e-03 -8.973094259999999864e-03 9.999515450000000527e-01 4.048691489999999872e-03 -1.280150000000000038e-02 -8.959110819999999489e-03 -4.129085509999999917e-03 9.999513410000000491e-01 6.793510000000000000e-03
9.999267800000000150e-01 7.326087490000000001e-03 9.631318689999999669e-03 4.355460000000000234e-03 -7.358068019999999647e-03 9.999675190000000269e-01 3.289242060000000141e-03 -1.409979999999999914e-02 -9.606908589999999318e-03 -3.359869120000000091e-03 9.999482079999999495e-01 6.673710000000000232e-03
9.999158769999999530e-01 8.804530149999999916e-03 9.524690730000000272e-03 4.788340000000000304e-03 -8.823858000000000396e-03 9.999590910000000221e-01 1.989118560000000153e-03 -1.462779999999999983e-02 -9.506787819999999375e-03 -2.072995749999999825e-03 9.999526610000000204e-01 6.665349999999999574e-03
9.998683980000000471e-01 1.296331120000000087e-02 9.753962169999999890e-03 5.695200000000000089e-03 -1.297690519999999959e-02 9.999149099999999901e-01 1.331695070000000081e-03 -1.324730000000000005e-02 -9.735869019999999346e-03 -1.458096060000000065e-03 9.999515420000000265e-01 6.668669999999999806e-03
9.997967210000000549e-01 1.682122819999999977e-02 1.111587860000000025e-02 6.751730000000000058e-03 -1.686917519999999934e-02 9.998487419999999570e-01 4.233781720000000422e-03 -1.406179999999999930e-02 -1.104297979999999992e-02 -4.420436780000000163e-03 9.999292539999999896e-01 7.215570000000000143e-03
9.997717569999999832e-01 1.615875589999999848e-02 1.397597169999999916e-02 8.201679999999999388e-03 -1.624651309999999849e-02 9.998488650000000311e-01 6.188564799999999970e-03 -1.607269999999999879e-02 -1.387386000000000001e-02 -6.414213109999999766e-03 9.998831799999999825e-01 7.765069999999999785e-03
9.997472560000000286e-01 1.279759920000000072e-02 1.848363570000000067e-02 8.574210000000000512e-03 -1.291908620000000070e-02 9.998956239999999829e-01 6.468292149999999886e-03 -1.524479999999999932e-02 -1.839892779999999922e-02 -6.705449009999999571e-03 9.998082400000000147e-01 7.929310000000000178e-03
9.996780090000000341e-01 1.235373120000000068e-02 2.216448940000000090e-02 8.419140000000000304e-03 -1.255572500000000022e-02 9.998806919999999598e-01 8.997492739999999808e-03 -1.515479999999999952e-02 -2.205069239999999861e-02 -9.272886859999999315e-03 9.997138490000000433e-01 8.236310000000000159e-03
9.995899969999999524e-01 1.376071100000000012e-02 2.510936789999999863e-02 8.268340000000000758e-03 -1.406856549999999963e-02 9.998275110000000021e-01 1.212535279999999924e-02 -1.729009999999999922e-02 -2.493818340000000106e-02 -1.247363420000000001e-02 9.996111720000000478e-01 8.769080000000000277e-03
9.994945729999999973e-01 1.473637159999999918e-02 2.816804159999999890e-02 7.514970000000000157e-03 -1.508326720000000010e-02 9.998125079999999887e-01 1.214266559999999974e-02 -1.956480000000000025e-02 -2.798382149999999874e-02 -1.256139449999999977e-02 9.995294479999999870e-01 9.214289999999999980e-03
9.994244730000000354e-01 1.455269430000000024e-02 3.064215840000000107e-02 6.508270000000000027e-03 -1.491802490000000009e-02 9.998199389999999909e-01 1.172780359999999952e-02 -1.858370000000000161e-02 -3.046596979999999927e-02 -1.217817449999999968e-02 9.994616130000000265e-01 9.272970000000000171e-03
9.994021339999999975e-01 1.353829169999999985e-02 3.181333520000000081e-02 5.323050000000000177e-03 -1.402609020000000067e-02 9.997866939999999758e-01 1.516032850000000043e-02 -2.033199999999999938e-02 -3.160130430000000074e-02 -1.559748139999999998e-02 9.993788449999999601e-01 9.960369999999999641e-03
9.993784780000000145e-01 1.392826779999999966e-02 3.238302789999999987e-02 4.315239999999999701e-03 -1.447797559999999990e-02 9.997539909999999530e-01 1.680312159999999833e-02 -2.186880000000000074e-02 -3.214102299999999773e-02 -1.726151880000000027e-02 9.993342760000000213e-01 1.053489999999999982e-02
9.993341260000000448e-01 1.457475490000000040e-02 3.344967859999999765e-02 2.604149999999999954e-03 -1.519175120000000080e-02 9.997177409999999931e-01 1.826607699999999862e-02 -2.322149999999999909e-02 -3.317401350000000193e-02 -1.876207330000000117e-02 9.992734709999999687e-01 1.099510000000000071e-02
9.993003580000000552e-01 1.395993289999999942e-02 3.469746370000000024e-02 9.919620000000000954e-04 -1.465190560000000086e-02 9.996971999999999525e-01 1.976941730000000147e-02 -2.312919999999999907e-02 -3.441097760000000338e-02 -2.026396980000000000e-02 9.992023100000000380e-01 1.154610000000000011e-02
9.992354770000000386e-01 1.148729530000000033e-02 3.736981009999999770e-02 -9.001340000000000252e-04 -1.236446069999999967e-02 9.996514300000000075e-01 2.332676289999999902e-02 -2.643370000000000095e-02 -3.708882270000000286e-02 -2.377098659999999850e-02 9.990292079999999464e-01 1.298430000000000070e-02
9.990947700000000209e-01 9.340960750000000187e-03 4.150163879999999722e-02 -3.473589999999999924e-03 -1.031678649999999940e-02 9.996738530000000011e-01 2.336132390000000142e-02 -2.977710000000000079e-02 -4.126988589999999735e-02 -2.376833999999999891e-02 9.988652869999999906e-01 1.453349999999999954e-02
9.989280590000000348e-01 8.410287929999999551e-03 4.551922810000000319e-02 -6.482329999999999690e-03 -9.386477949999999515e-03 9.997296070000000201e-01 2.127457769999999831e-02 -3.150050000000000072e-02 -4.532799469999999886e-02 -2.167903779999999850e-02 9.987368979999999841e-01 1.595790000000000056e-02
9.987384230000000418e-01 7.043909469999999964e-03 4.971865739999999784e-02 -9.920879999999999976e-03 -8.070873480000000794e-03 9.997575819999999780e-01 2.048505739999999936e-02 -3.350759999999999850e-02 -4.956230989999999698e-02 -2.086048689999999914e-02 9.985531619999999942e-01 1.759350000000000150e-02
9.985631170000000001e-01 4.630052469999999809e-03 5.338786639999999750e-02 -1.376699999999999972e-02 -5.714655049999999709e-03 9.997800150000000219e-01 2.018079949999999900e-02 -3.656210000000000016e-02 -5.328268369999999976e-02 -2.045689529999999978e-02 9.983699069999999454e-01 1.951210000000000097e-02
9.983939459999999766e-01 2.417014510000000012e-03 5.660112340000000158e-02 -1.711849999999999830e-02 -3.533749059999999852e-03 9.998009079999999882e-01 1.963813249999999885e-02 -3.799029999999999768e-02 -5.654238889999999712e-02 -1.980660669999999984e-02 9.982037150000000469e-01 2.107010000000000133e-02
9.981569190000000313e-01 9.096895470000000478e-05 6.068572619999999807e-02 -2.073639999999999858e-02 -1.394105380000000083e-03 9.997693460000000032e-01 2.143152989999999938e-02 -3.973140000000000005e-02 -6.066977920000000274e-02 -2.147663220000000164e-02 9.979268169999999660e-01 2.281630000000000116e-02
9.978399060000000542e-01 -2.886722380000000202e-03 6.562917129999999710e-02 -2.476099999999999829e-02 1.219488369999999948e-03 9.996758679999999675e-01 2.542973670000000033e-02 -4.281159999999999827e-02 -6.568130739999999967e-02 -2.529477210000000142e-02 9.975199949999999927e-01 2.480550000000000116e-02
9.974414520000000062e-01 -7.115979090000000215e-03 7.113306839999999909e-02 -2.907420000000000143e-02 5.091494190000000336e-03 9.995779280000000044e-01 2.860144120000000095e-02 -4.775660000000000321e-02 -7.130657240000000396e-02 -2.816608950000000153e-02 9.970566910000000505e-01 2.693680000000000033e-02
9.969311370000000228e-01 -1.217847260000000029e-02 7.733040830000000032e-02 -3.364489999999999842e-02 9.958932389999999510e-03 9.995291290000000162e-01 2.902310179999999934e-02 -5.126569999999999738e-02 -7.764745269999999422e-02 -2.816390560000000057e-02 9.965829959999999987e-01 2.879309999999999856e-02
9.962824879999999661e-01 -1.785769040000000085e-02 8.427518180000000136e-02 -3.949400000000000133e-02 1.539342840000000080e-02 9.994373290000000409e-01 2.980046100000000031e-02 -5.746119999999999700e-02 -8.475992999999999722e-02 -2.839239340000000028e-02 9.959968000000000155e-01 3.113689999999999861e-02
9.956451880000000143e-01 -2.238546589999999836e-02 9.049613450000000558e-02 -4.587240000000000067e-02 2.004596880000000109e-02 9.994430460000000016e-01 2.667877390000000098e-02 -6.252009999999999512e-02 -9.104294910000000629e-02 -2.474851009999999921e-02 9.955393980000000198e-01 3.304390000000000105e-02
9.951418939999999713e-01 -2.507305030000000004e-02 9.520479960000000075e-02 -5.264660000000000173e-02 2.300443240000000014e-02 9.994761610000000296e-01 2.276399540000000055e-02 -6.422509999999999331e-02 -9.572569039999999363e-02 -2.046327309999999844e-02 9.951973910000000423e-01 3.421380000000000254e-02
9.947796949999999638e-01 -2.749275249999999851e-02 9.827261939999999696e-02 -5.913619999999999988e-02 2.527414580000000160e-02 9.993983889999999981e-01 2.375031390000000020e-02 -6.547119999999999329e-02 -9.886645900000000375e-02 -2.114257350000000105e-02 9.948760800000000515e-01 3.548250000000000015e-02
9.944502050000000315e-01 -3.087111700000000000e-02 1.005771570000000004e-01 -6.442829999999999391e-02 2.823569570000000056e-02 9.992223310000000192e-01 2.752231419999999831e-02 -6.887559999999999516e-02 -1.013485860000000044e-01 -2.452970490000000101e-02 9.945485200000000470e-01 3.710719999999999991e-02
9.938426790000000066e-01 -3.417801349999999988e-02 1.053973099999999941e-01 -6.925699999999999912e-02 3.106147639999999946e-02 9.990344249999999482e-01 3.107091730000000052e-02 -7.078890000000000182e-02 -1.063574830000000027e-01 -2.760580760000000064e-02 9.939446690000000029e-01 3.860589999999999855e-02
9.928687739999999540e-01 -3.776086199999999921e-02 1.130739320000000020e-01 -7.443900000000000516e-02 3.381199260000000012e-02 9.987563560000000118e-01 3.664000320000000005e-02 -7.334920000000000329e-02 -1.143168660000000031e-01 -3.255546010000000268e-02 9.929107689999999709e-01 4.010409999999999670e-02
9.915531730000000099e-01 -4.278109349999999894e-02 1.224421609999999938e-01 -8.159379999999999411e-02 3.774637179999999759e-02 9.983553550000000554e-01 4.314852920000000064e-02 -7.572170000000000289e-02 -1.240867279999999934e-01 -3.816231369999999873e-02 9.915372519999999801e-01 4.155799999999999772e-02
9.902255829999999648e-01 -5.029570450000000331e-02 1.300908759999999942e-01 -8.942519999999999636e-02 4.407468369999999885e-02 9.977628130000000262e-01 5.026720090000000307e-02 -8.226669999999999816e-02 -1.323280619999999963e-01 -4.404215420000000270e-02 9.902270309999999798e-01 4.346479999999999788e-02
9.889929410000000143e-01 -5.738913219999999815e-02 1.363797989999999960e-01 -9.636429999999999996e-02 5.074657149999999700e-02 9.973726800000000114e-01 5.169645040000000330e-02 -8.706679999999999975e-02 -1.389883000000000091e-01 -4.420661740000000201e-02 9.893068419999999641e-01 4.434769999999999684e-02
9.876902419999999960e-01 -6.462980940000000174e-02 1.424463900000000061e-01 -1.028389999999999999e-01 5.779910700000000234e-02 9.969946589999999498e-01 5.158404350000000277e-02 -8.895790000000000641e-02 -1.453521570000000096e-01 -4.271578229999999782e-02 9.884574409999999922e-01 4.457210000000000338e-02
9.859162900000000285e-01 -7.377574389999999593e-02 1.500873389999999863e-01 -1.091710000000000041e-01 6.605329379999999584e-02 9.962540899999999811e-01 5.580995899999999926e-02 -9.302589999999999471e-02 -1.536425469999999904e-01 -4.511018459999999869e-02 9.870962660000000000e-01 4.555800000000000127e-02
9.839029000000000247e-01 -8.224672090000000046e-02 1.586523240000000112e-01 -1.163410000000000000e-01 7.402043170000000005e-02 9.956211950000000144e-01 5.709126059999999891e-02 -9.825799999999999812e-02 -1.626531860000000052e-01 -4.442874339999999811e-02 9.856825190000000347e-01 4.665060000000000040e-02
9.821568539999999681e-01 -8.804567289999999657e-02 1.661802420000000058e-01 -1.236720000000000041e-01 7.989873240000000543e-02 9.952788219999999519e-01 5.510225430000000035e-02 -1.017480000000000051e-01 -1.702471909999999922e-01 -4.084146599999999988e-02 9.845546549999999453e-01 4.740919999999999856e-02
9.807213399999999970e-01 -9.190144309999999372e-02 1.724522500000000014e-01 -1.296200000000000130e-01 8.405418109999999998e-02 9.950886209999999510e-01 5.228317539999999958e-02 -1.022740000000000038e-01 -1.764101710000000045e-01 -3.677989319999999673e-02 9.836293459999999600e-01 4.740489999999999982e-02
9.789228639999999482e-01 -9.629067419999999544e-02 1.801058919999999897e-01 -1.361980000000000135e-01 8.812507690000000171e-02 9.947079319999999614e-01 5.282139699999999910e-02 -1.034589999999999954e-01 -1.842389680000000030e-01 -3.583622759999999935e-02 9.822279609999999828e-01 4.788189999999999807e-02
9.768918599999999453e-01 -1.013839839999999964e-01 1.881583960000000055e-01 -1.418020000000000114e-01 9.277238259999999459e-02 9.942194119999999691e-01 5.404669370000000223e-02 -1.081180000000000058e-01 -1.925501990000000052e-01 -3.534187240000000174e-02 9.806504849999999607e-01 4.891530000000000183e-02
9.747699720000000401e-01 -1.055637199999999998e-01 1.966718159999999993e-01 -1.483029999999999904e-01 9.734317720000000562e-02 9.939415630000000279e-01 5.103406759999999653e-02 -1.104009999999999991e-01 -2.008676389999999867e-01 -3.060181719999999911e-02 9.791402970000000483e-01 4.943600000000000078e-02
9.729998530000000256e-01 -1.082242310000000041e-01 2.038597590000000015e-01 -1.551109999999999989e-01 1.004282749999999974e-01 9.937742550000000508e-01 4.823785569999999856e-02 -1.106889999999999957e-01 -2.078110850000000065e-01 -2.646214250000000073e-02 9.778109780000000528e-01 4.937819999999999709e-02
9.713350560000000300e-01 -1.121694169999999935e-01 2.095858580000000138e-01 -1.620219999999999994e-01 1.043081010000000003e-01 9.933749330000000155e-01 4.822926839999999715e-02 -1.124539999999999984e-01 -2.136071860000000044e-01 -2.498527630000000124e-02 9.766000750000000119e-01 4.974359999999999893e-02
9.698571910000000074e-01 -1.169075650000000050e-01 2.137981519999999913e-01 -1.687520000000000131e-01 1.090479699999999941e-01 9.928655170000000307e-01 4.823490090000000230e-02 -1.165209999999999996e-01 -2.179118369999999971e-01 -2.346671120000000041e-02 9.756862939999999540e-01 5.037280000000000230e-02
9.687702929999999490e-01 -1.204942950000000013e-01 2.167146590000000039e-01 -1.753230000000000066e-01 1.134306060000000033e-01 9.925358090000000466e-01 4.479023969999999799e-02 -1.180179999999999979e-01 -2.204940280000000086e-01 -1.880937859999999920e-02 9.752069479999999624e-01 5.047000000000000097e-02
9.678751230000000039e-01 -1.244596389999999969e-01 2.184663450000000062e-01 -1.821149999999999991e-01 1.177831659999999947e-01 9.920915989999999907e-01 4.337494470000000102e-02 -1.191870000000000013e-01 -2.221370549999999999e-01 -1.624987229999999908e-02 9.748800290000000368e-01 5.059090000000000115e-02
9.673900899999999803e-01 -1.275122939999999983e-01 2.188538979999999912e-01 -1.885429999999999884e-01 1.211515590000000059e-01 9.917323799999999689e-01 4.229878139999999898e-02 -1.212840000000000029e-01 -2.224381109999999939e-01 -1.440493110000000063e-02 9.748403890000000294e-01 5.084700000000000331e-02
9.673827459999999601e-01 -1.282013969999999947e-01 2.184834659999999873e-01 -1.939170000000000060e-01 1.220375419999999989e-01 9.916560370000000457e-01 4.153484360000000292e-02 -1.221369999999999956e-01 -2.219852730000000107e-01 -1.351690590000000081e-02 9.749563230000000136e-01 5.066169999999999701e-02
9.674604449999999467e-01 -1.280648510000000073e-01 2.182193400000000116e-01 -1.992889999999999939e-01 1.219136170000000019e-01 9.916735399999999645e-01 4.148084109999999880e-02 -1.230730000000000018e-01 -2.217145839999999923e-01 -1.352716380000000031e-02 9.750177740000000037e-01 5.084820000000000312e-02
9.675558749999999542e-01 -1.285559649999999943e-01 2.175063030000000119e-01 -2.046920000000000128e-01 1.221888619999999953e-01 9.915951459999999829e-01 4.253172899999999729e-02 -1.243729999999999974e-01 -2.211459020000000053e-01 -1.457497649999999964e-02 9.751318169999999563e-01 5.129039999999999988e-02
9.680085010000000212e-01 -1.290757060000000123e-01 2.151720320000000131e-01 -2.099389999999999867e-01 1.226637180000000049e-01 9.915185279999999546e-01 4.294904010000000216e-02 -1.277719999999999967e-01 -2.188907340000000035e-01 -1.518123459999999939e-02 9.756312710000000221e-01 5.196309999999999818e-02
9.687076159999999936e-01 -1.293056900000000009e-01 2.118622029999999989e-01 -2.140869999999999995e-01 1.235089230000000066e-01 9.915196170000000198e-01 4.042766300000000257e-02 -1.291349999999999998e-01 -2.152930570000000099e-01 -1.299571249999999928e-02 9.764630109999999918e-01 5.240050000000000263e-02
9.693744970000000016e-01 -1.298264889999999894e-01 2.084662240000000055e-01 -2.177600000000000091e-01 1.245997580000000049e-01 9.914765039999999807e-01 3.806892969999999682e-02 -1.307460000000000011e-01 -2.116317179999999964e-01 -1.092820859999999936e-02 9.772883860000000089e-01 5.321010000000000323e-02
9.701062780000000441e-01 -1.282842949999999926e-01 2.060023019999999982e-01 -2.205880000000000063e-01 1.235451330000000014e-01 9.916943740000000451e-01 3.576127419999999835e-02 -1.306420000000000081e-01 -2.088789339999999883e-01 -9.241654880000000141e-03 9.778978390000000465e-01 5.394920000000000271e-02
9.703812459999999751e-01 -1.281934770000000001e-01 2.047600290000000101e-01 -2.240280000000000049e-01 1.234525409999999990e-01 9.917038849999999517e-01 3.581723660000000337e-02 -1.330129999999999924e-01 -2.076528529999999984e-01 -9.478228780000000353e-03 9.781566619999999546e-01 5.565099999999999908e-02
9.709226269999999825e-01 -1.279702139999999988e-01 2.023187509999999911e-01 -2.280359999999999887e-01 1.237252429999999986e-01 9.917493689999999917e-01 3.354479629999999879e-02 -1.347140000000000004e-01 -2.049422290000000035e-01 -7.537465020000000057e-03 9.787450479999999509e-01 5.771280000000000160e-02
9.718387229999999599e-01 -1.278883429999999877e-01 1.979244000000000003e-01 -2.307649999999999979e-01 1.239758799999999966e-01 9.917663079999999853e-01 3.208694449999999893e-02 -1.347710000000000019e-01 -2.003982970000000030e-01 -6.645483669999999697e-03 9.796919720000000220e-01 5.968880000000000019e-02
9.723897559999999940e-01 -1.295951220000000070e-01 1.940702629999999929e-01 -2.320699999999999985e-01 1.253942190000000012e-01 9.915300390000000297e-01 3.383002870000000051e-02 -1.359029999999999960e-01 -1.968107030000000035e-01 -8.560684219999999817e-03 9.804041319999999837e-01 6.217339999999999672e-02
9.724743110000000357e-01 -1.313811679999999926e-01 1.924388290000000057e-01 -2.333260000000000056e-01 1.270182750000000138e-01 9.912865279999999446e-01 3.489094150000000144e-02 -1.409060000000000035e-01 -1.953460320000000028e-01 -9.487296149999999498e-03 9.806884919999999672e-01 6.566329999999999389e-02
9.724103240000000481e-01 -1.324393140000000024e-01 1.920364290000000085e-01 -2.347019999999999940e-01 1.285262139999999997e-01 9.911652269999999820e-01 3.274912469999999992e-02 -1.430319999999999925e-01 -1.946771029999999902e-01 -7.163871710000000240e-03 9.808412229999999843e-01 6.873640000000000305e-02
9.721118970000000026e-01 -1.346715579999999968e-01 1.919948740000000098e-01 -2.360389999999999988e-01 1.309902340000000109e-01 9.908735330000000285e-01 3.179938110000000290e-02 -1.467169999999999863e-01 -1.945251120000000000e-01 -5.763103240000000231e-03 9.808806079999999872e-01 7.241050000000000264e-02
9.718212379999999762e-01 -1.366517519999999875e-01 1.920671220000000068e-01 -2.371270000000000044e-01 1.334352500000000052e-01 9.906140399999999735e-01 2.964554700000000126e-02 -1.496989999999999987e-01 -1.943155030000000005e-01 -3.181647819999999880e-03 9.809339240000000126e-01 7.593370000000000675e-02
9.714039030000000130e-01 -1.397985989999999956e-01 1.919135449999999909e-01 -2.380180000000000073e-01 1.366689010000000093e-01 9.901769430000000316e-01 2.951665469999999875e-02 -1.533980000000000066e-01 -1.941547540000000127e-01 -2.443980420000000167e-03 9.809678680000000206e-01 7.969329999999999470e-02
9.710810739999999885e-01 -1.423259659999999982e-01 1.916895080000000084e-01 -2.384999999999999898e-01 1.393130300000000044e-01 9.898185050000000151e-01 2.917545220000000022e-02 -1.561680000000000013e-01 -1.938902459999999883e-01 -1.626883360000000054e-03 9.810218779999999583e-01 8.334729999999999916e-02
9.705200750000000376e-01 -1.452545970000000131e-01 1.923327469999999983e-01 -2.384370000000000100e-01 1.417702849999999959e-01 9.893876670000000262e-01 3.183128830000000326e-02 -1.599510000000000098e-01 -1.949152889999999916e-01 -3.625835899999999869e-03 9.808133780000000135e-01 8.742160000000000208e-02
9.696811440000000504e-01 -1.479393589999999925e-01 1.945055920000000049e-01 -2.377209999999999879e-01 1.440729729999999931e-01 9.889842720000000531e-01 3.395714169999999865e-02 -1.678369999999999862e-01 -1.973865700000000112e-01 -4.904600969999999872e-03 9.803134639999999678e-01 9.264830000000000287e-02
9.688442000000000442e-01 -1.478785280000000091e-01 1.986777720000000025e-01 -2.372859999999999969e-01 1.446354679999999893e-01 9.890048919999999688e-01 3.082052739999999874e-02 -1.723530000000000062e-01 -2.010509819999999892e-01 -1.124436749999999964e-03 9.795801339999999913e-01 9.762450000000000294e-02
9.678218880000000190e-01 -1.477723230000000110e-01 2.036765429999999877e-01 -2.365250000000000130e-01 1.448747880000000043e-01 9.890205549999999679e-01 2.914853679999999947e-02 -1.749130000000000129e-01 -2.057476340000000126e-01 1.297004089999999896e-03 9.786042249999999942e-01 1.024290000000000062e-01
9.665544990000000114e-01 -1.478207219999999877e-01 2.095744139999999867e-01 -2.357339999999999991e-01 1.445423130000000056e-01 9.890141049999999767e-01 3.096158640000000115e-02 -1.792080000000000062e-01 -2.118488159999999954e-01 3.663099170000000144e-04 9.773023819999999695e-01 1.078739999999999977e-01
9.651251840000000248e-01 -1.472045630000000105e-01 2.164813989999999910e-01 -2.342069999999999985e-01 1.435511700000000057e-01 9.891059960000000428e-01 3.259433109999999856e-02 -1.851230000000000098e-01 -2.189210839999999880e-01 -3.814517639999999736e-04 9.757424930000000440e-01 1.136640000000000011e-01
9.636131060000000526e-01 -1.445395190000000052e-01 2.248513050000000013e-01 -2.325059999999999905e-01 1.408180129999999919e-01 9.894989939999999651e-01 3.258876210000000162e-02 -1.884480000000000044e-01 -2.272005039999999976e-01 2.601556489999999871e-04 9.738479669999999810e-01 1.190390000000000059e-01
9.616312150000000392e-01 -1.426777720000000083e-01 2.343255439999999967e-01 -2.314950000000000063e-01 1.383460210000000135e-01 9.897685219999999839e-01 3.490919270000000102e-02 -1.906130000000000047e-01 -2.369088129999999959e-01 -1.151762860000000001e-03 9.715312080000000350e-01 1.244590000000000002e-01
9.593828220000000240e-01 -1.429845600000000105e-01 2.431872049999999896e-01 -2.308139999999999914e-01 1.370879819999999971e-01 9.897062189999999982e-01 4.109119270000000101e-02 -1.950340000000000129e-01 -2.465592950000000116e-01 -6.084141199999999576e-03 9.691086100000000370e-01 1.303100000000000092e-01
9.569691489999999634e-01 -1.457095059999999886e-01 2.509557499999999775e-01 -2.311090000000000089e-01 1.388141049999999932e-01 9.892927129999999902e-01 4.506187360000000336e-02 -2.006890000000000063e-01 -2.548346380000000022e-01 -8.286624930000000000e-03 9.669491399999999848e-01 1.362250000000000127e-01
9.546755129999999756e-01 -1.507450899999999983e-01 2.566526490000000105e-01 -2.311999999999999889e-01 1.433402420000000066e-01 9.885361790000000148e-01 4.743203010000000136e-02 -2.054229999999999945e-01 -2.608605740000000117e-01 -8.493544889999999487e-03 9.653391220000000494e-01 1.416920000000000124e-01
9.521941860000000535e-01 -1.571095200000000025e-01 2.619977689999999915e-01 -2.309700000000000086e-01 1.493568959999999890e-01 9.875497039999999727e-01 4.937710950000000210e-02 -2.108639999999999959e-01 -2.664934339999999735e-01 -7.885423080000000459e-03 9.638044770000000483e-01 1.474050000000000082e-01
9.496956340000000107e-01 -1.629431379999999874e-01 2.674466979999999827e-01 -2.318409999999999915e-01 1.551166549999999922e-01 9.866155370000000424e-01 5.028524040000000028e-02 -2.158970000000000056e-01 -2.720607030000000148e-01 -6.270236099999999813e-03 9.622596629999999873e-01 1.532880000000000076e-01
9.479262910000000319e-01 -1.665440519999999980e-01 2.714752770000000148e-01 -2.328540000000000054e-01 1.587751540000000017e-01 9.860225009999999957e-01 5.049830100000000238e-02 -2.236730000000000107e-01 -2.760909229999999881e-01 -4.765138300000000028e-03 9.611197089999999887e-01 1.598739999999999883e-01
9.471309610000000490e-01 -1.657457529999999957e-01 2.747203830000000124e-01 -2.325649999999999940e-01 1.593093969999999915e-01 9.861684189999999628e-01 4.574238139999999703e-02 -2.294579999999999953e-01 -2.785021710000000206e-01 4.415129989999999898e-04 9.604354980000000541e-01 1.655770000000000020e-01
9.460340600000000100e-01 -1.653378319999999901e-01 2.787166260000000229e-01 -2.322430000000000050e-01 1.604155389999999959e-01 9.862165200000000409e-01 4.054418240000000340e-02 -2.348459999999999992e-01 -2.815784290000000190e-01 6.354300190000000334e-03 9.595171759999999717e-01 1.713810000000000056e-01
9.446926009999999652e-01 -1.653671610000000125e-01 2.832129800000000031e-01 -2.324249999999999927e-01 1.621854530000000072e-01 9.861458450000000209e-01 3.481740569999999813e-02 -2.388649999999999940e-01 -2.850469589999999886e-01 1.304127989999999924e-02 9.584248309999999771e-01 1.767730000000000135e-01
9.430265340000000274e-01 -1.679713670000000103e-01 2.872047640000000013e-01 -2.330969999999999986e-01 1.659203649999999863e-01 9.856310710000000253e-01 3.165160570000000173e-02 -2.432509999999999950e-01 -2.883945019999999970e-01 1.780481509999999948e-02 9.573461229999999933e-01 1.826250000000000095e-01
9.415925979999999473e-01 -1.703873290000000040e-01 2.904677909999999752e-01 -2.339070000000000038e-01 1.694171810000000000e-01 9.851269780000000420e-01 2.868197700000000086e-02 -2.489119999999999944e-01 -2.910347030000000057e-01 2.220349710000000046e-02 9.564548109999999603e-01 1.886889999999999956e-01
9.408274779999999948e-01 -1.711851129999999999e-01 2.924710480000000112e-01 -2.351149999999999907e-01 1.713719049999999910e-01 9.848844289999999502e-01 2.518592940000000113e-02 -2.539950000000000263e-01 -2.923616379999999793e-01 2.642570619999999940e-02 9.559426530000000310e-01 1.943920000000000092e-01
9.405884399999999701e-01 -1.710262270000000029e-01 2.933315819999999796e-01 -2.350399999999999989e-01 1.726669939999999903e-01 9.847669700000000192e-01 2.049694250000000037e-02 -2.602470000000000061e-01 -2.923687680000000011e-01 3.136949530000000125e-02 9.557910120000000509e-01 1.999150000000000094e-01
9.400277750000000099e-01 -1.700610770000000049e-01 2.956805920000000198e-01 -2.359819999999999973e-01 1.738462889999999872e-01 9.846782379999999835e-01 1.364682610000000039e-02 -2.592780000000000085e-01 -2.934710389999999891e-01 3.857457820000000093e-02 9.551893799999999768e-01 2.032539999999999902e-01
9.387534459999999914e-01 -1.742146729999999866e-01 2.973066010000000037e-01 -2.372470000000000134e-01 1.774475799999999936e-01 9.839952140000000069e-01 1.630262340000000060e-02 -2.630210000000000048e-01 -2.953884290000000079e-01 3.745219290000000034e-02 9.546428700000000322e-01 2.086540000000000061e-01
9.376886810000000239e-01 -1.788136349999999986e-01 2.979355989999999954e-01 -2.376179999999999959e-01 1.818281130000000134e-01 9.831690520000000433e-01 1.780877930000000081e-02 -2.679869999999999752e-01 -2.961055129999999869e-01 3.747397680000000286e-02 9.544198379999999649e-01 2.139649999999999885e-01
9.368951970000000129e-01 -1.824932800000000077e-01 2.982005919999999866e-01 -2.388250000000000095e-01 1.855101459999999869e-01 9.824698320000000429e-01 1.841236359999999864e-02 -2.712570000000000259e-01 -2.963332180000000093e-01 3.806878019999999918e-02 9.543256220000000400e-01 2.185709999999999875e-01
9.363983940000000228e-01 -1.853460399999999897e-01 2.980014990000000030e-01 -2.393979999999999997e-01 1.880106569999999977e-01 9.819640029999999742e-01 1.996722110000000161e-02 -2.757260000000000266e-01 -2.963275899999999741e-01 3.733018390000000103e-02 9.543565459999999723e-01 2.231680000000000053e-01
9.357536490000000207e-01 -1.876423000000000119e-01 2.985891419999999741e-01 -2.401580000000000104e-01 1.901980990000000094e-01 9.815263130000000391e-01 2.075524189999999880e-02 -2.820059999999999789e-01 -2.969676609999999939e-01 3.736929370000000028e-02 9.541560380000000396e-01 2.278370000000000117e-01
9.353410039999999759e-01 -1.887730989999999998e-01 2.991687219999999980e-01 -2.417580000000000007e-01 1.924416780000000049e-01 9.811534690000000003e-01 1.743761359999999871e-02 -2.864650000000000252e-01 -2.968221819999999900e-01 4.126241580000000048e-02 9.540408830000000062e-01 2.313669999999999893e-01
9.351922040000000269e-01 -1.894656720000000016e-01 2.991960900000000256e-01 -2.436029999999999862e-01 1.943312199999999990e-01 9.808403180000000443e-01 1.369846610000000076e-02 -2.889019999999999921e-01 -2.960589770000000009e-01 4.533244270000000298e-02 9.540933139999999701e-01 2.340869999999999895e-01
9.351021090000000147e-01 -1.904282270000000055e-01 2.988664189999999943e-01 -2.449179999999999968e-01 1.959979239999999900e-01 9.805366079999999762e-01 1.152279240000000059e-02 -2.924709999999999810e-01 -2.952437290000000103e-01 4.780221020000000043e-02 9.542253870000000360e-01 2.371969999999999912e-01
9.352320509999999532e-01 -1.890440270000000034e-01 2.993382150000000186e-01 -2.456540000000000112e-01 1.956416360000000076e-01 9.806422909999999993e-01 8.065256479999999631e-03 -2.944479999999999875e-01 -2.950684009999999802e-01 5.102013159999999742e-02 9.541129830000000256e-01 2.394809999999999994e-01
9.348058879999999737e-01 -1.863414100000000129e-01 3.023488570000000264e-01 -2.481919999999999960e-01 1.935449999999999948e-01 9.810715420000000186e-01 6.241958970000000169e-03 -2.940999999999999726e-01 -2.977889950000000008e-01 5.268308960000000346e-02 9.531769020000000481e-01 2.413990000000000025e-01
9.340986650000000502e-01 -1.849518970000000040e-01 3.053726909999999739e-01 -2.501510000000000122e-01 1.919946369999999958e-01 9.813703809999999583e-01 7.087665620000000062e-03 -2.977250000000000174e-01 -3.009945920000000052e-01 5.200934010000000246e-02 9.522065339999999933e-01 2.444350000000000134e-01
9.337587269999999551e-01 -1.809403639999999924e-01 3.087964140000000191e-01 -2.532110000000000194e-01 1.887773680000000009e-01 9.820092559999999970e-01 4.574526940000000347e-03 -2.973549999999999804e-01 -3.040686530000000221e-01 5.402226970000000017e-02 9.511171579999999626e-01 2.463170000000000082e-01
9.328447490000000286e-01 -1.790231969999999950e-01 3.126521529999999882e-01 -2.561120000000000063e-01 1.865696980000000060e-01 9.824241740000000389e-01 5.872828190000000184e-03 -2.995599999999999929e-01 -3.082084059999999903e-01 5.285298100000000027e-02 9.498495359999999943e-01 2.490229999999999944e-01
9.321170439999999502e-01 -1.762910199999999927e-01 3.163531130000000191e-01 -2.590140000000000220e-01 1.842834050000000112e-01 9.828617729999999941e-01 4.728899269999999738e-03 -3.023080000000000211e-01 -3.117650439999999912e-01 5.389074120000000162e-02 9.486297200000000096e-01 2.515080000000000093e-01
9.315961889999999634e-01 -1.717992399999999920e-01 3.203335150000000131e-01 -2.625520000000000076e-01 1.806384129999999977e-01 9.835472109999999768e-01 2.155895579999999971e-03 -3.023350000000000204e-01 -3.154335169999999966e-01 5.585611380000000264e-02 9.473023760000000015e-01 2.532099999999999906e-01
9.303801779999999466e-01 -1.686424820000000102e-01 3.255033589999999921e-01 -2.661020000000000052e-01 1.776567010000000002e-01 9.840903640000000507e-01 2.061939610000000211e-03 -3.026039999999999841e-01 -3.206724499999999978e-01 5.590946530000000247e-02 9.455386359999999879e-01 2.552150000000000252e-01
9.282676810000000112e-01 -1.686091439999999886e-01 3.314967109999999995e-01 -2.693349999999999911e-01 1.776930019999999888e-01 9.840815440000000303e-01 2.951689979999999949e-03 -3.055109999999999770e-01 -3.267174769999999784e-01 5.616468740000000320e-02 9.434517569999999465e-01 2.577220000000000066e-01
9.258390770000000103e-01 -1.676819310000000063e-01 3.386809319999999901e-01 -2.730150000000000077e-01 1.779173649999999940e-01 9.840450750000000468e-01 8.377488789999999871e-04 -3.048640000000000239e-01 -3.334177779999999980e-01 5.948159819999999931e-02 9.409009109999999509e-01 2.593889999999999807e-01
9.220844700000000449e-01 -1.704749379999999925e-01 3.474169329999999833e-01 -2.767789999999999973e-01 1.808567739999999979e-01 9.835060490000000488e-01 2.584532520000000153e-03 -3.046459999999999724e-01 -3.421272530000000200e-01 6.044954830000000279e-02 9.377072010000000457e-01 2.613070000000000115e-01
9.172909409999999708e-01 -1.743085329999999877e-01 3.580417080000000141e-01 -2.810090000000000088e-01 1.851036620000000021e-01 9.827100610000000236e-01 4.191795130000000244e-03 -3.075030000000000263e-01 -3.525818539999999723e-01 6.242973539999999849e-02 9.336961839999999846e-01 2.637329999999999952e-01
9.127069859999999979e-01 -1.755458079999999976e-01 3.689845880000000022e-01 -2.877399999999999958e-01 1.875267650000000119e-01 9.822534299999999829e-01 3.451319930000000188e-03 -3.052010000000000001e-01 -3.630422420000000150e-01 6.604444240000000022e-02 9.294291049999999776e-01 2.652970000000000050e-01
