1.000000000000000000e+00 -7.607750000000000013e-23 -1.068110000000000052e-22 -1.428360000000000048e-22 7.607750000000000013e-23 1.000000000000000000e+00 -4.164660000000000055e-23 -3.476710000000000102e-23 1.068110000000000052e-22 4.164660000000000055e-23 1.000000000000000000e+00 9.633390000000000339e-24
1.000000000000000000e+00 -1.017660000000000011e-04 -2.912419999999999874e-04 -6.120809999999999966e-04 1.018480000000000047e-04 1.000000000000000000e+00 2.792960000000000039e-04 9.747749999999999633e-05 2.912139999999999803e-04 -2.793259999999999884e-04 1.000000000000000000e+00 2.632530000000000221e-04
1.000000000000000000e+00 8.287800000000000169e-05 7.202890000000000421e-04 -8.820769999999999913e-04 -8.232940000000000494e-05 1.000000000000000000e+00 -7.617150000000000483e-04 6.097900000000000282e-04 -7.203519999999999498e-04 7.616549999999999709e-04 9.999989999999999712e-01 -1.238149999999999995e-05
9.999949999999999672e-01 1.905189999999999965e-03 2.685190000000000059e-03 -2.833870000000000052e-03 -1.903280000000000033e-03 9.999980000000000535e-01 -7.139130000000000476e-04 5.305740000000000196e-04 -2.686539999999999848e-03 7.087979999999999585e-04 9.999959999999999960e-01 -2.271360000000000046e-03
9.999949999999999672e-01 2.716029999999999920e-03 1.487059999999999901e-03 -1.827419999999999956e-03 -2.715949999999999961e-03 9.999959999999999960e-01 -5.633599999999999730e-05 6.306750000000000290e-04 -1.487210000000000094e-03 5.229699999999999751e-05 9.999989999999999712e-01 -1.368080000000000034e-03
9.999839999999999840e-01 4.973840000000000205e-03 2.808999999999999865e-03 -4.315539999999999654e-03 -4.974929999999999804e-03 9.999879999999999880e-01 3.805230000000000157e-04 7.719710000000000666e-05 -2.807070000000000051e-03 -3.944919999999999764e-04 9.999959999999999960e-01 -1.228209999999999979e-03
9.999839999999999840e-01 4.679309999999999893e-03 3.076769999999999939e-03 -3.139680000000000162e-03 -4.679009999999999940e-03 9.999890000000000168e-01 -1.055860000000000018e-04 -3.557990000000000133e-04 -3.077229999999999809e-03 9.118770000000000109e-05 9.999949999999999672e-01 -3.605460000000000002e-03
9.999780000000000335e-01 5.685289999999999962e-03 3.355719999999999970e-03 -1.968169999999999989e-03 -5.696340000000000257e-03 9.999780000000000335e-01 3.290439999999999945e-03 -1.840430000000000104e-03 -3.336940000000000045e-03 -3.309480000000000061e-03 9.999890000000000168e-01 -3.918119999999999763e-03
9.999740000000000295e-01 5.098300000000000054e-03 5.164209999999999808e-03 -1.000489999999999930e-03 -5.116520000000000269e-03 9.999810000000000088e-01 3.521349999999999914e-03 -1.188070000000000055e-03 -5.146160000000000317e-03 -3.547680000000000104e-03 9.999799999999999800e-01 -3.047869999999999833e-03
9.999639999999999640e-01 5.325449999999999802e-03 6.680949999999999736e-03 -1.610979999999999921e-03 -5.363940000000000201e-03 9.999689999999999968e-01 5.755800000000000152e-03 -2.449310000000000116e-03 -6.650089999999999994e-03 -5.791420000000000248e-03 9.999609999999999888e-01 -3.912149999999999656e-03
9.999580000000000135e-01 4.534029999999999658e-03 8.010379999999999237e-03 -4.089299999999999706e-03 -4.580390000000000156e-03 9.999730000000000008e-01 5.778570000000000234e-03 -1.844680000000000018e-03 -7.983960000000000015e-03 -5.815019999999999738e-03 9.999510000000000343e-01 -2.128049999999999820e-03
9.999430000000000263e-01 4.416820000000000121e-03 9.752369999999999789e-03 -6.780129999999999664e-03 -4.484430000000000187e-03 9.999660000000000215e-01 6.921809999999999595e-03 -2.856350000000000122e-03 -9.721459999999999477e-03 -6.965149999999999814e-03 9.999280000000000390e-01 -3.175780000000000009e-03
9.999470000000000303e-01 4.536669999999999592e-03 9.256349999999999995e-03 -7.007870000000000245e-03 -4.603209999999999941e-03 9.999639999999999640e-01 7.179869999999999655e-03 -4.159649999999999979e-03 -9.223439999999999417e-03 -7.222100000000000394e-03 9.999310000000000143e-01 -3.680919999999999852e-03
9.999409999999999688e-01 6.490550000000000312e-03 8.765840000000000437e-03 -8.494589999999999780e-03 -6.537409999999999576e-03 9.999639999999999640e-01 5.327819999999999605e-03 -3.249960000000000088e-03 -8.730949999999999475e-03 -5.384810000000000291e-03 9.999470000000000303e-01 -2.940369999999999876e-03
9.999310000000000143e-01 8.666149999999999201e-03 7.879050000000000289e-03 -8.895210000000000616e-03 -8.698289999999999147e-03 9.999540000000000095e-01 4.054559999999999588e-03 -4.603369999999999858e-03 -7.843549999999999481e-03 -4.122810000000000190e-03 9.999609999999999888e-01 -4.027239999999999640e-03
9.999040000000000150e-01 1.155929999999999978e-02 7.661229999999999776e-03 -9.434980000000000797e-03 -1.157739999999999984e-02 9.999299999999999855e-01 2.323340000000000127e-03 -4.107949999999999970e-03 -7.633840000000000243e-03 -2.411819999999999849e-03 9.999679999999999680e-01 -3.112030000000000005e-03
9.998930000000000318e-01 1.267309999999999964e-02 7.284999999999999809e-03 -1.017200000000000049e-02 -1.268689999999999922e-02 9.999179999999999735e-01 1.858840000000000058e-03 -6.657279999999999795e-03 -7.260840000000000176e-03 -1.951070000000000061e-03 9.999719999999999720e-01 -3.296369999999999856e-03
9.998740000000000405e-01 1.489769999999999983e-02 5.413229999999999778e-03 -1.070370000000000002e-02 -1.490630000000000080e-02 9.998879999999999990e-01 1.552320000000000045e-03 -6.924979999999999851e-03 -5.389490000000000253e-03 -1.632820000000000105e-03 9.999839999999999840e-01 -5.723830000000000064e-03
9.998460000000000125e-01 1.690120000000000164e-02 4.624910000000000306e-03 -9.399799999999999822e-03 -1.691379999999999967e-02 9.998529999999999918e-01 2.701160000000000193e-03 -5.738499999999999678e-03 -4.578579999999999629e-03 -2.778969999999999965e-03 9.999860000000000415e-01 -4.157169999999999963e-03
9.998169999999999558e-01 1.770110000000000086e-02 7.268759999999999978e-03 -7.606869999999999951e-03 -1.772960000000000161e-02 9.998350000000000293e-01 3.880890000000000121e-03 -6.078290000000000082e-03 -7.198869999999999575e-03 -4.009050000000000114e-03 9.999660000000000215e-01 -2.486309999999999822e-03
9.997850000000000348e-01 1.723999999999999838e-02 1.150080000000000026e-02 -6.757729999999999987e-03 -1.727129999999999985e-02 9.998470000000000413e-01 2.633519999999999871e-03 -6.207179999999999642e-03 -1.145359999999999955e-02 -2.831590000000000149e-03 9.999299999999999855e-01 -3.170720000000000027e-04
9.896660000000000457e-01 6.878679999999999517e-02 -1.258140000000000092e-01 1.617639999999999911e-01 -7.245970000000000188e-02 9.970620000000000038e-01 -2.484839999999999965e-02 7.005799999999999528e-02 1.237349999999999978e-01 3.370809999999999779e-02 9.917430000000000412e-01 -2.437740000000000046e-02
9.947350000000000358e-01 4.754200000000000093e-02 -9.078469999999999596e-02 1.335020000000000095e-01 -4.847510000000000013e-02 9.987920000000000131e-01 -8.100450000000000358e-03 5.703419999999999844e-03 9.028990000000000626e-02 1.245860000000000023e-02 9.958380000000000010e-01 -2.217859999999999970e-02
9.983229999999999604e-01 2.729660000000000072e-02 -5.104100000000000303e-02 7.654130000000000655e-02 -2.869589999999999988e-02 9.992269999999999763e-01 -2.688439999999999927e-02 5.038440000000000280e-02 5.026760000000000256e-02 2.830399999999999930e-02 9.983349999999999724e-01 -7.138760000000000071e-03
9.994420000000000526e-01 1.473849999999999986e-02 -2.995880000000000071e-02 5.527159999999999712e-02 -1.521750000000000012e-02 9.997589999999999533e-01 -1.582510000000000167e-02 1.410679999999999920e-02 2.971829999999999958e-02 1.627220000000000055e-02 9.994260000000000366e-01 -1.016079999999999935e-02
9.997899999999999565e-01 1.514740000000000010e-02 -1.382680000000000020e-02 3.100210000000000118e-02 -1.552489999999999946e-02 9.994979999999999976e-01 -2.761629999999999988e-02 4.209740000000000010e-02 1.340159999999999962e-02 2.782509999999999845e-02 9.995230000000000503e-01 -7.236669999999999952e-04
9.997789999999999733e-01 1.640360000000000082e-02 -1.315329999999999971e-02 3.694909999999999861e-02 -1.661220000000000058e-02 9.997350000000000403e-01 -1.591230000000000075e-02 2.160990000000000133e-02 1.288880000000000060e-02 1.612730000000000066e-02 9.997869999999999813e-01 -9.605199999999999502e-03
9.998120000000000340e-01 1.792310000000000084e-02 -7.350910000000000430e-03 3.208420000000000022e-02 -1.806850000000000123e-02 9.996319999999999650e-01 -2.021579999999999905e-02 3.307890000000000136e-02 6.985879999999999868e-03 2.034479999999999969e-02 9.997690000000000188e-01 -2.369519999999999960e-03
9.998829999999999663e-01 1.454300000000000037e-02 -4.682750000000000280e-03 3.565730000000000288e-02 -1.462120000000000086e-02 9.997470000000000523e-01 -1.711990000000000040e-02 2.924919999999999951e-02 4.432590000000000141e-03 1.718640000000000098e-02 9.998420000000000085e-01 -5.448500000000000218e-03
9.998970000000000358e-01 1.428890000000000021e-02 -1.137709999999999893e-03 3.548060000000000103e-02 -1.430350000000000024e-02 9.998000000000000220e-01 -1.399199999999999923e-02 2.866799999999999904e-02 9.375549999999999639e-04 1.400679999999999981e-02 9.999010000000000398e-01 -7.133289999999999596e-03
9.998749999999999583e-01 1.546349999999999981e-02 3.180370000000000072e-03 3.350020000000000081e-02 -1.542589999999999933e-02 9.998150000000000093e-01 -1.152410000000000066e-02 2.668370000000000117e-02 -3.357979999999999993e-03 1.147360000000000047e-02 9.999289999999999567e-01 -5.677709999999999875e-03
9.998409999999999798e-01 1.645249999999999838e-02 6.834899999999999656e-03 3.230750000000000288e-02 -1.638190000000000132e-02 9.998129999999999518e-01 -1.025200000000000070e-02 2.301589999999999886e-02 -7.002290000000000424e-03 1.013840000000000054e-02 9.999240000000000350e-01 -7.212529999999999983e-03
9.998160000000000380e-01 1.602490000000000164e-02 1.054350000000000079e-02 2.972599999999999895e-02 -1.592549999999999868e-02 9.998289999999999678e-01 -9.444259999999999461e-03 2.276960000000000095e-02 -1.069299999999999938e-02 9.274610000000000840e-03 9.999000000000000110e-01 -9.967979999999999549e-03
9.998000000000000220e-01 1.546239999999999941e-02 1.270390000000000061e-02 2.718339999999999992e-02 -1.539629999999999992e-02 9.998679999999999790e-01 -5.283859999999999599e-03 1.947959999999999969e-02 -1.278400000000000022e-02 5.087209999999999996e-03 9.999050000000000438e-01 -1.127769999999999988e-02
9.997800000000000020e-01 1.574630000000000127e-02 1.383719999999999915e-02 2.497780000000000139e-02 -1.569670000000000093e-02 9.998700000000000365e-01 -3.690699999999999883e-03 1.760899999999999965e-02 -1.389349999999999960e-02 3.472690000000000065e-03 9.998970000000000358e-01 -1.043200000000000030e-02
9.997530000000000028e-01 1.624079999999999968e-02 1.518569999999999989e-02 2.347509999999999875e-02 -1.620819999999999900e-02 9.998660000000000325e-01 -2.271200000000000128e-03 1.653309999999999849e-02 -1.522060000000000080e-02 2.024510000000000198e-03 9.998820000000000485e-01 -1.066609999999999954e-02
9.997190000000000243e-01 1.598209999999999908e-02 1.751120000000000107e-02 2.015259999999999968e-02 -1.596670000000000034e-02 9.998719999999999830e-01 -1.019970000000000035e-03 1.636929999999999982e-02 -1.752530000000000060e-02 7.400860000000000424e-04 9.998460000000000125e-01 -1.202630000000000018e-02
9.997019999999999795e-01 1.384179999999999959e-02 2.009100000000000122e-02 1.872650000000000009e-02 -1.389370000000000015e-02 9.999000000000000110e-01 2.447780000000000095e-03 1.341559999999999975e-02 -2.005509999999999932e-02 -2.726189999999999863e-03 9.997949999999999893e-01 -8.738100000000000381e-03
9.996439999999999770e-01 1.187050000000000084e-02 2.389530000000000126e-02 1.632240000000000080e-02 -1.194710000000000043e-02 9.999240000000000350e-01 3.064519999999999831e-03 8.922589999999999341e-03 -2.385709999999999914e-02 -3.348900000000000141e-03 9.997099999999999875e-01 -6.328639999999999960e-03
9.995530000000000248e-01 1.064859999999999939e-02 2.793879999999999975e-02 1.318979999999999979e-02 -1.067560000000000037e-02 9.999430000000000263e-01 8.174680000000000141e-04 7.520159999999999692e-03 -2.792839999999999906e-02 -1.115359999999999919e-03 9.996089999999999698e-01 -5.360250000000000431e-03
9.994030000000000413e-01 9.988270000000000481e-03 3.306010000000000199e-02 8.275670000000000595e-03 -9.993190000000000753e-03 9.999500000000000055e-01 -1.647119999999999910e-05 5.360969999999999624e-03 -3.305860000000000049e-02 -3.139150000000000057e-04 9.994530000000000358e-01 -4.710050000000000348e-03
9.992459999999999676e-01 7.733430000000000339e-03 3.805290000000000061e-02 2.573479999999999952e-03 -7.783309999999999881e-03 9.999689999999999968e-01 1.162810000000000015e-03 4.165109999999999971e-04 -3.804269999999999874e-02 -1.458110000000000092e-03 9.992750000000000243e-01 -5.521149999999999843e-03
9.990830000000000544e-01 5.496240000000000327e-03 4.246130000000000043e-02 -2.426890000000000124e-03 -5.574950000000000391e-03 9.999829999999999552e-01 1.735360000000000028e-03 -2.553039999999999910e-03 -4.245109999999999856e-02 -1.970480000000000148e-03 9.990970000000000129e-01 -6.102510000000000226e-03
9.989090000000000469e-01 3.373890000000000049e-03 4.657649999999999985e-02 -5.954700000000000271e-03 -3.559500000000000164e-03 9.999860000000000415e-01 3.902740000000000029e-03 -4.939619999999999601e-03 -4.656269999999999853e-02 -4.064270000000000035e-03 9.989069999999999894e-01 -5.637640000000000186e-03
9.986369999999999969e-01 9.186209999999999992e-04 5.218249999999999972e-02 -1.097549999999999915e-02 -1.329370000000000074e-03 9.999679999999999680e-01 7.837190000000000822e-03 -7.821059999999999471e-03 -5.217370000000000341e-02 -7.895879999999999219e-03 9.986070000000000224e-01 -4.123439999999999918e-03
9.983319999999999972e-01 -3.508639999999999936e-03 5.762079999999999980e-02 -1.532000000000000028e-02 2.907400000000000088e-03 9.999400000000000510e-01 1.051490000000000063e-02 -1.240190000000000042e-02 -5.765420000000000267e-02 -1.032989999999999950e-02 9.982830000000000314e-01 -1.285289999999999913e-03
9.979350000000000165e-01 -9.079709999999999517e-03 6.358479999999999688e-02 -1.951429999999999831e-02 8.344000000000000722e-03 9.998949999999999783e-01 1.182659999999999961e-02 -1.685479999999999964e-02 -6.368550000000000599e-02 -1.127159999999999968e-02 9.979059999999999597e-01 5.517080000000000378e-04
9.974089999999999900e-01 -1.411659999999999998e-02 7.053439999999999710e-02 -2.578799999999999842e-02 1.328410000000000007e-02 9.998369999999999758e-01 1.225739999999999989e-02 -2.245379999999999945e-02 -7.069590000000000596e-02 -1.128870000000000047e-02 9.974340000000000428e-01 3.604480000000000184e-03
9.968869999999999676e-01 -1.900080000000000172e-02 7.651470000000000493e-02 -3.204250000000000154e-02 1.831949999999999898e-02 9.997859999999999525e-01 9.595370000000000635e-03 -2.796339999999999937e-02 -7.668060000000000154e-02 -8.163790000000000630e-03 9.970219999999999638e-01 5.563919999999999977e-03
9.963990000000000347e-01 -2.187700000000000061e-02 8.191940000000000333e-02 -3.997669999999999696e-02 2.135919999999999833e-02 9.997460000000000235e-01 7.192589999999999574e-03 -3.155560000000000309e-02 -8.205590000000000106e-02 -5.416950000000000237e-03 9.966129999999999711e-01 3.681470000000000055e-03
9.960419999999999829e-01 -2.457470000000000140e-02 8.541849999999999443e-02 -4.719330000000000053e-02 2.391479999999999995e-02 9.996760000000000090e-01 8.740160000000000290e-03 -3.368870000000000198e-02 -8.560560000000000391e-02 -6.662799999999999973e-03 9.963070000000000537e-01 1.960239999999999812e-03
9.957580000000000320e-01 -2.670929999999999832e-02 8.805190000000000239e-02 -5.304119999999999668e-02 2.566509999999999972e-02 9.995859999999999745e-01 1.297079999999999934e-02 -3.763149999999999828e-02 -8.836189999999999323e-02 -1.065589999999999940e-02 9.960309999999999997e-01 2.368340000000000029e-03
9.952100000000000390e-01 -2.938609999999999833e-02 9.323739999999999806e-02 -5.848210000000000214e-02 2.792040000000000147e-02 9.994659999999999656e-01 1.698689999999999922e-02 -4.036200000000000204e-02 -9.368680000000000063e-02 -1.430230000000000043e-02 9.954990000000000228e-01 2.939370000000000177e-03
9.944070000000000409e-01 -3.281289999999999901e-02 1.003929999999999961e-01 -6.310570000000000068e-02 3.071530000000000094e-02 9.992779999999999996e-01 2.236890000000000059e-02 -4.288140000000000007e-02 -1.010540000000000049e-01 -1.916019999999999876e-02 9.946960000000000246e-01 4.991559999999999921e-03
9.931849999999999845e-01 -3.790879999999999944e-02 1.102149999999999935e-01 -7.107700000000000129e-02 3.488669999999999966e-02 9.989639999999999631e-01 2.922119999999999926e-02 -4.602819999999999828e-02 -1.112090000000000023e-01 -2.517700000000000146e-02 9.934779999999999722e-01 5.055709999999999718e-03
9.919350000000000112e-01 -4.545300000000000035e-02 1.183209999999999956e-01 -7.968799999999999495e-02 4.148580000000000323e-02 9.984979999999999967e-01 3.577999999999999931e-02 -5.177539999999999920e-02 -1.197690000000000005e-01 -3.058280000000000026e-02 9.923309999999999631e-01 8.496200000000000627e-03
9.906859999999999555e-01 -5.234609999999999957e-02 1.257050000000000112e-01 -8.828460000000000474e-02 4.803530000000000300e-02 9.981569999999999609e-01 3.708499999999999991e-02 -5.640019999999999756e-02 -1.274150000000000005e-01 -3.070130000000000081e-02 9.913739999999999775e-01 9.389770000000000408e-03
9.894519999999999982e-01 -6.003889999999999921e-02 1.318370000000000097e-01 -9.477159999999999751e-02 5.551589999999999997e-02 9.977449999999999930e-01 3.772249999999999909e-02 -5.938600000000000129e-02 -1.338040000000000063e-01 -3.000550000000000092e-02 9.905530000000000168e-01 7.884749999999999398e-03
9.877420000000000089e-01 -6.902869999999999839e-02 1.400029999999999886e-01 -1.016380000000000061e-01 6.385920000000000485e-02 9.971130000000000271e-01 4.109150000000000302e-02 -6.230879999999999752e-02 -1.424350000000000060e-01 -3.164730000000000321e-02 9.892980000000000107e-01 9.440389999999999893e-03
9.859900000000000331e-01 -7.728250000000000397e-02 1.478190000000000059e-01 -1.079699999999999965e-01 7.174729999999999996e-02 9.965199999999999614e-01 4.242669999999999775e-02 -6.749230000000000507e-02 -1.505829999999999946e-01 -3.122679999999999900e-02 9.881039999999999823e-01 1.144429999999999926e-02
9.843450000000000255e-01 -8.294519999999999671e-02 1.555130000000000123e-01 -1.158030000000000032e-01 7.754110000000000169e-02 9.961659999999999959e-01 4.051079999999999959e-02 -7.100700000000000067e-02 -1.582770000000000010e-01 -2.781799999999999898e-02 9.870029999999999637e-01 1.124700000000000005e-02
9.828289999999999527e-01 -8.736810000000000409e-02 1.625260000000000038e-01 -1.230239999999999945e-01 8.199589999999999657e-02 9.958500000000000130e-01 3.948659999999999670e-02 -7.361700000000000188e-02 -1.653010000000000035e-01 -2.548210000000000058e-02 9.859139999999999571e-01 9.239439999999999806e-03
9.812170000000000059e-01 -9.148749999999999938e-02 1.698330000000000117e-01 -1.293650000000000078e-01 8.576880000000000615e-02 9.954819999999999780e-01 4.072470000000000256e-02 -7.575110000000000177e-02 -1.727910000000000001e-01 -2.539349999999999941e-02 9.846310000000000340e-01 9.060969999999999788e-03
9.791590000000000016e-01 -9.645919999999999495e-02 1.787279999999999980e-01 -1.363119999999999887e-01 9.042450000000000487e-02 9.950329999999999453e-01 4.162799999999999834e-02 -7.994950000000000667e-02 -1.818559999999999899e-01 -2.459899999999999934e-02 9.830170000000000297e-01 1.104330000000000069e-02
9.772020000000000151e-01 -1.005220000000000002e-01 1.870060000000000056e-01 -1.429960000000000120e-01 9.474380000000000301e-02 9.947129999999999583e-01 3.960690000000000044e-02 -8.324149999999999605e-02 -1.899990000000000012e-01 -2.098629999999999940e-02 9.815599999999999881e-01 1.142229999999999981e-02
9.755639999999999867e-01 -1.042580000000000034e-01 1.934019999999999906e-01 -1.486810000000000076e-01 9.868430000000000257e-02 9.943830000000000169e-01 3.826050000000000284e-02 -8.549769999999999592e-02 -1.963050000000000073e-01 -1.823980000000000046e-02 9.803730000000000500e-01 9.429309999999999775e-03
9.738799999999999679e-01 -1.082960000000000034e-01 1.995750000000000024e-01 -1.566289999999999905e-01 1.026569999999999983e-01 9.939740000000000242e-01 3.842380000000000101e-02 -8.752540000000000320e-02 -2.025339999999999918e-01 -1.693249999999999963e-02 9.791290000000000271e-01 8.758709999999999413e-03
9.725099999999999856e-01 -1.123719999999999997e-01 2.039519999999999944e-01 -1.635749999999999982e-01 1.067599999999999938e-01 9.935450000000000115e-01 3.834830000000000183e-02 -9.111930000000000029e-02 -2.069449999999999901e-01 -1.552010000000000021e-02 9.782290000000000152e-01 1.023559999999999921e-02
9.714329999999999909e-01 -1.164209999999999967e-01 2.067940000000000056e-01 -1.702369999999999994e-01 1.114939999999999959e-01 9.931360000000000188e-01 3.536589999999999873e-02 -9.308729999999999782e-02 -2.094920000000000115e-01 -1.129939999999999937e-02 9.777449999999999752e-01 9.054170000000000273e-03
9.705949999999999855e-01 -1.199989999999999946e-01 2.086760000000000004e-01 -1.774380000000000124e-01 1.152880000000000016e-01 9.927280000000000548e-01 3.463970000000000243e-02 -9.496100000000000374e-02 -2.113150000000000028e-01 -9.563369999999999857e-03 9.773709999999999898e-01 8.054230000000000764e-03
9.701359999999999983e-01 -1.225809999999999955e-01 2.093069999999999931e-01 -1.843420000000000059e-01 1.180640000000000023e-01 9.924239999999999728e-01 3.399150000000000088e-02 -9.758630000000000082e-02 -2.118879999999999930e-01 -8.264840000000000728e-03 9.772589999999999888e-01 8.064079999999999512e-03
9.697270000000000056e-01 -1.233230000000000021e-01 2.107650000000000079e-01 -1.922270000000000090e-01 1.188260000000000011e-01 9.923359999999999959e-01 3.391929999999999945e-02 -9.926680000000000226e-02 -2.133329999999999949e-01 -7.848139999999999977e-03 9.769480000000000386e-01 7.049200000000000257e-03
9.696360000000000534e-01 -1.235089999999999938e-01 2.110700000000000076e-01 -1.984489999999999865e-01 1.188459999999999933e-01 9.923070000000000501e-01 3.468559999999999699e-02 -1.017080000000000067e-01 -2.137300000000000033e-01 -8.547519999999999424e-03 9.768550000000000288e-01 5.599640000000000346e-03
9.698139999999999539e-01 -1.235409999999999980e-01 2.102350000000000052e-01 -2.034620000000000040e-01 1.187570000000000014e-01 9.922959999999999559e-01 3.528400000000000286e-02 -1.020810000000000051e-01 -2.129739999999999966e-01 -9.252109999999999154e-03 9.770140000000000491e-01 6.712469999999999895e-03
9.701340000000000519e-01 -1.236570000000000030e-01 2.086840000000000084e-01 -2.097620000000000040e-01 1.189010000000000067e-01 9.922809999999999686e-01 3.523219999999999824e-02 -1.041559999999999986e-01 -2.114300000000000068e-01 -9.367099999999999732e-03 9.773479999999999945e-01 7.547500000000000389e-03
9.705799999999999983e-01 -1.241820000000000007e-01 2.062859999999999971e-01 -2.152169999999999916e-01 1.199400000000000049e-01 9.922330000000000316e-01 3.299099999999999949e-02 -1.059640000000000026e-01 -2.087799999999999934e-01 -7.278390000000000033e-03 9.779360000000000275e-01 8.933730000000000837e-03
9.713119999999999532e-01 -1.243829999999999936e-01 2.026860000000000051e-01 -2.178319999999999979e-01 1.206779999999999936e-01 9.922199999999999909e-01 3.058709999999999901e-02 -1.074679999999999941e-01 -2.049140000000000128e-01 -5.249819999999999660e-03 9.787660000000000249e-01 1.055619999999999996e-02
9.719079999999999941e-01 -1.221509999999999957e-01 2.011819999999999997e-01 -2.225280000000000036e-01 1.187799999999999967e-01 9.925030000000000241e-01 2.879129999999999884e-02 -1.082909999999999984e-01 -2.031910000000000105e-01 -4.086069999999999806e-03 9.791309999999999736e-01 1.010559999999999931e-02
9.720790000000000264e-01 -1.228459999999999969e-01 1.999289999999999956e-01 -2.259099999999999997e-01 1.195250000000000062e-01 9.924180000000000224e-01 2.864689999999999945e-02 -1.099119999999999958e-01 -2.019320000000000004e-01 -3.950610000000000233e-03 9.793910000000000116e-01 1.153180000000000004e-02
9.726879999999999971e-01 -1.225649999999999934e-01 1.971209999999999907e-01 -2.293149999999999911e-01 1.196969999999999978e-01 9.924579999999999513e-01 2.644470000000000154e-02 -1.115349999999999953e-01 -1.988759999999999972e-01 -2.127620000000000205e-03 9.800219999999999487e-01 1.262519999999999962e-02
9.733309999999999462e-01 -1.226499999999999951e-01 1.938650000000000095e-01 -2.335669999999999968e-01 1.199960000000000054e-01 9.924490000000000256e-01 2.542329999999999937e-02 -1.123379999999999934e-01 -1.955189999999999984e-01 -1.482320000000000079e-03 9.806989999999999874e-01 1.411590000000000067e-02
9.736679999999999779e-01 -1.242240000000000011e-01 1.911539999999999906e-01 -2.362410000000000065e-01 1.212749999999999939e-01 9.922490000000000476e-01 2.709740000000000065e-02 -1.134610000000000063e-01 -1.930379999999999874e-01 -3.201670000000000210e-03 9.811860000000000026e-01 1.856189999999999923e-02
9.738869999999999472e-01 -1.261180000000000079e-01 1.887820000000000054e-01 -2.358669999999999933e-01 1.230149999999999993e-01 9.920060000000000544e-01 2.811220000000000038e-02 -1.179729999999999945e-01 -1.908189999999999886e-01 -4.154940000000000196e-03 9.816169999999999618e-01 2.396179999999999838e-02
9.736660000000000315e-01 -1.269160000000000010e-01 1.893859999999999988e-01 -2.387739999999999863e-01 1.241410000000000013e-01 9.919109999999999872e-01 2.649150000000000116e-02 -1.207850000000000035e-01 -1.912159999999999971e-01 -2.283159999999999790e-03 9.815450000000000008e-01 2.753459999999999935e-02
9.733349999999999502e-01 -1.289829999999999866e-01 1.896919999999999995e-01 -2.406490000000000018e-01 1.264149999999999996e-01 9.916460000000000274e-01 2.562450000000000144e-02 -1.242390000000000022e-01 -1.914119999999999988e-01 -9.612590000000000067e-04 9.815089999999999648e-01 3.207329999999999903e-02
9.731079999999999730e-01 -1.313489999999999935e-01 1.892310000000000103e-01 -2.405789999999999873e-01 1.291819999999999913e-01 9.913349999999999662e-01 2.379929999999999893e-02 -1.278320000000000012e-01 -1.907169999999999976e-01 1.285839999999999900e-03 9.816439999999999610e-01 3.504000000000000170e-02
9.726510000000000433e-01 -1.342899999999999927e-01 1.895169999999999910e-01 -2.425350000000000006e-01 1.321640000000000037e-01 9.909400000000000430e-01 2.387380000000000058e-02 -1.318229999999999957e-01 -1.910060000000000091e-01 1.826390000000000001e-03 9.815869999999999873e-01 3.837220000000000214e-02
9.723730000000000429e-01 -1.367879999999999929e-01 1.891549999999999898e-01 -2.427360000000000073e-01 1.347569999999999879e-01 9.905969999999999498e-01 2.361840000000000120e-02 -1.349229999999999874e-01 -1.906069999999999987e-01 2.524020000000000083e-03 9.816629999999999523e-01 4.135099999999999887e-02
9.718959999999999821e-01 -1.395969999999999989e-01 1.895550000000000013e-01 -2.421319999999999861e-01 1.370619999999999894e-01 9.902079999999999771e-01 2.648000000000000007e-02 -1.388240000000000030e-01 -1.913960000000000106e-01 2.450880000000000224e-04 9.815129999999999688e-01 4.631389999999999812e-02
9.709560000000000413e-01 -1.425520000000000120e-01 1.921519999999999895e-01 -2.417479999999999907e-01 1.398929999999999896e-01 9.897869999999999724e-01 2.740609999999999921e-02 -1.447940000000000060e-01 -1.940969999999999918e-01 2.705990000000000023e-04 9.809820000000000206e-01 5.386830000000000090e-02
9.699179999999999469e-01 -1.429680000000000117e-01 1.970270000000000077e-01 -2.424290000000000056e-01 1.407480000000000120e-01 9.897219999999999906e-01 2.529700000000000004e-02 -1.506190000000000029e-01 -1.986189999999999900e-01 3.195120000000000078e-03 9.800720000000000542e-01 5.887389999999999984e-02
9.687970000000000192e-01 -1.439010000000000011e-01 2.018040000000000112e-01 -2.419229999999999992e-01 1.418560000000000099e-01 9.895810000000000439e-01 2.463749999999999968e-02 -1.546800000000000119e-01 -2.032470000000000110e-01 4.758450000000000006e-03 9.791159999999999863e-01 6.227619999999999684e-02
9.676829999999999599e-01 -1.442990000000000106e-01 2.068039999999999878e-01 -2.398909999999999931e-01 1.420430000000000026e-01 9.895239999999999592e-01 2.579690000000000108e-02 -1.581450000000000078e-01 -2.083599999999999897e-01 4.411769999999999754e-03 9.780419999999999670e-01 6.740350000000000508e-02
9.663540000000000463e-01 -1.442509999999999903e-01 2.129570000000000074e-01 -2.375970000000000026e-01 1.415820000000000134e-01 9.895359999999999712e-01 2.781679999999999917e-02 -1.645890000000000131e-01 -2.147419999999999884e-01 3.270009999999999844e-03 9.766650000000000054e-01 7.386339999999999573e-02
9.649050000000000127e-01 -1.427660000000000040e-01 2.203980000000000106e-01 -2.355619999999999936e-01 1.400089999999999946e-01 9.897500000000000187e-01 2.816010000000000041e-02 -1.687069999999999959e-01 -2.221589999999999954e-01 3.685990000000000100e-03 9.750029999999999530e-01 7.727180000000000160e-02
9.631250000000000089e-01 -1.409289999999999987e-01 2.291920000000000068e-01 -2.343619999999999870e-01 1.376749999999999918e-01 9.900170000000000359e-01 3.020890000000000034e-02 -1.711900000000000088e-01 -2.311610000000000054e-01 2.459020000000000129e-03 9.729119999999999990e-01 8.257609999999999950e-02
9.604730000000000212e-01 -1.420530000000000126e-01 2.394010000000000027e-01 -2.346250000000000002e-01 1.374690000000000079e-01 9.898580000000000156e-01 3.582590000000000080e-02 -1.748220000000000052e-01 -2.420619999999999994e-01 -1.499679999999999980e-03 9.702600000000000113e-01 8.985569999999999669e-02
9.581140000000000212e-01 -1.443369999999999931e-01 2.473549999999999915e-01 -2.354640000000000066e-01 1.388199999999999990e-01 9.895220000000000127e-01 3.969389999999999724e-02 -1.802719999999999878e-01 -2.504919999999999924e-01 -3.693380000000000014e-03 9.681119999999999726e-01 9.559679999999999567e-02
9.558769999999999767e-01 -1.493810000000000138e-01 2.529520000000000102e-01 -2.358290000000000108e-01 1.432249999999999912e-01 9.887690000000000090e-01 4.268910000000000066e-02 -1.860420000000000129e-01 -2.564879999999999938e-01 -4.576570000000000291e-03 9.665369999999999795e-01 1.007500000000000062e-01
9.533099999999999907e-01 -1.561700000000000033e-01 2.584790000000000143e-01 -2.356910000000000116e-01 1.497509999999999952e-01 9.877230000000000176e-01 4.446579999999999977e-02 -1.912530000000000063e-01 -2.622499999999999831e-01 -3.682079999999999902e-03 9.649929999999999897e-01 1.073640000000000011e-01
9.509319999999999995e-01 -1.620669999999999888e-01 2.635569999999999857e-01 -2.361810000000000020e-01 1.555420000000000136e-01 9.867770000000000152e-01 4.558480000000000171e-02 -1.965119999999999922e-01 -2.674599999999999755e-01 -2.353959999999999993e-03 9.635660000000000336e-01 1.127120000000000066e-01
9.487149999999999750e-01 -1.668199999999999961e-01 2.685350000000000237e-01 -2.383790000000000076e-01 1.605659999999999865e-01 9.859869999999999468e-01 4.524790000000000062e-02 -2.031519999999999992e-01 -2.723200000000000065e-01 1.902589999999999956e-04 9.622070000000000345e-01 1.217339999999999950e-01
9.476250000000000506e-01 -1.671989999999999865e-01 2.721230000000000038e-01 -2.381000000000000061e-01 1.621589999999999976e-01 9.859090000000000353e-01 4.107539999999999802e-02 -2.091459999999999986e-01 -2.751560000000000117e-01 5.202929999999999708e-03 9.613850000000000451e-01 1.285350000000000104e-01
9.464420000000000055e-01 -1.669049999999999978e-01 2.763869999999999938e-01 -2.381459999999999966e-01 1.633249999999999980e-01 9.859120000000000106e-01 3.609389999999999821e-02 -2.148740000000000094e-01 -2.785179999999999878e-01 1.098020000000000072e-02 9.603679999999999994e-01 1.349120000000000041e-01
9.450600000000000112e-01 -1.667679999999999996e-01 2.811580000000000190e-01 -2.389779999999999960e-01 1.648620000000000085e-01 9.858419999999999961e-01 3.059620000000000048e-02 -2.192880000000000107e-01 -2.822799999999999754e-01 1.743700000000000111e-02 9.591739999999999711e-01 1.399350000000000038e-01
9.431929999999999481e-01 -1.695139999999999980e-01 2.857489999999999752e-01 -2.403599999999999903e-01 1.686580000000000024e-01 9.852830000000000199e-01 2.779569999999999957e-02 -2.240040000000000087e-01 -2.862560000000000104e-01 2.197709999999999941e-02 9.579010000000000025e-01 1.462259999999999949e-01
9.417520000000000335e-01 -1.719400000000000095e-01 2.890340000000000131e-01 -2.414759999999999962e-01 1.721679999999999877e-01 9.847540000000000182e-01 2.483679999999999916e-02 -2.292629999999999946e-01 -2.888979999999999881e-01 2.637240000000000070e-02 9.569959999999999578e-01 1.522239999999999982e-01
9.408370000000000344e-01 -1.731800000000000006e-01 2.912649999999999961e-01 -2.430070000000000008e-01 1.745669999999999999e-01 9.844119999999999537e-01 2.142869999999999844e-02 -2.343610000000000138e-01 -2.904349999999999987e-01 3.068440000000000056e-02 9.564019999999999744e-01 1.584190000000000043e-01
9.405639999999999556e-01 -1.738119999999999943e-01 2.917680000000000273e-01 -2.424399999999999888e-01 1.765490000000000115e-01 9.841429999999999900e-01 1.713610000000000133e-02 -2.407769999999999910e-01 -2.901199999999999890e-01 3.539380000000000304e-02 9.563350000000000461e-01 1.645419999999999938e-01
9.400849999999999485e-01 -1.725359999999999949e-01 2.940610000000000168e-01 -2.433039999999999925e-01 1.772440000000000127e-01 9.841079999999999828e-01 1.077679999999999957e-02 -2.406570000000000098e-01 -2.912469999999999781e-01 4.198960000000000192e-02 9.557259999999999645e-01 1.674799999999999900e-01
9.387429999999999941e-01 -1.763299999999999867e-01 2.960900000000000198e-01 -2.453720000000000068e-01 1.806669999999999943e-01 9.834600000000000009e-01 1.287809999999999996e-02 -2.439550000000000052e-01 -2.934640000000000026e-01 4.140459999999999974e-02 9.550729999999999498e-01 1.721020000000000050e-01
9.373669999999999503e-01 -1.808609999999999940e-01 2.977119999999999767e-01 -2.473319999999999963e-01 1.853430000000000077e-01 9.825829999999999842e-01 1.335659999999999972e-02 -2.468930000000000013e-01 -2.949430000000000107e-01 4.265889999999999960e-02 9.545620000000000216e-01 1.765110000000000012e-01
9.365440000000000431e-01 -1.844379999999999908e-01 2.981070000000000109e-01 -2.490459999999999896e-01 1.891809999999999881e-01 9.818540000000000045e-01 1.312999999999999931e-02 -2.487419999999999909e-01 -2.951190000000000202e-01 4.409939999999999694e-02 9.544420000000000126e-01 1.792970000000000119e-01
9.360519999999999952e-01 -1.869709999999999983e-01 2.980740000000000056e-01 -2.501490000000000102e-01 1.916140000000000065e-01 9.813730000000000508e-01 1.384699999999999993e-02 -2.519469999999999765e-01 -2.951110000000000122e-01 4.415360000000000118e-02 9.544420000000000126e-01 1.826170000000000015e-01
9.354489999999999750e-01 -1.887429999999999941e-01 2.988509999999999778e-01 -2.514290000000000136e-01 1.935399999999999898e-01 9.809959999999999791e-01 1.374799999999999980e-02 -2.564839999999999898e-01 -2.957670000000000021e-01 4.497929999999999984e-02 9.542009999999999659e-01 1.867250000000000021e-01
9.350140000000000118e-01 -1.899859999999999882e-01 2.994220000000000215e-01 -2.532440000000000246e-01 1.960580000000000100e-01 9.805420000000000247e-01 9.925009999999999735e-03 -2.598150000000000182e-01 -2.954809999999999937e-01 4.942420000000000146e-02 9.540689999999999449e-01 1.887669999999999904e-01
9.346729999999999761e-01 -1.907490000000000019e-01 3.000019999999999909e-01 -2.562940000000000218e-01 1.981370000000000076e-01 9.801569999999999450e-01 5.904419999999999634e-03 -2.614360000000000017e-01 -2.951750000000000207e-01 5.392260000000000109e-02 9.539199999999999902e-01 1.905709999999999904e-01
9.344479999999999453e-01 -1.916049999999999975e-01 3.001590000000000091e-01 -2.584380000000000011e-01 1.995800000000000074e-01 9.798729999999999940e-01 4.169759999999999786e-03 -2.651069999999999816e-01 -2.949160000000000115e-01 5.600909999999999916e-02 9.538799999999999502e-01 1.926670000000000049e-01
9.345219999999999638e-01 -1.904649999999999954e-01 3.006539999999999768e-01 -2.594090000000000007e-01 1.995679999999999954e-01 9.798839999999999772e-01 4.403869999999999833e-04 -2.661850000000000049e-01 -2.946900000000000075e-01 5.958940000000000070e-02 9.537330000000000529e-01 1.938189999999999913e-01
9.341150000000000286e-01 -1.879280000000000117e-01 3.035010000000000208e-01 -2.620169999999999999e-01 1.976140000000000119e-01 9.802790000000000115e-01 -1.225109999999999958e-03 -2.655259999999999843e-01 -2.972850000000000215e-01 6.112039999999999834e-02 9.528299999999999548e-01 1.939549999999999885e-01
9.333489999999999842e-01 -1.864149999999999974e-01 3.067719999999999891e-01 -2.647809999999999886e-01 1.960099999999999898e-01 9.806019999999999737e-01 -4.785740000000000024e-04 -2.684770000000000212e-01 -3.007319999999999993e-01 6.057690000000000297e-02 9.517830000000000457e-01 1.968499999999999972e-01
9.330739999999999590e-01 -1.822310000000000041e-01 3.101050000000000195e-01 -2.680359999999999965e-01 1.925659999999999872e-01 9.812800000000000411e-01 -2.770939999999999948e-03 -2.677649999999999753e-01 -3.037949999999999817e-01 6.230139999999999983e-02 9.506980000000000430e-01 1.977500000000000091e-01
9.323209999999999553e-01 -1.802570000000000006e-01 3.135049999999999781e-01 -2.706850000000000089e-01 1.905719999999999914e-01 9.816709999999999603e-01 -2.299079999999999787e-03 -2.690569999999999906e-01 -3.073440000000000061e-01 6.188860000000000194e-02 9.495839999999999836e-01 1.995039999999999869e-01
9.314679999999999627e-01 -1.776050000000000129e-01 3.175279999999999769e-01 -2.744889999999999830e-01 1.883599999999999997e-01 9.820950000000000513e-01 -3.232529999999999952e-03 -2.716959999999999931e-01 -3.112690000000000179e-01 6.282050000000000134e-02 9.482429999999999470e-01 2.020790000000000086e-01
9.308849999999999625e-01 -1.736870000000000080e-01 3.213799999999999990e-01 -2.780619999999999759e-01 1.853049999999999975e-01 9.826650000000000107e-01 -5.666690000000000269e-03 -2.719320000000000070e-01 -3.148239999999999927e-01 6.482830000000000537e-02 9.469330000000000247e-01 2.027700000000000058e-01
9.296830000000000371e-01 -1.704150000000000109e-01 3.265710000000000002e-01 -2.820840000000000014e-01 1.821919999999999928e-01 9.832469999999999821e-01 -5.576039999999999990e-03 -2.725099999999999745e-01 -3.201499999999999901e-01 6.468250000000000388e-02 9.451559999999999961e-01 2.037680000000000047e-01
9.277199999999999891e-01 -1.697750000000000092e-01 3.324340000000000073e-01 -2.858160000000000145e-01 1.817010000000000014e-01 9.833420000000000494e-01 -4.875980000000000245e-03 -2.752209999999999934e-01 -3.260680000000000245e-01 6.492720000000000435e-02 9.431140000000000079e-01 2.056900000000000117e-01
9.256229999999999736e-01 -1.687919999999999976e-01 3.387200000000000211e-01 -2.891790000000000194e-01 1.817360000000000086e-01 9.833250000000000046e-01 -6.619339999999999599e-03 -2.753050000000000219e-01 -3.319540000000000268e-01 6.768470000000000042e-02 9.408640000000000336e-01 2.055569999999999897e-01
9.221580000000000332e-01 -1.713540000000000063e-01 3.467870000000000119e-01 -2.923109999999999875e-01 1.846669999999999978e-01 9.827860000000000484e-01 -5.443719999999999982e-03 -2.740469999999999851e-01 -3.398849999999999927e-01 6.906009999999999927e-02 9.379279999999999839e-01 2.072509999999999908e-01
9.180409999999999959e-01 -1.752890000000000004e-01 3.556340000000000057e-01 -2.950429999999999997e-01 1.889619999999999911e-01 9.819769999999999888e-01 -3.782240000000000081e-03 -2.768189999999999817e-01 -3.485610000000000097e-01 7.067339999999999733e-02 9.346179999999999488e-01 2.083470000000000044e-01
9.137349999999999639e-01 -1.764469999999999927e-01 3.659970000000000168e-01 -3.022239999999999926e-01 1.913839999999999986e-01 9.815040000000000431e-01 -4.618780000000000281e-03 -2.745170000000000110e-01 -3.584129999999999816e-01 7.426620000000000443e-02 9.306039999999999868e-01 2.081310000000000104e-01
