1.000000000000000000e+00 4.163340000000000169e-23 -9.864730000000000621e-24 2.777890000000000152e-23 -4.163340000000000169e-23 1.000000000000000000e+00 2.076509999999999915e-23 2.123579999999999993e-23 9.864730000000000621e-24 -2.076509999999999915e-23 1.000000000000000000e+00 -1.659649999999999939e-23
1.000000000000000000e+00 -9.408869999999999517e-04 -2.694519999999999945e-04 -7.013129999999999581e-04 9.409629999999999557e-04 1.000000000000000000e+00 2.825540000000000191e-04 1.171720000000000010e-03 2.691859999999999804e-04 -2.828080000000000069e-04 1.000000000000000000e+00 -1.495819999999999919e-03
9.999989999999999712e-01 -1.489370000000000060e-03 2.404250000000000029e-04 -4.307760000000000105e-04 1.489389999999999941e-03 9.999989999999999712e-01 -9.661140000000000136e-05 7.100169999999999615e-04 -2.402799999999999966e-04 9.696940000000000030e-05 1.000000000000000000e+00 -2.561369999999999880e-03
9.999980000000000535e-01 1.107490000000000037e-03 1.701559999999999965e-03 -1.630579999999999963e-03 -1.107090000000000027e-03 9.999989999999999712e-01 -2.381829999999999928e-04 3.536309999999999757e-04 -1.701830000000000096e-03 2.362990000000000088e-04 9.999989999999999712e-01 -3.551289999999999916e-03
9.999980000000000535e-01 1.390479999999999928e-03 1.322700000000000004e-03 -2.034400000000000010e-03 -1.390979999999999994e-03 9.999989999999999712e-01 3.796000000000000112e-04 5.371780000000000261e-04 -1.322169999999999899e-03 -3.814390000000000185e-04 9.999989999999999712e-01 -3.346079999999999974e-03
9.999909999999999632e-01 3.429880000000000168e-03 2.319149999999999857e-03 -3.482620000000000073e-03 -3.428969999999999935e-03 9.999940000000000495e-01 -3.954960000000000094e-04 1.830140000000000065e-03 -2.320500000000000080e-03 3.875400000000000199e-04 9.999970000000000248e-01 -2.070039999999999988e-03
9.999900000000000455e-01 3.829389999999999791e-03 2.110639999999999999e-03 -2.121810000000000015e-03 -3.830109999999999851e-03 9.999930000000000208e-01 3.361959999999999775e-04 7.287500000000000141e-04 -2.109339999999999913e-03 -3.442769999999999836e-04 9.999980000000000535e-01 -4.063409999999999939e-03
9.999850000000000128e-01 4.471870000000000185e-03 3.185610000000000178e-03 -2.104060000000000045e-03 -4.477290000000000089e-03 9.999890000000000168e-01 1.695040000000000088e-03 9.677000000000000489e-04 -3.177989999999999895e-03 -1.709280000000000087e-03 9.999930000000000208e-01 -4.394470000000000147e-03
9.999730000000000008e-01 3.785600000000000076e-03 6.281469999999999936e-03 -3.193999999999999791e-03 -3.795769999999999960e-03 9.999919999999999920e-01 1.608580000000000079e-03 3.076409999999999909e-03 -6.275329999999999971e-03 -1.632379999999999899e-03 9.999789999999999512e-01 -2.179149999999999924e-03
9.999749999999999472e-01 3.818970000000000090e-03 5.909939999999999811e-03 -9.410319999999999579e-04 -3.839690000000000204e-03 9.999869999999999592e-01 3.497060000000000186e-03 1.444149999999999948e-03 -5.896509999999999772e-03 -3.519669999999999917e-03 9.999759999999999760e-01 -4.263130000000000391e-03
9.999679999999999680e-01 3.178879999999999813e-03 7.335490000000000066e-03 -3.413310000000000129e-03 -3.213479999999999896e-03 9.999839999999999840e-01 4.709239999999999954e-03 8.797800000000000368e-04 -7.320410000000000285e-03 -4.732659999999999645e-03 9.999620000000000175e-01 -3.504719999999999797e-03
9.999559999999999560e-01 2.925130000000000178e-03 8.912899999999999642e-03 -5.843199999999999783e-03 -2.969260000000000042e-03 9.999829999999999552e-01 4.941349999999999736e-03 1.812650000000000068e-03 -8.898299999999999613e-03 -4.967599999999999967e-03 9.999479999999999480e-01 -4.185979999999999736e-03
9.999620000000000175e-01 3.078140000000000043e-03 8.128220000000000237e-03 -5.388880000000000406e-03 -3.120299999999999897e-03 9.999820000000000375e-01 5.179269999999999707e-03 1.800890000000000032e-04 -8.112130000000000382e-03 -5.204440000000000281e-03 9.999540000000000095e-01 -3.836449999999999930e-03
9.999559999999999560e-01 5.060839999999999610e-03 7.909410000000000399e-03 -7.372110000000000295e-03 -5.089060000000000285e-03 9.999810000000000088e-01 3.552560000000000179e-03 6.279859999999999739e-04 -7.891280000000000516e-03 -3.592660000000000124e-03 9.999620000000000175e-01 -3.671849999999999940e-03
9.999489999999999768e-01 7.155029999999999724e-03 7.165150000000000338e-03 -7.940010000000000817e-03 -7.171959999999999794e-03 9.999719999999999720e-01 2.340629999999999794e-03 -6.749580000000000250e-04 -7.148200000000000387e-03 -2.391900000000000189e-03 9.999719999999999720e-01 -4.887400000000000078e-03
9.999289999999999567e-01 9.959430000000000019e-03 6.584289999999999587e-03 -8.023030000000000439e-03 -9.964539999999999162e-03 9.999500000000000055e-01 7.452029999999999462e-04 -3.528989999999999970e-04 -6.576539999999999643e-03 -8.107589999999999806e-04 9.999780000000000335e-01 -3.904279999999999990e-03
9.999160000000000270e-01 1.142239999999999922e-02 6.194629999999999581e-03 -8.810419999999999363e-03 -1.142289999999999972e-02 9.999350000000000183e-01 5.736519999999999754e-05 -2.702060000000000052e-03 -6.193569999999999805e-03 -1.281210000000000020e-04 9.999810000000000088e-01 -4.138270000000000316e-03
9.998989999999999823e-01 1.347540000000000023e-02 4.414709999999999641e-03 -9.479960000000000817e-03 -1.347469999999999918e-02 9.999090000000000478e-01 -1.986690000000000049e-04 -2.936209999999999862e-03 -4.416980000000000038e-03 1.391619999999999934e-04 9.999900000000000455e-01 -6.388600000000000355e-03
9.998709999999999543e-01 1.560480000000000027e-02 3.794350000000000153e-03 -8.388359999999999220e-03 -1.560779999999999980e-02 9.998780000000000445e-01 7.383129999999999901e-04 -1.304260000000000011e-03 -3.782370000000000176e-03 -7.974390000000000471e-04 9.999930000000000208e-01 -4.982920000000000058e-03
9.998470000000000413e-01 1.625300000000000009e-02 6.427190000000000160e-03 -6.686809999999999629e-03 -1.626249999999999918e-02 9.998669999999999503e-01 1.428950000000000012e-03 -3.823039999999999772e-04 -6.403110000000000052e-03 -1.533250000000000108e-03 9.999780000000000335e-01 -3.644080000000000062e-03
9.998270000000000213e-01 1.560089999999999914e-02 1.014010000000000085e-02 -4.930300000000000307e-03 -1.562110000000000061e-02 9.998759999999999870e-01 1.915290000000000048e-03 -3.665970000000000166e-03 -1.010899999999999993e-02 -2.073349999999999846e-03 9.999470000000000303e-01 -7.005839999999999724e-04
9.876260000000000039e-01 3.462559999999999943e-02 -1.529560000000000086e-01 1.907290000000000096e-01 -5.131369999999999681e-02 9.929829999999999490e-01 -1.065409999999999968e-01 2.251670000000000060e-01 1.481939999999999924e-01 1.130720000000000058e-01 9.824730000000000407e-01 2.629079999999999959e-02
9.864100000000000090e-01 -1.302279999999999931e-02 -1.637879999999999892e-01 2.559230000000000116e-01 -8.879569999999999824e-03 9.911720000000000530e-01 -1.322850000000000137e-01 2.548199999999999910e-01 1.640649999999999886e-01 1.319420000000000037e-01 9.775859999999999550e-01 -1.663919999999999982e-02
9.841039999999999788e-01 2.816969999999999891e-02 -1.753439999999999999e-01 2.258689999999999864e-01 -4.850480000000000069e-02 9.924340000000000384e-01 -1.127910000000000024e-01 2.281299999999999994e-01 1.708399999999999919e-01 1.195029999999999981e-01 9.780250000000000332e-01 2.889879999999999879e-02
9.850069999999999659e-01 3.116460000000000063e-02 -1.696729999999999905e-01 2.237540000000000084e-01 -5.210990000000000066e-02 9.913530000000000397e-01 -1.204289999999999944e-01 2.321809999999999985e-01 1.644529999999999881e-01 1.274649999999999950e-01 9.781140000000000390e-01 4.846559999999999757e-02
9.847000000000000197e-01 3.429990000000000122e-02 -1.708469999999999989e-01 2.234109999999999985e-01 -5.427540000000000142e-02 9.920360000000000289e-01 -1.136579999999999951e-01 2.283129999999999882e-01 1.655880000000000130e-01 1.211919999999999942e-01 9.787200000000000344e-01 2.454680000000000056e-02
9.847249999999999615e-01 3.717349999999999821e-02 -1.701000000000000012e-01 2.261469999999999869e-01 -5.648840000000000111e-02 9.923070000000000501e-01 -1.101590000000000069e-01 2.271519999999999928e-01 1.646960000000000091e-01 1.180849999999999955e-01 9.792499999999999538e-01 2.692910000000000095e-02
9.856049999999999534e-01 3.658089999999999953e-02 -1.650570000000000093e-01 2.243429999999999869e-01 -5.520889999999999825e-02 9.924279999999999768e-01 -1.097220000000000001e-01 2.270689999999999931e-01 1.597929999999999906e-01 1.172549999999999981e-01 9.801619999999999777e-01 2.809419999999999973e-02
9.864910000000000068e-01 3.456320000000000225e-02 -1.601259999999999906e-01 2.240070000000000117e-01 -5.238070000000000226e-02 9.927240000000000508e-01 -1.084230000000000055e-01 2.263739999999999919e-01 1.552139999999999909e-01 1.153460000000000041e-01 9.811239999999999961e-01 2.626629999999999937e-02
9.869029999999999747e-01 3.470809999999999867e-02 -1.575370000000000104e-01 2.255250000000000032e-01 -5.165779999999999678e-02 9.931499999999999773e-01 -1.048059999999999964e-01 2.249939999999999996e-01 1.528200000000000114e-01 1.115710000000000035e-01 9.819360000000000310e-01 2.504580000000000001e-02
9.874199999999999644e-01 3.624340000000000200e-02 -1.539069999999999883e-01 2.242530000000000079e-01 -5.261649999999999661e-02 9.932180000000000453e-01 -1.036789999999999934e-01 2.247109999999999941e-01 1.491059999999999885e-01 1.104730000000000018e-01 9.826310000000000322e-01 2.689899999999999930e-02
9.877179999999999849e-01 3.819030000000000341e-02 -1.515110000000000068e-01 2.248400000000000121e-01 -5.409869999999999957e-02 9.932809999999999695e-01 -1.023059999999999942e-01 2.206120000000000025e-01 1.465859999999999941e-01 1.092459999999999959e-01 9.831469999999999931e-01 2.476060000000000066e-02
9.882050000000000001e-01 3.804729999999999918e-02 -1.483339999999999936e-01 2.230389999999999873e-01 -5.348929999999999657e-02 9.933920000000000528e-01 -1.015449999999999964e-01 2.209760000000000058e-01 1.434900000000000064e-01 1.082810000000000022e-01 9.837099999999999733e-01 2.222899999999999876e-02
9.884690000000000420e-01 3.769209999999999922e-02 -1.466550000000000076e-01 2.218249999999999944e-01 -5.239379999999999732e-02 9.938350000000000239e-01 -9.771169999999999856e-02 2.184270000000000100e-01 1.420679999999999998e-01 1.042690000000000006e-01 9.843499999999999472e-01 2.018090000000000162e-02
9.884180000000000188e-01 3.830820000000000058e-02 -1.468440000000000023e-01 2.214820000000000122e-01 -5.283000000000000196e-02 9.939489999999999714e-01 -9.630460000000000409e-02 2.177949999999999886e-01 1.422670000000000046e-01 1.029469999999999968e-01 9.844600000000000017e-01 2.074020000000000030e-02
9.885930000000000550e-01 3.978330000000000061e-02 -1.452650000000000052e-01 2.191770000000000107e-01 -5.407719999999999888e-02 9.939289999999999514e-01 -9.581530000000000602e-02 2.176669999999999994e-01 1.405710000000000015e-01 1.025780000000000025e-01 9.847420000000000062e-01 2.067350000000000090e-02
9.889850000000000030e-01 3.913799999999999918e-02 -1.427450000000000108e-01 2.161649999999999960e-01 -5.299899999999999750e-02 9.941010000000000124e-01 -9.463109999999999578e-02 2.176520000000000121e-01 1.381999999999999895e-01 1.011539999999999939e-01 9.852250000000000174e-01 1.857260000000000161e-02
9.894169999999999909e-01 3.815140000000000198e-02 -1.399940000000000073e-01 2.137610000000000066e-01 -5.124660000000000326e-02 9.945169999999999844e-01 -9.116150000000000642e-02 2.140269999999999950e-01 1.357490000000000085e-01 9.737099999999999922e-02 9.859470000000000178e-01 2.109089999999999923e-02
9.899250000000000549e-01 3.613890000000000158e-02 -1.369029999999999969e-01 2.119429999999999925e-01 -4.901099999999999901e-02 9.945659999999999501e-01 -9.185179999999999734e-02 2.110009999999999941e-01 1.328390000000000126e-01 9.763620000000000632e-02 9.863169999999999993e-01 2.290079999999999893e-02
9.905249999999999888e-01 3.427159999999999929e-02 -1.329879999999999951e-01 2.088689999999999991e-01 -4.702320000000000111e-02 9.944650000000000434e-01 -9.396089999999999998e-02 2.095150000000000068e-01 1.290320000000000078e-01 9.932420000000000138e-02 9.866540000000000310e-01 2.360059999999999936e-02
9.912560000000000260e-01 3.315799999999999997e-02 -1.277220000000000022e-01 2.034320000000000017e-01 -4.543110000000000204e-02 9.944960000000000466e-01 -9.441130000000000355e-02 2.070899999999999963e-01 1.238879999999999981e-01 9.938829999999999887e-02 9.873060000000000169e-01 2.373360000000000053e-02
9.917399999999999549e-01 3.147060000000000135e-02 -1.243400000000000061e-01 1.999299999999999966e-01 -4.337289999999999895e-02 9.946070000000000189e-01 -9.420820000000000582e-02 2.039310000000000012e-01 1.207050000000000067e-01 9.882299999999999418e-02 9.877569999999999961e-01 2.288060000000000094e-02
9.923769999999999536e-01 2.938390000000000099e-02 -1.196809999999999957e-01 1.946829999999999949e-01 -4.077889999999999987e-02 9.947460000000000191e-01 -9.390479999999999661e-02 2.012690000000000035e-01 1.162929999999999936e-01 9.806940000000000102e-02 9.883610000000000451e-01 2.102909999999999849e-02
9.929230000000000000e-01 2.752749999999999989e-02 -1.155250000000000027e-01 1.911599999999999966e-01 -3.832639999999999658e-02 9.949909999999999588e-01 -9.232239999999999891e-02 1.997970000000000024e-01 1.124050000000000049e-01 9.609669999999999324e-02 9.890050000000000230e-01 2.085680000000000173e-02
9.936150000000000260e-01 2.604240000000000027e-02 -1.097790000000000016e-01 1.856480000000000075e-01 -3.591149999999999898e-02 9.953929999999999723e-01 -8.890449999999999742e-02 1.972599999999999909e-01 1.069579999999999975e-01 9.227910000000000279e-02 9.899719999999999631e-01 2.111029999999999851e-02
9.942889999999999784e-01 2.179239999999999997e-02 -1.044749999999999984e-01 1.813269999999999882e-01 -3.085680000000000020e-02 9.958219999999999850e-01 -8.594580000000000275e-02 1.920570000000000055e-01 1.021660000000000068e-01 8.867869999999999919e-02 9.908069999999999933e-01 2.286519999999999872e-02
9.949879999999999836e-01 1.651820000000000024e-02 -9.861920000000000408e-02 1.769280000000000019e-01 -2.500279999999999864e-02 9.960309999999999997e-01 -8.542790000000000106e-02 1.882230000000000014e-01 9.681660000000000266e-02 8.746550000000000158e-02 9.914520000000000000e-01 2.343440000000000106e-02
9.956629999999999647e-01 1.176909999999999935e-02 -9.228680000000000216e-02 1.709150000000000114e-01 -1.967690000000000064e-02 9.961649999999999672e-01 -8.525130000000000208e-02 1.826869999999999883e-01 9.092959999999999932e-02 8.669749999999999679e-02 9.920759999999999579e-01 2.515710000000000168e-02
9.962600000000000344e-01 6.437290000000000026e-03 -8.616970000000000185e-02 1.641189999999999871e-01 -1.404009999999999980e-02 9.960290000000000532e-01 -8.791740000000000665e-02 1.771129999999999927e-01 8.526150000000000395e-02 8.879839999999999955e-02 9.923939999999999984e-01 2.529970000000000135e-02
9.967260000000000009e-01 2.986899999999999798e-03 -8.079340000000000133e-02 1.563700000000000090e-01 -1.034060000000000014e-02 9.958200000000000385e-01 -9.075450000000000184e-02 1.743429999999999980e-01 8.018459999999999477e-02 9.129289999999999627e-02 9.925910000000000011e-01 2.202749999999999847e-02
9.969430000000000236e-01 1.495599999999999978e-04 -7.813829999999999387e-02 1.510289999999999966e-01 -7.161350000000000354e-03 9.959639999999999604e-01 -8.946320000000000661e-02 1.729829999999999979e-01 7.780950000000000366e-02 8.974930000000000407e-02 9.929200000000000248e-01 1.944560000000000038e-02
9.971410000000000551e-01 -5.347270000000000321e-04 -7.555539999999999479e-02 1.449799999999999978e-01 -6.053339999999999936e-03 9.961950000000000527e-01 -8.693919999999999426e-02 1.713079999999999881e-01 7.531450000000000644e-02 8.714800000000000324e-02 9.933440000000000047e-01 1.905120000000000077e-02
9.974490000000000300e-01 -2.274180000000000212e-03 -7.134959999999999913e-02 1.410480000000000067e-01 -3.668289999999999832e-03 9.965389999999999526e-01 -8.304509999999999670e-02 1.685129999999999961e-01 7.129159999999999664e-02 8.309500000000000219e-02 9.939879999999999827e-01 1.897820000000000062e-02
9.979069999999999885e-01 -4.411339999999999706e-03 -6.450880000000000503e-02 1.364339999999999997e-01 -6.264190000000000209e-04 9.969639999999999613e-01 -7.786619999999999653e-02 1.659339999999999982e-01 6.465640000000000276e-02 7.774369999999999892e-02 9.948749999999999538e-01 2.020289999999999933e-02
9.984359999999999902e-01 -8.464040000000000799e-03 -5.526679999999999787e-02 1.296019999999999950e-01 4.521700000000000025e-03 9.974610000000000420e-01 -7.107209999999999916e-02 1.628189999999999915e-01 5.572799999999999976e-02 7.071109999999999896e-02 9.959390000000000187e-01 1.881729999999999861e-02
9.987819999999999476e-01 -1.490949999999999914e-02 -4.703920000000000323e-02 1.207349999999999951e-01 1.183299999999999977e-02 9.978139999999999787e-01 -6.501659999999999384e-02 1.575060000000000071e-01 4.790570000000000245e-02 6.438080000000000191e-02 9.967749999999999666e-01 2.029469999999999885e-02
9.990040000000000031e-01 -2.196170000000000067e-02 -3.883349999999999996e-02 1.109689999999999982e-01 1.945130000000000123e-02 9.977679999999999882e-01 -6.388240000000000585e-02 1.531470000000000053e-01 4.014979999999999938e-02 6.306349999999999456e-02 9.972020000000000328e-01 1.934280000000000027e-02
9.990480000000000471e-01 -2.960909999999999931e-02 -3.204320000000000085e-02 1.039530000000000037e-01 2.754440000000000013e-02 9.976289999999999880e-01 -6.306370000000000031e-02 1.500789999999999902e-01 3.383450000000000346e-02 6.212109999999999854e-02 9.974950000000000205e-01 1.630879999999999830e-02
9.989810000000000079e-01 -3.838830000000000020e-02 -2.375089999999999840e-02 9.697260000000000602e-02 3.692050000000000193e-02 9.975500000000000478e-01 -5.942669999999999897e-02 1.469830000000000025e-01 2.597400000000000056e-02 5.848930000000000101e-02 9.979500000000000037e-01 1.672879999999999853e-02
9.987920000000000131e-01 -4.650340000000000029e-02 -1.585539999999999866e-02 9.034090000000000176e-02 4.549770000000000203e-02 9.972339999999999538e-01 -5.877990000000000298e-02 1.422380000000000033e-01 1.854499999999999899e-02 5.798760000000000026e-02 9.981449999999999489e-01 1.676429999999999934e-02
9.985849999999999449e-01 -5.256480000000000180e-02 -8.054479999999999279e-03 8.246230000000000226e-02 5.197620000000000018e-02 9.967740000000000489e-01 -6.116039999999999671e-02 1.394930000000000059e-01 1.124340000000000062e-02 6.065519999999999939e-02 9.980949999999999545e-01 1.525660000000000037e-02
9.983630000000000004e-01 -5.717919999999999947e-02 -1.301300000000000026e-03 7.609839999999999660e-02 5.698650000000000243e-02 9.964199999999999724e-01 -6.244750000000000301e-02 1.375399999999999956e-01 4.867340000000000381e-03 6.227110000000000284e-02 9.980470000000000175e-01 1.228270000000000056e-02
9.981139999999999457e-01 -6.103739999999999860e-02 6.515130000000000053e-03 6.941559999999999397e-02 6.132479999999999876e-02 9.961809999999999832e-01 -6.214290000000000092e-02 1.367349999999999954e-01 -2.697220000000000173e-03 6.242530000000000301e-02 9.980459999999999887e-01 1.080670000000000068e-02
9.976960000000000273e-01 -6.618090000000000084e-02 1.491729999999999966e-02 6.324609999999999954e-02 6.697670000000000012e-02 9.958669999999999467e-01 -6.133799999999999669e-02 1.326360000000000039e-01 -1.079629999999999999e-02 6.219580000000000247e-02 9.980059999999999487e-01 1.148940000000000031e-02
9.972280000000000033e-01 -7.062980000000000647e-02 2.341570000000000110e-02 5.620080000000000214e-02 7.199220000000000619e-02 9.953750000000000098e-01 -6.360899999999999888e-02 1.295810000000000017e-01 -1.881470000000000017e-02 6.511840000000000683e-02 9.977000000000000313e-01 1.049439999999999922e-02
9.967519999999999714e-01 -7.475930000000000075e-02 2.995410000000000086e-02 5.084930000000000005e-02 7.658120000000000205e-02 9.949310000000000098e-01 -6.516890000000000183e-02 1.279530000000000112e-01 -2.493029999999999899e-02 6.725119999999999709e-02 9.974250000000000060e-01 7.675669999999999889e-03
9.962320000000000064e-01 -7.868369999999999531e-02 3.648549999999999710e-02 4.268979999999999997e-02 8.095220000000000193e-02 9.945599999999999996e-01 -6.554770000000000041e-02 1.269810000000000105e-01 -3.112950000000000092e-02 6.825430000000000386e-02 9.971820000000000128e-01 5.840869999999999743e-03
9.957070000000000087e-01 -8.289570000000000272e-02 4.117749999999999883e-02 3.514280000000000181e-02 8.548569999999999780e-02 9.941689999999999694e-01 -6.572450000000000514e-02 1.234340000000000021e-01 -3.548910000000000259e-02 6.896239999999999315e-02 9.969879999999999853e-01 5.744939999999999596e-03
9.951929999999999943e-01 -8.750299999999999745e-02 4.397519999999999901e-02 2.869359999999999966e-02 9.039780000000000038e-02 9.935239999999999627e-01 -6.883190000000000142e-02 1.221379999999999966e-01 -3.766739999999999672e-02 7.247629999999999351e-02 9.966589999999999616e-01 3.416600000000000106e-03
9.947629999999999528e-01 -9.125510000000000566e-02 4.603270000000000278e-02 2.151940000000000103e-02 9.432029999999999581e-02 9.931119999999999948e-01 -6.951240000000000197e-02 1.204309999999999964e-01 -3.937229999999999897e-02 7.349020000000000552e-02 9.965180000000000149e-01 6.794540000000000171e-04
9.944600000000000106e-01 -9.404450000000000309e-02 4.695690000000000280e-02 1.439559999999999972e-02 9.720370000000000399e-02 9.927810000000000246e-01 -7.026910000000000101e-02 1.182860000000000023e-01 -4.000950000000000339e-02 7.444420000000000204e-02 9.964220000000000299e-01 -6.513610000000000406e-04
9.943539999999999601e-01 -9.449509999999999854e-02 4.828550000000000203e-02 6.795240000000000134e-03 9.775849999999999818e-02 9.927169999999999606e-01 -7.040730000000000599e-02 1.170479999999999993e-01 -4.128069999999999656e-02 7.473000000000000476e-02 9.963490000000000402e-01 -2.625820000000000064e-03
9.943750000000000089e-01 -9.398760000000000447e-02 4.884190000000000059e-02 4.857899999999999957e-04 9.728870000000000573e-02 9.927709999999999591e-01 -7.029359999999999775e-02 1.158040000000000042e-01 -4.188209999999999850e-02 7.464990000000000514e-02 9.963300000000000489e-01 -5.672889999999999877e-03
9.943880000000000496e-01 -9.397360000000000435e-02 4.858790000000000331e-02 -5.541879999999999896e-03 9.720739999999999936e-02 9.928599999999999648e-01 -6.913779999999999926e-02 1.147920000000000051e-01 -4.174379999999999757e-02 7.347289999999999377e-02 9.964229999999999476e-01 -5.412420000000000252e-03
9.944699999999999651e-01 -9.410609999999999808e-02 4.663110000000000172e-02 -1.129759999999999966e-02 9.721219999999999861e-02 9.928310000000000191e-01 -6.954920000000000546e-02 1.133900000000000047e-01 -3.975170000000000092e-02 7.369760000000000200e-02 9.964880000000000404e-01 -4.713110000000000389e-03
9.945009999999999684e-01 -9.455589999999999828e-02 4.502079999999999971e-02 -1.816569999999999990e-02 9.763529999999999431e-02 9.926160000000000538e-01 -7.198290000000000244e-02 1.122620000000000007e-01 -3.788190000000000307e-02 7.598259999999999736e-02 9.963889999999999691e-01 -5.310510000000000057e-03
9.946110000000000229e-01 -9.513589999999999547e-02 4.120349999999999707e-02 -2.100180000000000102e-02 9.800960000000000227e-02 9.923939999999999984e-01 -7.448760000000000103e-02 1.113309999999999994e-01 -3.380360000000000309e-02 7.812460000000000238e-02 9.963699999999999779e-01 -5.150469999999999875e-03
9.948569999999999913e-01 -9.349530000000000340e-02 3.895889999999999770e-02 -2.467770000000000033e-02 9.623070000000000235e-02 9.924889999999999546e-01 -7.553329999999999766e-02 1.093449999999999978e-01 -3.160430000000000184e-02 7.889390000000000291e-02 9.963819999999999899e-01 -6.356030000000000360e-03
9.948550000000000448e-01 -9.400740000000000485e-02 3.777069999999999733e-02 -2.848780000000000062e-02 9.667290000000000605e-02 9.923830000000000151e-01 -7.636010000000000020e-02 1.083689999999999931e-01 -3.030460000000000098e-02 7.961870000000000058e-02 9.963649999999999451e-01 -4.723419999999999876e-03
9.949480000000000546e-01 -9.416080000000000283e-02 3.480459999999999804e-02 -3.218649999999999983e-02 9.664509999999999768e-02 9.922279999999999989e-01 -7.837689999999999935e-02 1.067960000000000020e-01 -2.715400000000000105e-02 8.134470000000000589e-02 9.963159999999999794e-01 -4.115930000000000283e-03
9.950900000000000301e-01 -9.373439999999999550e-02 3.176269999999999788e-02 -3.727690000000000170e-02 9.598310000000000175e-02 9.922579999999999734e-01 -7.880739999999999967e-02 1.048879999999999951e-01 -2.412979999999999986e-02 8.146910000000000263e-02 9.963840000000000474e-01 -3.120410000000000111e-03
9.950470000000000148e-01 -9.522360000000000546e-02 2.851389999999999827e-02 -3.932999999999999691e-02 9.717320000000000124e-02 9.922569999999999446e-01 -7.735459999999999559e-02 1.039489999999999997e-01 -2.092710000000000056e-02 7.974230000000000207e-02 9.965960000000000374e-01 1.208550000000000076e-03
9.949510000000000298e-01 -9.636509999999999521e-02 2.802289999999999989e-02 -4.286569999999999964e-02 9.826859999999999762e-02 9.921630000000000171e-01 -7.717190000000000161e-02 1.005009999999999931e-01 -2.036659999999999859e-02 7.953609999999999847e-02 9.966239999999999544e-01 5.647740000000000052e-03
9.948460000000000081e-01 -9.736599999999999422e-02 2.829570000000000002e-02 -4.582340000000000024e-02 9.932249999999999412e-02 9.919280000000000319e-01 -7.883239999999999692e-02 9.738389999999999547e-02 -2.039169999999999872e-02 8.123650000000000315e-02 9.964859999999999829e-01 8.215649999999999689e-03
9.946120000000000516e-01 -9.972559999999999758e-02 2.830059999999999867e-02 -4.803600000000000231e-02 1.016900000000000026e-01 9.916300000000000114e-01 -7.955719999999999459e-02 9.337879999999999792e-02 -2.012979999999999978e-02 8.200649999999999606e-02 9.964279999999999804e-01 1.224929999999999942e-02
9.943589999999999929e-01 -1.023069999999999952e-01 2.797229999999999855e-02 -4.890680000000000027e-02 1.042669999999999986e-01 9.912389999999999812e-01 -8.107930000000000692e-02 8.911310000000000064e-02 -1.943220000000000017e-02 8.353860000000000452e-02 9.963149999999999507e-01 1.446770000000000000e-02
9.940339999999999732e-01 -1.053859999999999936e-01 2.812289999999999929e-02 -5.130710000000000132e-02 1.073500000000000010e-01 9.909040000000000070e-01 -8.114540000000000641e-02 8.507820000000000660e-02 -1.931549999999999934e-02 8.368029999999999913e-02 9.963049999999999962e-01 1.707519999999999871e-02
9.938120000000000287e-01 -1.077629999999999977e-01 2.691860000000000086e-02 -5.087699999999999861e-02 1.096290000000000042e-01 9.906110000000000193e-01 -8.168279999999999985e-02 8.234429999999999528e-02 -1.786340000000000150e-02 8.412840000000000595e-02 9.962950000000000417e-01 1.984199999999999853e-02
9.935540000000000482e-01 -1.098029999999999978e-01 2.818820000000000006e-02 -5.248379999999999712e-02 1.117169999999999969e-01 9.905990000000000073e-01 -7.894660000000000566e-02 7.778219999999999579e-02 -1.925460000000000019e-02 8.158680000000000099e-02 9.964800000000000324e-01 2.442070000000000005e-02
9.932180000000000453e-01 -1.125629999999999964e-01 2.910429999999999962e-02 -5.132849999999999913e-02 1.144840000000000024e-01 9.905129999999999768e-01 -7.601209999999999911e-02 6.884700000000000542e-02 -2.027210000000000123e-02 7.882849999999999580e-02 9.966819999999999569e-01 3.052830000000000127e-02
9.928709999999999480e-01 -1.139939999999999981e-01 3.482110000000000066e-02 -5.358990000000000281e-02 1.164729999999999932e-01 9.899440000000000461e-01 -8.027800000000000213e-02 6.484360000000000124e-02 -2.531970000000000054e-02 8.376139999999999974e-02 9.961640000000000494e-01 3.552469999999999933e-02
9.925500000000000433e-01 -1.151250000000000051e-01 3.989310000000000078e-02 -5.412530000000000119e-02 1.180490000000000012e-01 9.897010000000000529e-01 -8.097400000000000431e-02 6.041520000000000223e-02 -3.016009999999999872e-02 8.508010000000000572e-02 9.959179999999999700e-01 3.839950000000000307e-02
9.923560000000000159e-01 -1.150039999999999951e-01 4.476329999999999892e-02 -5.315570000000000017e-02 1.182860000000000023e-01 9.898090000000000499e-01 -7.929269999999999374e-02 5.537589999999999874e-02 -3.518799999999999706e-02 8.398150000000000059e-02 9.958460000000000090e-01 4.245480000000000087e-02
9.921499999999999764e-01 -1.146390000000000048e-01 4.995510000000000228e-02 -5.043559999999999710e-02 1.182870000000000033e-01 9.899499999999999966e-01 -7.750749999999999307e-02 4.848679999999999657e-02 -4.056760000000000227e-02 8.280819999999999848e-02 9.957390000000000407e-01 4.854209999999999775e-02
9.918599999999999639e-01 -1.135059999999999958e-01 5.770480000000000054e-02 -4.936700000000000116e-02 1.177979999999999999e-01 9.900179999999999536e-01 -7.738019999999999621e-02 4.425079999999999986e-02 -4.834569999999999840e-02 8.354780000000000539e-02 9.953300000000000480e-01 5.260870000000000130e-02
9.916310000000000402e-01 -1.109860000000000013e-01 6.595320000000000349e-02 -4.812659999999999855e-02 1.158269999999999994e-01 9.904519999999999991e-01 -7.476470000000000338e-02 4.030910000000000049e-02 -5.702560000000000268e-02 8.177810000000000634e-02 9.950179999999999580e-01 5.622989999999999933e-02
9.909799999999999720e-01 -1.109600000000000031e-01 7.513889999999999458e-02 -4.860110000000000124e-02 1.161770000000000025e-01 9.908270000000000133e-01 -6.902469999999999439e-02 3.562069999999999820e-02 -6.679069999999999452e-02 7.713150000000000561e-02 9.947810000000000263e-01 6.110220000000000234e-02
9.900090000000000279e-01 -1.131400000000000045e-01 8.414770000000000583e-02 -5.110850000000000115e-02 1.187980000000000008e-01 9.907510000000000483e-01 -6.556950000000000278e-02 2.987789999999999890e-02 -7.595090000000000174e-02 7.491100000000000536e-02 9.942940000000000111e-01 6.730849999999999334e-02
9.891889999999999850e-01 -1.174449999999999938e-01 8.781990000000000629e-02 -4.978699999999999792e-02 1.230990000000000001e-01 9.904560000000000031e-01 -6.198889999999999956e-02 2.274400000000000033e-02 -7.970149999999999457e-02 7.212929999999999342e-02 9.942060000000000342e-01 7.090180000000000093e-02
9.875080000000000524e-01 -1.249060000000000031e-01 9.605750000000000399e-02 -5.383929999999999966e-02 1.311239999999999906e-01 9.894640000000000102e-01 -6.137360000000000038e-02 1.828240000000000073e-02 -8.737949999999999884e-02 7.320229999999999793e-02 9.934819999999999762e-01 7.843509999999999371e-02
9.862269999999999648e-01 -1.307899999999999896e-01 1.012460000000000027e-01 -5.513370000000000076e-02 1.373310000000000086e-01 9.886730000000000240e-01 -6.054930000000000034e-02 1.271639999999999923e-02 -9.217980000000000618e-02 7.361950000000000438e-02 9.930170000000000385e-01 8.302510000000000445e-02
9.850520000000000387e-01 -1.356860000000000011e-01 1.061200000000000060e-01 -5.849820000000000020e-02 1.426340000000000108e-01 9.879029999999999756e-01 -6.085669999999999968e-02 5.092880000000000150e-03 -9.657899999999999818e-02 7.508339999999999459e-02 9.924889999999999546e-01 9.011180000000000578e-02
9.843840000000000368e-01 -1.373099999999999876e-01 1.101590000000000069e-01 -6.087599999999999956e-02 1.449719999999999898e-01 9.873100000000000209e-01 -6.482599999999999474e-02 -2.351250000000000041e-03 -9.985990000000000144e-02 7.978369999999999906e-02 9.917979999999999574e-01 9.589499999999999413e-02
9.839409999999999545e-01 -1.372690000000000021e-01 1.140919999999999990e-01 -6.160940000000000166e-02 1.458280000000000132e-01 9.868040000000000145e-01 -7.037509999999999599e-02 -7.673400000000000359e-03 -1.029260000000000036e-01 8.588279999999999526e-02 9.909740000000000215e-01 1.019359999999999988e-01
9.832300000000000484e-01 -1.384120000000000072e-01 1.187430000000000013e-01 -6.341059999999999752e-02 1.479300000000000059e-01 9.861159999999999926e-01 -7.544869999999999355e-02 -1.314440000000000053e-02 -1.066509999999999958e-01 9.174910000000000010e-02 9.900539999999999896e-01 1.058260000000000034e-01
9.822750000000000092e-01 -1.416429999999999911e-01 1.227729999999999932e-01 -6.503009999999999347e-02 1.519280000000000075e-01 9.852400000000000047e-01 -7.886289999999999967e-02 -1.762760000000000021e-02 -1.097909999999999997e-01 9.611770000000000036e-02 9.892959999999999532e-01 1.115960000000000008e-01
9.813229999999999453e-01 -1.449489999999999945e-01 1.264679999999999971e-01 -6.767860000000000542e-02 1.558980000000000088e-01 9.844119999999999537e-01 -8.141650000000000276e-02 -2.435719999999999899e-02 -1.126960000000000045e-01 9.961209999999999509e-02 9.886239999999999473e-01 1.172819999999999974e-01
9.807240000000000402e-01 -1.470930000000000015e-01 1.286279999999999923e-01 -7.032030000000000225e-02 1.586889999999999967e-01 9.836580000000000323e-01 -8.505909999999999860e-02 -2.938050000000000037e-02 -1.140140000000000042e-01 1.038310000000000066e-01 9.880379999999999718e-01 1.228000000000000064e-01
9.804760000000000142e-01 -1.487060000000000048e-01 1.286599999999999966e-01 -7.033090000000000175e-02 1.608150000000000135e-01 9.829229999999999912e-01 -8.944330000000000336e-02 -3.626630000000000131e-02 -1.131619999999999987e-01 1.083869999999999972e-01 9.876470000000000526e-01 1.275660000000000127e-01
9.802990000000000315e-01 -1.481260000000000077e-01 1.306589999999999974e-01 -7.167460000000000497e-02 1.611899999999999999e-01 9.822640000000000260e-01 -9.578380000000000227e-02 -3.637839999999999824e-02 -1.141530000000000045e-01 1.149580000000000046e-01 9.867899999999999450e-01 1.301370000000000027e-01
9.794340000000000268e-01 -1.516319999999999890e-01 1.331040000000000001e-01 -7.474609999999999588e-02 1.647540000000000115e-01 9.818649999999999878e-01 -9.379079999999999362e-02 -3.997780000000000084e-02 -1.164680000000000021e-01 1.137910000000000033e-01 9.866540000000000310e-01 1.348219999999999974e-01
9.784629999999999717e-01 -1.563519999999999910e-01 1.347720000000000029e-01 -7.744220000000000270e-02 1.695790000000000075e-01 9.811250000000000249e-01 -9.293600000000000472e-02 -4.405629999999999963e-02 -1.176979999999999971e-01 1.137890000000000013e-01 9.865089999999999693e-01 1.372589999999999921e-01
9.778639999999999555e-01 -1.599710000000000021e-01 1.348749999999999949e-01 -7.921010000000000550e-02 1.731570000000000054e-01 9.805490000000000039e-01 -9.241349999999999565e-02 -4.726980000000000071e-02 -1.174680000000000030e-01 1.137220000000000036e-01 9.865439999999999765e-01 1.400770000000000071e-01
9.774190000000000378e-01 -1.625419999999999920e-01 1.350230000000000041e-01 -8.110970000000000679e-02 1.755869999999999931e-01 9.802459999999999507e-01 -9.102849999999999830e-02 -5.150260000000000254e-02 -1.175599999999999978e-01 1.126810000000000034e-01 9.866519999999999735e-01 1.433860000000000134e-01
9.769349999999999978e-01 -1.648709999999999898e-01 1.357029999999999903e-01 -8.285209999999999797e-02 1.779350000000000098e-01 9.798740000000000228e-01 -9.047489999999999699e-02 -5.758920000000000011e-02 -1.180549999999999933e-01 1.125339999999999951e-01 9.866099999999999870e-01 1.471510000000000040e-01
9.764939999999999731e-01 -1.670079999999999898e-01 1.362649999999999972e-01 -8.519909999999999983e-02 1.804840000000000055e-01 9.791410000000000391e-01 -9.332210000000000505e-02 -6.253849999999999687e-02 -1.178369999999999973e-01 1.157220000000000054e-01 9.862670000000000048e-01 1.495380000000000043e-01
9.762579999999999592e-01 -1.682140000000000024e-01 1.364690000000000070e-01 -8.835590000000000110e-02 1.821359999999999923e-01 9.784929999999999461e-01 -9.684320000000000428e-02 -6.497500000000000497e-02 -1.172440000000000010e-01 1.194000000000000061e-01 9.858989999999999698e-01 1.513529999999999875e-01
9.761279999999999957e-01 -1.699509999999999910e-01 1.352420000000000011e-01 -8.897059999999999691e-02 1.839429999999999954e-01 9.779710000000000347e-01 -9.867620000000000557e-02 -6.891400000000000303e-02 -1.154929999999999984e-01 1.211969999999999992e-01 9.858869999999999578e-01 1.528819999999999901e-01
9.759849999999999914e-01 -1.695190000000000030e-01 1.368089999999999862e-01 -9.190929999999999933e-02 1.841180000000000039e-01 9.775789999999999758e-01 -1.021709999999999979e-01 -7.087960000000000094e-02 -1.164219999999999977e-01 1.249070000000000041e-01 9.853140000000000231e-01 1.553599999999999981e-01
9.760050000000000114e-01 -1.674920000000000020e-01 1.391400000000000137e-01 -9.360419999999999852e-02 1.825930000000000053e-01 9.776829999999999687e-01 -1.039049999999999974e-01 -7.017729999999999801e-02 -1.186310000000000003e-01 1.268179999999999863e-01 9.848069999999999879e-01 1.557060000000000111e-01
9.756550000000000500e-01 -1.666940000000000088e-01 1.425160000000000038e-01 -9.647540000000000282e-02 1.821129999999999971e-01 9.778719999999999635e-01 -1.029650000000000010e-01 -7.447410000000000141e-02 -1.221980000000000011e-01 1.264129999999999976e-01 9.844220000000000192e-01 1.582199999999999995e-01
9.757219999999999782e-01 -1.629520000000000135e-01 1.463299999999999879e-01 -1.002490000000000048e-01 1.791000000000000092e-01 9.782239999999999824e-01 -1.048869999999999941e-01 -7.404080000000000383e-02 -1.260519999999999974e-01 1.285479999999999956e-01 9.836599999999999788e-01 1.578829999999999956e-01
9.755789999999999740e-01 -1.605360000000000120e-01 1.499149999999999927e-01 -1.031569999999999987e-01 1.770339999999999969e-01 9.786920000000000064e-01 -1.040269999999999945e-01 -7.589360000000000550e-02 -1.300199999999999967e-01 1.280270000000000019e-01 9.832109999999999461e-01 1.593819999999999959e-01
9.752229999999999510e-01 -1.582770000000000010e-01 1.545559999999999989e-01 -1.077069999999999972e-01 1.754360000000000086e-01 9.789320000000000244e-01 -1.044729999999999964e-01 -7.916549999999999976e-02 -1.347639999999999949e-01 1.290000000000000036e-01 9.824450000000000127e-01 1.608249999999999957e-01
9.752969999999999695e-01 -1.545519999999999949e-01 1.578259999999999941e-01 -1.103119999999999934e-01 1.724279999999999979e-01 9.792359999999999953e-01 -1.066089999999999954e-01 -7.978559999999999819e-02 -1.380730000000000013e-01 1.311890000000000001e-01 9.816949999999999843e-01 1.604470000000000063e-01
9.748710000000000431e-01 -1.516069999999999918e-01 1.632220000000000060e-01 -1.140680000000000027e-01 1.702150000000000052e-01 9.796099999999999808e-01 -1.067339999999999955e-01 -8.016170000000000240e-02 -1.437120000000000064e-01 1.318340000000000067e-01 9.807989999999999764e-01 1.610429999999999917e-01
9.738719999999999599e-01 -1.511540000000000106e-01 1.694879999999999998e-01 -1.181910000000000044e-01 1.705069999999999919e-01 9.796319999999999473e-01 -1.060640000000000055e-01 -8.274650000000000061e-02 -1.500039999999999984e-01 1.321910000000000029e-01 9.798080000000000123e-01 1.629539999999999877e-01
9.725300000000000056e-01 -1.509679999999999911e-01 1.771820000000000062e-01 -1.224610000000000004e-01 1.716799999999999993e-01 9.792159999999999753e-01 -1.079880000000000007e-01 -8.235249999999999515e-02 -1.571960000000000024e-01 1.354400000000000048e-01 9.782359999999999944e-01 1.633360000000000090e-01
9.705190000000000206e-01 -1.541359999999999952e-01 1.852989999999999915e-01 -1.251339999999999952e-01 1.757140000000000091e-01 9.786949999999999816e-01 -1.062130000000000019e-01 -8.213529999999999442e-02 -1.649799999999999878e-01 1.356410000000000116e-01 9.769250000000000433e-01 1.647440000000000015e-01
9.676989999999999759e-01 -1.586210000000000120e-01 1.959539999999999893e-01 -1.293420000000000125e-01 1.814320000000000099e-01 9.778419999999999890e-01 -1.044360000000000011e-01 -8.507059999999999622e-02 -1.750460000000000071e-01 1.366149999999999864e-01 9.750360000000000138e-01 1.658229999999999982e-01
9.650079999999999769e-01 -1.603680000000000105e-01 2.074650000000000105e-01 -1.366090000000000082e-01 1.850990000000000135e-01 9.770130000000000203e-01 -1.057529999999999998e-01 -8.192159999999999720e-02 -1.857360000000000122e-01 1.404539999999999955e-01 9.725099999999999856e-01 1.658479999999999954e-01
