1.000000000000000000e+00 1.381040000000000072e-22 -7.470229999999999595e-23 -3.700619999999999716e-23 -1.381040000000000072e-22 1.000000000000000000e+00 8.825179999999999680e-23 6.318599999999999485e-23 7.470229999999999595e-23 -8.825179999999999680e-23 1.000000000000000000e+00 -8.652440000000000591e-24
9.999989999999999712e-01 -1.203089999999999975e-03 9.663029999999999536e-04 -3.152530000000000176e-03 1.202509999999999950e-03 9.999989999999999712e-01 5.952820000000000377e-04 -1.247899999999999921e-03 -9.670180000000000442e-04 -5.941190000000000490e-04 9.999989999999999712e-01 -5.129729999999999880e-03
9.999970000000000248e-01 -1.289030000000000037e-03 1.896590000000000081e-03 -4.990739999999999586e-03 1.288840000000000081e-03 9.999989999999999712e-01 9.897980000000000396e-05 -1.923250000000000046e-03 -1.896719999999999960e-03 -9.653519999999999690e-05 9.999980000000000535e-01 -6.491600000000000148e-03
9.999940000000000495e-01 -5.333599999999999756e-04 3.300969999999999859e-03 -6.229420000000000270e-03 5.303149999999999531e-04 9.999989999999999712e-01 9.234490000000000146e-04 -3.640609999999999853e-03 -3.301459999999999985e-03 -9.216930000000000131e-04 9.999940000000000495e-01 -1.074869999999999992e-02
9.999959999999999960e-01 2.741919999999999796e-04 2.649719999999999940e-03 -6.131819999999999632e-03 -2.790199999999999950e-04 9.999980000000000535e-01 1.822080000000000010e-03 -3.844919999999999935e-03 -2.649209999999999933e-03 -1.822810000000000012e-03 9.999949999999999672e-01 -1.060260000000000022e-02
9.999940000000000495e-01 1.897280000000000104e-03 2.813180000000000194e-03 -6.955519999999999758e-03 -1.905049999999999929e-03 9.999940000000000495e-01 2.760970000000000178e-03 -5.460259999999999767e-03 -2.807930000000000148e-03 -2.766310000000000123e-03 9.999919999999999920e-01 -1.272120000000000022e-02
9.999890000000000168e-01 2.276579999999999836e-03 4.003610000000000328e-03 -7.291190000000000344e-03 -2.285450000000000068e-03 9.999949999999999672e-01 2.212239999999999866e-03 -5.880550000000000013e-03 -3.998559999999999962e-03 -2.221369999999999855e-03 9.999900000000000455e-01 -1.414550000000000009e-02
9.999839999999999840e-01 2.622119999999999920e-03 5.074890000000000304e-03 -7.704510000000000351e-03 -2.640739999999999928e-03 9.999900000000000455e-01 3.665320000000000123e-03 -4.435269999999999838e-03 -5.065230000000000427e-03 -3.678659999999999829e-03 9.999799999999999800e-01 -1.460730000000000015e-02
9.999649999999999928e-01 2.801430000000000153e-03 7.866760000000000419e-03 -8.580559999999999229e-03 -2.837000000000000112e-03 9.999860000000000415e-01 4.514879999999999761e-03 -4.139740000000000260e-03 -7.853999999999999870e-03 -4.537049999999999937e-03 9.999590000000000423e-01 -1.442099999999999979e-02
9.999559999999999560e-01 2.783509999999999891e-03 8.950359999999999219e-03 -8.902320000000000025e-03 -2.832480000000000067e-03 9.999810000000000088e-01 5.464209999999999727e-03 -4.361399999999999652e-03 -8.934980000000000352e-03 -5.489319999999999790e-03 9.999449999999999728e-01 -1.367810000000000033e-02
9.999559999999999560e-01 2.083719999999999843e-03 9.130819999999999562e-03 -9.145729999999999485e-03 -2.157899999999999922e-03 9.999649999999999928e-01 8.121240000000000056e-03 -7.994589999999999336e-03 -9.113569999999999657e-03 -8.140589999999999632e-03 9.999249999999999527e-01 -1.597540000000000071e-02
9.999430000000000263e-01 1.515759999999999894e-03 1.053130000000000038e-02 -1.205220000000000076e-02 -1.611330000000000011e-03 9.999580000000000135e-01 9.072560000000000346e-03 -9.659519999999999565e-03 -1.051709999999999971e-02 -9.089009999999999798e-03 9.999029999999999863e-01 -2.179779999999999912e-02
9.999329999999999607e-01 8.940639999999999699e-04 1.155360000000000067e-02 -1.490320000000000013e-02 -9.944030000000000404e-04 9.999620000000000175e-01 8.681869999999999518e-03 -9.808189999999999617e-03 -1.154540000000000080e-02 -8.692780000000000645e-03 9.998960000000000070e-01 -2.291850000000000137e-02
9.999419999999999975e-01 2.238260000000000163e-03 1.055380000000000033e-02 -1.614940000000000125e-02 -2.329509999999999914e-03 9.999599999999999600e-01 8.641980000000000495e-03 -1.254620000000000041e-02 -1.053399999999999996e-02 -8.666059999999999736e-03 9.999069999999999903e-01 -2.632220000000000046e-02
9.999350000000000183e-01 5.303320000000000256e-03 1.012109999999999919e-02 -1.796149999999999830e-02 -5.371159999999999823e-03 9.999630000000000463e-01 6.687679999999999667e-03 -1.293650000000000008e-02 -1.008530000000000017e-02 -6.741610000000000311e-03 9.999259999999999815e-01 -2.675869999999999985e-02
9.999379999999999935e-01 6.146569999999999638e-03 9.329159999999999536e-03 -1.781189999999999857e-02 -6.199419999999999757e-03 9.999649999999999928e-01 5.647039999999999872e-03 -1.287959999999999973e-02 -9.294119999999999465e-03 -5.704530000000000191e-03 9.999409999999999688e-01 -2.673700000000000035e-02
9.999259999999999815e-01 7.864640000000000866e-03 9.259750000000000619e-03 -1.957750000000000115e-02 -7.911849999999999786e-03 9.999559999999999560e-01 5.072189999999999858e-03 -1.557419999999999985e-02 -9.219450000000000561e-03 -5.145069999999999852e-03 9.999440000000000550e-01 -2.811529999999999932e-02
9.999230000000000063e-01 1.004419999999999966e-02 7.340860000000000267e-03 -1.973480000000000026e-02 -1.007420000000000017e-02 9.999409999999999688e-01 4.059909999999999908e-03 -1.540090000000000035e-02 -7.299650000000000409e-03 -4.133539999999999784e-03 9.999649999999999928e-01 -3.105940000000000090e-02
9.998949999999999783e-01 1.287780000000000001e-02 6.598220000000000127e-03 -1.899750000000000050e-02 -1.291209999999999927e-02 9.999029999999999863e-01 5.182149999999999951e-03 -1.433210000000000039e-02 -6.530850000000000370e-03 -5.266810000000000241e-03 9.999649999999999928e-01 -2.998659999999999867e-02
9.998700000000000365e-01 1.313510000000000025e-02 9.396140000000000742e-03 -1.717880000000000101e-02 -1.320310000000000060e-02 9.998869999999999703e-01 7.206109999999999946e-03 -1.530210000000000077e-02 -9.300420000000000215e-03 -7.329229999999999946e-03 9.999299999999999855e-01 -2.946810000000000054e-02
9.998350000000000293e-01 1.205509999999999915e-02 1.360180000000000070e-02 -1.654840000000000130e-02 -1.214810000000000022e-02 9.999029999999999863e-01 6.771570000000000193e-03 -1.629939999999999861e-02 -1.351890000000000036e-02 -6.935679999999999623e-03 9.998850000000000238e-01 -2.643629999999999938e-02
9.997709999999999653e-01 9.937049999999999356e-03 1.897750000000000131e-02 -1.793530000000000124e-02 -1.006459999999999994e-02 9.999270000000000103e-01 6.634909999999999940e-03 -1.852969999999999964e-02 -1.891019999999999854e-02 -6.824389999999999623e-03 9.997979999999999645e-01 -3.350299999999999806e-02
9.997270000000000323e-01 6.124740000000000045e-03 2.255269999999999844e-02 -1.894119999999999832e-02 -6.308150000000000215e-03 9.999479999999999480e-01 8.070159999999999834e-03 -2.070850000000000121e-02 -2.250210000000000057e-02 -8.210220000000000712e-03 9.997129999999999628e-01 -3.713199999999999834e-02
9.997009999999999508e-01 4.154549999999999910e-03 2.408360000000000015e-02 -2.043690000000000090e-02 -4.346159999999999954e-03 9.999590000000000423e-01 7.909380000000000577e-03 -2.308630000000000057e-02 -2.404979999999999965e-02 -8.011690000000000131e-03 9.996789999999999843e-01 -3.976879999999999998e-02
9.996840000000000170e-01 6.238129999999999717e-03 2.433269999999999877e-02 -2.035189999999999916e-02 -6.404609999999999817e-03 9.999569999999999848e-01 6.769919999999999584e-03 -2.413389999999999980e-02 -2.428939999999999919e-02 -6.923630000000000062e-03 9.996810000000000418e-01 -4.249209999999999793e-02
9.996460000000000345e-01 9.295789999999999956e-03 2.491250000000000062e-02 -1.994840000000000155e-02 -9.457220000000000557e-03 9.999350000000000183e-01 6.369790000000000174e-03 -2.313930000000000153e-02 -2.485170000000000087e-02 -6.603150000000000339e-03 9.996690000000000298e-01 -4.471870000000000012e-02
9.995429999999999593e-01 1.363029999999999971e-02 2.696600000000000039e-02 -2.037579999999999947e-02 -1.387419999999999973e-02 9.998639999999999750e-01 8.879540000000000002e-03 -2.353169999999999915e-02 -2.684129999999999849e-02 -9.249620000000000064e-03 9.995969999999999578e-01 -4.470579999999999693e-02
9.994499999999999496e-01 1.392580000000000033e-02 3.009819999999999857e-02 -1.900800000000000059e-02 -1.423420000000000067e-02 9.998479999999999590e-01 1.005750000000000047e-02 -2.447219999999999951e-02 -2.995360000000000036e-02 -1.048040000000000083e-02 9.994960000000000511e-01 -4.440179999999999821e-02
9.993699999999999806e-01 9.514349999999999544e-03 3.418039999999999967e-02 -1.866500000000000103e-02 -9.907350000000000531e-03 9.998869999999999703e-01 1.134690000000000004e-02 -2.514550000000000118e-02 -3.406859999999999750e-02 -1.167840000000000024e-02 9.993509999999999893e-01 -4.503379999999999883e-02
9.992389999999999883e-01 8.753290000000000376e-03 3.799919999999999687e-02 -1.927409999999999887e-02 -9.292820000000000247e-03 9.998580000000000245e-01 1.404509999999999960e-02 -2.520529999999999993e-02 -3.787080000000000307e-02 -1.438760000000000039e-02 9.991790000000000393e-01 -4.635129999999999806e-02
9.990940000000000376e-01 9.921750000000000014e-03 4.139480000000000243e-02 -2.011459999999999984e-02 -1.061729999999999965e-02 9.998059999999999725e-01 1.661730000000000151e-02 -2.691690000000000055e-02 -4.122189999999999882e-02 -1.704179999999999931e-02 9.990050000000000319e-01 -4.578490000000000337e-02
9.989160000000000261e-01 1.031119999999999953e-02 4.539019999999999860e-02 -2.325750000000000040e-02 -1.108040000000000067e-02 9.997989999999999933e-01 1.672770000000000160e-02 -2.995690000000000158e-02 -4.520860000000000156e-02 -1.721249999999999863e-02 9.988289999999999669e-01 -5.046049999999999841e-02
9.987620000000000386e-01 9.572429999999999828e-03 4.880999999999999922e-02 -2.582440000000000083e-02 -1.042739999999999986e-02 9.997960000000000180e-01 1.729239999999999944e-02 -3.084160000000000026e-02 -4.863449999999999718e-02 -1.778000000000000067e-02 9.986580000000000457e-01 -5.604409999999999947e-02
9.986429999999999474e-01 8.540650000000000325e-03 5.137529999999999875e-02 -2.937880000000000005e-02 -9.625240000000000185e-03 9.997350000000000403e-01 2.090080000000000063e-02 -3.289979999999999988e-02 -5.118310000000000221e-02 -2.136690000000000117e-02 9.984610000000000429e-01 -5.765019999999999867e-02
9.986209999999999809e-01 8.297560000000000699e-03 5.184020000000000294e-02 -3.093970000000000053e-02 -9.457909999999999928e-03 9.997089999999999588e-01 2.217809999999999920e-02 -3.325510000000000271e-02 -5.164110000000000228e-02 -2.263779999999999959e-02 9.984089999999999909e-01 -5.867800000000000099e-02
9.985300000000000287e-01 8.917440000000000436e-03 5.346469999999999695e-02 -3.335239999999999733e-02 -1.024109999999999951e-02 9.996469999999999523e-01 2.453469999999999956e-02 -3.654829999999999884e-02 -5.322699999999999654e-02 -2.504620000000000110e-02 9.982680000000000442e-01 -6.109289999999999859e-02
9.984169999999999989e-01 8.505469999999999350e-03 5.560240000000000321e-02 -3.647600000000000148e-02 -9.945729999999999849e-03 9.996209999999999818e-01 2.567759999999999834e-02 -3.684130000000000044e-02 -5.536289999999999961e-02 -2.619000000000000147e-02 9.981229999999999825e-01 -6.095570000000000155e-02
9.982539999999999747e-01 6.552380000000000010e-03 5.870650000000000174e-02 -3.912270000000000331e-02 -8.242400000000000421e-03 9.995570000000000288e-01 2.859189999999999995e-02 -3.864150000000000224e-02 -5.849309999999999926e-02 -2.902580000000000091e-02 9.978660000000000307e-01 -5.934609999999999885e-02
9.980900000000000327e-01 4.052769999999999810e-03 6.164290000000000047e-02 -3.995209999999999734e-02 -5.807559999999999806e-03 9.995819999999999705e-01 2.831459999999999880e-02 -4.150029999999999691e-02 -6.150239999999999874e-02 -2.861850000000000158e-02 9.976969999999999450e-01 -5.661929999999999741e-02
9.978289999999999660e-01 2.840650000000000119e-03 6.579440000000000288e-02 -4.352869999999999656e-02 -4.628250000000000419e-03 9.996239999999999570e-01 2.703300000000000147e-02 -4.462669999999999831e-02 -6.569289999999999852e-02 -2.727879999999999888e-02 9.974669999999999925e-01 -5.586769999999999931e-02
9.974939999999999918e-01 1.893839999999999933e-03 7.072230000000000183e-02 -4.811950000000000255e-02 -3.775829999999999985e-03 9.996420000000000305e-01 2.648680000000000131e-02 -4.691870000000000068e-02 -7.064679999999999571e-02 -2.668740000000000001e-02 9.971440000000000303e-01 -5.575650000000000051e-02
9.971569999999999601e-01 -1.099109999999999931e-03 7.534059999999999369e-02 -5.456860000000000183e-02 -9.309470000000000028e-04 9.996380000000000265e-01 2.690470000000000014e-02 -5.167839999999999934e-02 -7.534290000000000431e-02 -2.689829999999999999e-02 9.967949999999999866e-01 -6.039110000000000311e-02
9.967989999999999906e-01 -3.475180000000000023e-03 7.986930000000000418e-02 -6.032379999999999687e-02 1.306960000000000023e-03 9.996300000000000185e-01 2.718339999999999992e-02 -5.479479999999999768e-02 -7.993419999999999692e-02 -2.699199999999999863e-02 9.964349999999999596e-01 -6.297260000000000357e-02
9.964030000000000387e-01 -5.837359999999999771e-03 8.453729999999999578e-02 -6.514300000000000646e-02 3.352930000000000060e-03 9.995589999999999753e-01 2.950080000000000063e-02 -5.779820000000000096e-02 -8.467230000000000589e-02 -2.911120000000000027e-02 9.959839999999999804e-01 -6.431739999999999680e-02
9.959789999999999477e-01 -8.206889999999999671e-03 8.920930000000000526e-02 -6.929180000000000061e-02 5.282979999999999621e-03 9.994429999999999703e-01 3.296269999999999756e-02 -6.028050000000000075e-02 -8.943009999999999848e-02 -3.235890000000000294e-02 9.954669999999999908e-01 -6.423700000000000243e-02
9.954110000000000458e-01 -1.317959999999999965e-02 9.478069999999999551e-02 -7.386159999999999948e-02 9.780910000000000298e-03 9.992950000000000443e-01 3.623450000000000282e-02 -6.544700000000000517e-02 -9.519149999999999834e-02 -3.514119999999999744e-02 9.948390000000000288e-01 -6.217609999999999804e-02
9.947599999999999776e-01 -1.855439999999999867e-02 1.005410000000000054e-01 -7.798839999999999939e-02 1.488459999999999957e-02 9.991999999999999771e-01 3.712889999999999940e-02 -6.959300000000000208e-02 -1.011490000000000028e-01 -3.543779999999999847e-02 9.942400000000000126e-01 -6.081210000000000088e-02
9.940470000000000139e-01 -2.357549999999999923e-02 1.063719999999999943e-01 -8.250230000000000063e-02 1.963600000000000068e-02 9.990869999999999473e-01 3.793160000000000281e-02 -7.537629999999999331e-02 -1.071690000000000004e-01 -3.561709999999999876e-02 9.936030000000000140e-01 -5.871730000000000005e-02
9.931600000000000428e-01 -2.859839999999999952e-02 1.132029999999999981e-01 -8.977269999999999694e-02 2.473660000000000095e-02 9.990679999999999561e-01 3.537320000000000048e-02 -8.082720000000000182e-02 -1.141090000000000021e-01 -3.233099999999999863e-02 9.929419999999999913e-01 -5.654979999999999729e-02
9.924659999999999593e-01 -3.155650000000000122e-02 1.183889999999999942e-01 -9.764140000000000319e-02 2.797289999999999846e-02 9.991020000000000456e-01 3.181049999999999850e-02 -8.344020000000000603e-02 -1.192870000000000041e-01 -2.825909999999999880e-02 9.924579999999999513e-01 -5.813820000000000099e-02
9.919529999999999736e-01 -3.446300000000000058e-02 1.218250000000000027e-01 -1.047160000000000035e-01 3.060190000000000132e-02 9.989729999999999999e-01 3.342509999999999926e-02 -8.576019999999999477e-02 -1.228520000000000029e-01 -2.942809999999999870e-02 9.919890000000000096e-01 -5.954170000000000296e-02
9.912659999999999805e-01 -3.834189999999999821e-02 1.261839999999999906e-01 -1.144830000000000014e-01 3.394550000000000345e-02 9.987460000000000226e-01 3.681009999999999838e-02 -8.995150000000000368e-02 -1.274369999999999947e-01 -3.220520000000000327e-02 9.913239999999999830e-01 -6.438449999999999729e-02
9.903669999999999973e-01 -4.149909999999999710e-02 1.321060000000000012e-01 -1.216829999999999995e-01 3.649170000000000191e-02 9.985289999999999999e-01 4.010289999999999688e-02 -9.222679999999999767e-02 -1.335760000000000003e-01 -3.489579999999999765e-02 9.904239999999999711e-01 -6.638330000000000619e-02
9.892729999999999579e-01 -4.544399999999999828e-02 1.388310000000000100e-01 -1.262699999999999934e-01 3.938790000000000346e-02 9.981619999999999937e-01 4.606350000000000028e-02 -9.603499999999999537e-02 -1.406689999999999885e-01 -4.010110000000000063e-02 9.892440000000000122e-01 -6.642190000000000594e-02
9.876270000000000326e-01 -5.088100000000000261e-02 1.483349999999999946e-01 -1.341499999999999915e-01 4.348219999999999863e-02 9.976629999999999665e-01 5.270419999999999966e-02 -9.893780000000000630e-02 -1.506699999999999984e-01 -4.560209999999999958e-02 9.875319999999999654e-01 -6.669759999999999578e-02
9.860959999999999726e-01 -5.811270000000000324e-02 1.556869999999999921e-01 -1.417480000000000129e-01 4.945410000000000084e-02 9.970369999999999511e-01 5.892580000000000040e-02 -1.039209999999999995e-01 -1.586500000000000132e-01 -5.040710000000000329e-02 9.860470000000000068e-01 -6.391429999999999334e-02
9.845509999999999540e-01 -6.532350000000000656e-02 1.624559999999999893e-01 -1.497799999999999965e-01 5.612149999999999778e-02 9.965829999999999966e-01 6.060580000000000134e-02 -1.089439999999999992e-01 -1.658600000000000074e-01 -5.055219999999999853e-02 9.848529999999999784e-01 -6.361150000000000138e-02
9.829409999999999537e-01 -7.340839999999999865e-02 1.686390000000000111e-01 -1.566289999999999905e-01 6.385820000000000385e-02 9.960700000000000109e-01 6.137999999999999706e-02 -1.125459999999999933e-01 -1.724819999999999964e-01 -4.956390000000000101e-02 9.837650000000000006e-01 -6.535180000000000156e-02
9.807789999999999564e-01 -8.213679999999999592e-02 1.769910000000000094e-01 -1.643660000000000121e-01 7.166659999999999697e-02 9.953229999999999578e-01 6.476959999999999662e-02 -1.154769999999999963e-01 -1.814840000000000064e-01 -5.084029999999999799e-02 9.820790000000000353e-01 -6.419809999999999406e-02
9.784969999999999501e-01 -9.121160000000000379e-02 1.849959999999999938e-01 -1.707200000000000106e-01 8.016020000000000090e-02 9.945690000000000364e-01 6.637790000000000357e-02 -1.209370000000000028e-01 -1.900459999999999927e-01 -5.012130000000000057e-02 9.804950000000000054e-01 -6.304039999999999644e-02
9.765009999999999524e-01 -9.698229999999999351e-02 1.924579999999999902e-01 -1.782559999999999978e-01 8.602049999999999974e-02 9.942010000000000014e-01 6.453770000000000340e-02 -1.244249999999999939e-01 -1.976009999999999989e-01 -4.646580000000000155e-02 9.791809999999999681e-01 -6.272819999999999785e-02
9.745650000000000146e-01 -1.011829999999999952e-01 1.999609999999999999e-01 -1.879069999999999907e-01 9.040380000000000638e-02 9.939519999999999467e-01 6.234599999999999864e-02 -1.268600000000000005e-01 -2.050599999999999923e-01 -4.268299999999999872e-02 9.778179999999999650e-01 -6.857199999999999407e-02
9.723810000000000509e-01 -1.056990000000000013e-01 2.080930000000000002e-01 -1.962450000000000028e-01 9.448610000000000342e-02 9.935220000000000162e-01 6.313320000000000043e-02 -1.291650000000000020e-01 -2.134179999999999966e-01 -4.172759999999999664e-02 9.760689999999999644e-01 -7.159719999999999973e-02
9.697510000000000296e-01 -1.111179999999999946e-01 2.173400000000000054e-01 -2.038570000000000104e-01 9.940450000000000674e-02 9.929780000000000273e-01 6.414079999999999782e-02 -1.330419999999999936e-01 -2.229410000000000003e-01 -4.059600000000000014e-02 9.739860000000000184e-01 -7.017550000000000177e-02
9.673009999999999664e-01 -1.151569999999999955e-01 2.259819999999999884e-01 -2.115920000000000023e-01 1.037740000000000051e-01 9.926880000000000148e-01 6.165999999999999953e-02 -1.362039999999999917e-01 -2.314299999999999968e-01 -3.619270000000000126e-02 9.721779999999999866e-01 -7.103389999999999704e-02
9.653699999999999504e-01 -1.184250000000000025e-01 2.324569999999999970e-01 -2.177040000000000086e-01 1.072970000000000035e-01 9.924150000000000471e-01 5.999059999999999809e-02 -1.383199999999999985e-01 -2.377990000000000104e-01 -3.297110000000000318e-02 9.707550000000000345e-01 -7.319599999999999718e-02
9.636019999999999586e-01 -1.223390000000000033e-01 2.377049999999999996e-01 -2.245769999999999988e-01 1.110759999999999942e-01 9.919829999999999481e-01 6.026440000000000269e-02 -1.405270000000000130e-01 -2.431719999999999993e-01 -3.166770000000000002e-02 9.694660000000000499e-01 -7.449000000000000066e-02
9.619210000000000260e-01 -1.264979999999999993e-01 2.422950000000000104e-01 -2.320540000000000103e-01 1.151910000000000017e-01 9.915089999999999737e-01 6.033909999999999968e-02 -1.444940000000000113e-01 -2.478710000000000080e-01 -3.013129999999999975e-02 9.683239999999999625e-01 -7.413369999999999682e-02
9.606590000000000407e-01 -1.300699999999999912e-01 2.453899999999999970e-01 -2.392130000000000090e-01 1.196300000000000002e-01 9.911780000000000035e-01 5.704569999999999780e-02 -1.461669999999999914e-01 -2.506459999999999799e-01 -2.544530000000000056e-02 9.677440000000000486e-01 -7.528079999999999494e-02
9.596320000000000405e-01 -1.337289999999999868e-01 2.474339999999999873e-01 -2.466250000000000109e-01 1.234409999999999952e-01 9.907299999999999995e-01 5.670660000000000284e-02 -1.486909999999999898e-01 -2.527240000000000042e-01 -2.387389999999999998e-02 9.672439999999999927e-01 -7.625880000000000158e-02
9.590830000000000188e-01 -1.364190000000000125e-01 2.480920000000000070e-01 -2.536939999999999751e-01 1.263819999999999943e-01 9.903980000000000006e-01 5.602370000000000266e-02 -1.514409999999999923e-01 -2.533529999999999949e-01 -2.237710000000000046e-02 9.671149999999999469e-01 -7.651919999999999555e-02
9.588330000000000464e-01 -1.368850000000000067e-01 2.487999999999999934e-01 -2.622519999999999851e-01 1.269969999999999988e-01 9.903520000000000101e-01 5.544720000000000204e-02 -1.531150000000000011e-01 -2.539899999999999936e-01 -2.156759999999999927e-02 9.669659999999999922e-01 -8.142610000000000126e-02
9.586259999999999781e-01 -1.367839999999999889e-01 2.496510000000000118e-01 -2.702100000000000057e-01 1.269419999999999993e-01 9.903739999999999766e-01 5.519000000000000294e-02 -1.545989999999999864e-01 -2.547969999999999957e-01 -2.121560000000000112e-02 9.667620000000000102e-01 -8.476709999999999801e-02
9.585590000000000499e-01 -1.372109999999999996e-01 2.496770000000000100e-01 -2.769440000000000235e-01 1.272280000000000078e-01 9.903039999999999621e-01 5.577479999999999938e-02 -1.548370000000000024e-01 -2.549089999999999967e-01 -2.169770000000000032e-02 9.667219999999999702e-01 -8.543779999999999430e-02
9.589839999999999476e-01 -1.372130000000000016e-01 2.480370000000000075e-01 -2.832290000000000085e-01 1.271909999999999985e-01 9.902919999999999501e-01 5.606830000000000147e-02 -1.581579999999999930e-01 -2.533219999999999916e-01 -2.222060000000000007e-02 9.671269999999999589e-01 -8.552930000000000255e-02
9.595620000000000260e-01 -1.373040000000000094e-01 2.457419999999999882e-01 -2.886710000000000109e-01 1.278950000000000087e-01 9.903210000000000068e-01 5.392729999999999746e-02 -1.603960000000000108e-01 -2.507679999999999909e-01 -2.031739999999999935e-02 9.678339999999999721e-01 -8.483449999999999325e-02
9.603709999999999747e-01 -1.373520000000000019e-01 2.425299999999999956e-01 -2.928330000000000100e-01 1.287190000000000001e-01 9.903600000000000181e-01 5.116969999999999852e-02 -1.613950000000000107e-01 -2.472209999999999963e-01 -1.792360000000000134e-02 9.687930000000000152e-01 -8.560750000000000304e-02
9.610450000000000381e-01 -1.355709999999999971e-01 2.408599999999999908e-01 -2.973459999999999992e-01 1.272770000000000012e-01 9.906190000000000273e-01 4.973840000000000205e-02 -1.627389999999999948e-01 -2.453430000000000055e-01 -1.714490000000000111e-02 9.692849999999999522e-01 -8.543599999999999806e-02
9.613570000000000171e-01 -1.353000000000000036e-01 2.397630000000000039e-01 -3.009850000000000025e-01 1.271839999999999915e-01 9.906639999999999890e-01 4.907779999999999782e-02 -1.634750000000000092e-01 -2.441649999999999932e-01 -1.668719999999999926e-02 9.695899999999999519e-01 -8.472970000000000501e-02
9.620900000000000007e-01 -1.353930000000000133e-01 2.367519999999999902e-01 -3.039319999999999800e-01 1.278299999999999992e-01 9.906779999999999475e-01 4.708079999999999904e-02 -1.656819999999999959e-01 -2.409189999999999943e-01 -1.503200000000000022e-02 9.704289999999999861e-01 -8.316199999999999981e-02
9.630210000000000159e-01 -1.349299999999999944e-01 2.332049999999999956e-01 -3.075419999999999821e-01 1.276750000000000107e-01 9.907489999999999908e-01 4.600409999999999916e-02 -1.670540000000000080e-01 -2.372539999999999927e-01 -1.452859999999999915e-02 9.713389999999999525e-01 -8.224960000000000604e-02
9.630309999999999704e-01 -1.356209999999999916e-01 2.327619999999999967e-01 -3.149810000000000110e-01 1.280280000000000029e-01 9.906329999999999858e-01 4.749459999999999793e-02 -1.686020000000000019e-01 -2.370230000000000115e-01 -1.593870000000000009e-02 9.713730000000000420e-01 -8.429770000000000318e-02
9.627609999999999779e-01 -1.372990000000000044e-01 2.328939999999999899e-01 -3.193179999999999907e-01 1.295870000000000077e-01 9.903969999999999718e-01 4.817119999999999735e-02 -1.728059999999999874e-01 -2.372710000000000097e-01 -1.619730000000000128e-02 9.713079999999999492e-01 -8.168930000000000635e-02
9.624380000000000157e-01 -1.382120000000000015e-01 2.336890000000000078e-01 -3.229690000000000061e-01 1.309400000000000008e-01 9.903030000000000443e-01 4.642929999999999974e-02 -1.757869999999999988e-01 -2.378399999999999959e-01 -1.408620000000000011e-02 9.712020000000000097e-01 -8.077030000000000320e-02
9.619630000000000125e-01 -1.402200000000000113e-01 2.344459999999999877e-01 -3.257229999999999848e-01 1.331489999999999896e-01 9.900369999999999449e-01 4.580200000000000243e-02 -1.796919999999999906e-01 -2.385319999999999940e-01 -1.284360000000000016e-02 9.710499999999999687e-01 -7.794180000000000552e-02
9.616080000000000183e-01 -1.424320000000000030e-01 2.345700000000000007e-01 -3.267780000000000129e-01 1.358560000000000045e-01 9.897489999999999899e-01 4.404480000000000200e-02 -1.836349999999999927e-01 -2.384390000000000120e-01 -1.048619999999999934e-02 9.711009999999999920e-01 -7.554650000000000254e-02
9.612049999999999761e-01 -1.452279999999999960e-01 2.345079999999999942e-01 -3.280640000000000223e-01 1.387230000000000130e-01 9.893490000000000339e-01 4.409430000000000294e-02 -1.876099999999999990e-01 -2.384139999999999870e-01 -9.852160000000000431e-03 9.711140000000000327e-01 -7.297579999999999345e-02
9.607630000000000337e-01 -1.476500000000000035e-01 2.348050000000000137e-01 -3.295259999999999856e-01 1.413750000000000007e-01 9.890029999999999655e-01 4.343430000000000207e-02 -1.898950000000000082e-01 -2.386359999999999870e-01 -8.534510000000000360e-03 9.710720000000000462e-01 -6.992990000000000317e-02
9.600370000000000292e-01 -1.505380000000000051e-01 2.359380000000000088e-01 -3.299900000000000055e-01 1.435950000000000004e-01 9.885460000000000358e-01 4.643859999999999655e-02 -1.943799999999999972e-01 -2.402259999999999951e-01 -1.070330000000000066e-02 9.706580000000000208e-01 -6.611619999999999997e-02
9.590919999999999446e-01 -1.533760000000000123e-01 2.379469999999999918e-01 -3.288920000000000177e-01 1.460490000000000121e-01 9.881010000000000071e-01 4.823369999999999741e-02 -2.011920000000000097e-01 -2.425140000000000073e-01 -1.150860000000000077e-02 9.700800000000000534e-01 -6.002280000000000115e-02
9.581450000000000244e-01 -1.531700000000000006e-01 2.418609999999999927e-01 -3.281299999999999772e-01 1.463879999999999904e-01 9.881630000000000136e-01 4.587719999999999992e-02 -2.065919999999999979e-01 -2.460249999999999937e-01 -8.551410000000000608e-03 9.692260000000000320e-01 -5.553339999999999665e-02
9.562979999999999814e-01 -1.525819999999999954e-01 2.494250000000000078e-01 -3.325170000000000070e-01 1.462960000000000094e-01 9.882769999999999611e-01 4.366409999999999736e-02 -2.089209999999999956e-01 -2.531630000000000269e-01 -5.265930000000000263e-03 9.674089999999999634e-01 -5.511769999999999864e-02
9.546179999999999666e-01 -1.523869999999999947e-01 2.558969999999999856e-01 -3.333630000000000204e-01 1.456139999999999934e-01 9.883030000000000426e-01 4.532769999999999855e-02 -2.132419999999999871e-01 -2.598110000000000142e-01 -6.008460000000000190e-03 9.656409999999999716e-01 -5.142460000000000087e-02
9.531180000000000208e-01 -1.522709999999999897e-01 2.614940000000000042e-01 -3.303159999999999985e-01 1.449590000000000045e-01 9.883140000000000258e-01 4.714700000000000141e-02 -2.194939999999999947e-01 -2.656169999999999920e-01 -7.030729999999999792e-03 9.640530000000000488e-01 -4.762330000000000035e-02
9.515719999999999734e-01 -1.492209999999999925e-01 2.687820000000000209e-01 -3.278469999999999995e-01 1.419189999999999896e-01 9.887850000000000250e-01 4.650920000000000054e-02 -2.218539999999999957e-01 -2.727080000000000060e-01 -6.111560000000000256e-03 9.620779999999999887e-01 -4.234990000000000282e-02
9.491509999999999669e-01 -1.470450000000000090e-01 2.783709999999999796e-01 -3.278260000000000063e-01 1.390540000000000109e-01 9.891039999999999832e-01 4.835359999999999658e-02 -2.242260000000000086e-01 -2.824479999999999769e-01 -7.186320000000000381e-03 9.592559999999999976e-01 -3.963959999999999706e-02
9.465379999999999905e-01 -1.470210000000000128e-01 2.871429999999999816e-01 -3.272280000000000189e-01 1.371819999999999984e-01 9.890609999999999680e-01 5.420900000000000024e-02 -2.280689999999999940e-01 -2.919720000000000093e-01 -1.192020000000000059e-02 9.563530000000000086e-01 -3.403950000000000031e-02
9.438109999999999555e-01 -1.497860000000000025e-01 2.945940000000000225e-01 -3.271339999999999804e-01 1.387899999999999967e-01 9.886209999999999720e-01 5.801239999999999869e-02 -2.334340000000000026e-01 -2.999310000000000032e-01 -1.386609999999999926e-02 9.538600000000000412e-01 -2.832379999999999967e-02
9.412249999999999783e-01 -1.545499999999999929e-01 3.003500000000000059e-01 -3.274900000000000033e-01 1.427049999999999985e-01 9.878759999999999764e-01 6.112349999999999728e-02 -2.392779999999999907e-01 -3.061550000000000105e-01 -1.466940000000000084e-02 9.518689999999999651e-01 -2.368639999999999982e-02
9.381509999999999572e-01 -1.609470000000000067e-01 3.065430000000000099e-01 -3.285930000000000240e-01 1.488009999999999888e-01 9.868740000000000290e-01 6.275379999999999847e-02 -2.442650000000000099e-01 -3.126200000000000090e-01 -1.325849999999999945e-02 9.497860000000000191e-01 -1.757010000000000169e-02
9.356079999999999952e-01 -1.667379999999999973e-01 3.111849999999999894e-01 -3.284900000000000042e-01 1.544250000000000067e-01 9.859310000000000018e-01 6.398130000000000484e-02 -2.497910000000000130e-01 -3.174750000000000072e-01 -1.180649999999999929e-02 9.481929999999999525e-01 -1.301719999999999960e-02
9.328229999999999578e-01 -1.711749999999999938e-01 3.170810000000000017e-01 -3.335089999999999999e-01 1.587649999999999895e-01 9.851889999999999814e-01 6.477929999999999799e-02 -2.585509999999999753e-01 -3.234730000000000105e-01 -1.008629999999999943e-02 9.461829999999999963e-01 -9.134379999999999236e-03
9.313649999999999984e-01 -1.709910000000000041e-01 3.214350000000000263e-01 -3.354369999999999852e-01 1.600900000000000101e-01 9.852619999999999711e-01 6.025459999999999844e-02 -2.649320000000000008e-01 -3.270009999999999861e-01 -4.660319999999999914e-03 9.450119999999999632e-01 -5.411380000000000356e-03
9.298450000000000326e-01 -1.701670000000000127e-01 3.262379999999999725e-01 -3.364150000000000196e-01 1.609579999999999900e-01 9.854150000000000409e-01 5.523279999999999856e-02 -2.703010000000000135e-01 -3.308789999999999787e-01 1.152610000000000093e-03 9.436729999999999841e-01 -9.686319999999999783e-05
9.281540000000000346e-01 -1.697619999999999962e-01 3.312260000000000204e-01 -3.375480000000000147e-01 1.624339999999999951e-01 9.854570000000000274e-01 4.990329999999999766e-02 -2.750250000000000195e-01 -3.348800000000000110e-01 7.484400000000000427e-03 9.422310000000000407e-01 4.371500000000000385e-03
9.263670000000000515e-01 -1.718989999999999962e-01 3.351040000000000130e-01 -3.382419999999999871e-01 1.657490000000000074e-01 9.850430000000000019e-01 4.710009999999999891e-02 -2.798669999999999769e-01 -3.381879999999999886e-01 1.191120000000000026e-02 9.410030000000000339e-01 9.070389999999999356e-03
9.246370000000000422e-01 -1.747130000000000072e-01 3.384110000000000174e-01 -3.391870000000000163e-01 1.697619999999999962e-01 9.844829999999999970e-01 4.442510000000000209e-02 -2.856859999999999955e-01 -3.409209999999999741e-01 1.637219999999999995e-02 9.399490000000000345e-01 1.450150000000000050e-02
9.237100000000000311e-01 -1.758059999999999901e-01 3.403700000000000059e-01 -3.404800000000000049e-01 1.720899999999999930e-01 9.842140000000000333e-01 4.133409999999999862e-02 -2.909930000000000017e-01 -3.422629999999999839e-01 2.039360000000000131e-02 9.393829999999999680e-01 1.985050000000000009e-02
9.233869999999999578e-01 -1.758450000000000013e-01 3.412259999999999738e-01 -3.401069999999999927e-01 1.736399999999999888e-01 9.841039999999999788e-01 3.725760000000000183e-02 -2.976869999999999794e-01 -3.423539999999999917e-01 2.484739999999999865e-02 9.392420000000000213e-01 2.536139999999999922e-02
9.228460000000000552e-01 -1.739020000000000010e-01 3.436750000000000083e-01 -3.418840000000000212e-01 1.739630000000000065e-01 9.842670000000000030e-01 3.091309999999999891e-02 -2.974939999999999807e-01 -3.436440000000000050e-01 3.125889999999999919e-02 9.385799999999999699e-01 2.689479999999999996e-02
9.213029999999999831e-01 -1.778589999999999893e-01 3.457850000000000090e-01 -3.435130000000000128e-01 1.775970000000000049e-01 9.835589999999999611e-01 3.272209999999999702e-02 -3.006659999999999888e-01 -3.459200000000000053e-01 3.126339999999999675e-02 9.377429999999999932e-01 3.240180000000000143e-02
9.193700000000000205e-01 -1.825170000000000126e-01 3.484920000000000240e-01 -3.480759999999999965e-01 1.822360000000000091e-01 9.826700000000000434e-01 3.389310000000000239e-02 -3.054689999999999905e-01 -3.486389999999999767e-01 3.234759999999999719e-02 9.366989999999999483e-01 3.586580000000000323e-02
9.179650000000000309e-01 -1.867699999999999916e-01 3.499390000000000001e-01 -3.516290000000000249e-01 1.864780000000000049e-01 9.818409999999999638e-01 3.485660000000000147e-02 -3.095689999999999831e-01 -3.500940000000000163e-01 3.325870000000000215e-02 9.361239999999999561e-01 3.870959999999999679e-02
9.174809999999999910e-01 -1.896650000000000003e-01 3.496500000000000163e-01 -3.524510000000000143e-01 1.890010000000000023e-01 9.813030000000000364e-01 3.636110000000000037e-02 -3.136760000000000104e-01 -3.500090000000000146e-01 3.272359999999999852e-02 9.361739999999999506e-01 4.257240000000000330e-02
9.166630000000000056e-01 -1.920920000000000127e-01 3.504700000000000037e-01 -3.534900000000000264e-01 1.913070000000000048e-01 9.808240000000000292e-01 3.722099999999999714e-02 -3.199040000000000217e-01 -3.508990000000000165e-01 3.292799999999999894e-02 9.358340000000000547e-01 4.701459999999999667e-02
9.159580000000000499e-01 -1.929740000000000066e-01 3.518270000000000008e-01 -3.562750000000000083e-01 1.934150000000000036e-01 9.805190000000000294e-01 3.426420000000000160e-02 -3.245299999999999851e-01 -3.515849999999999809e-01 3.666389999999999927e-02 9.354379999999999917e-01 5.088960000000000011e-02
9.156440000000000135e-01 -1.938910000000000078e-01 3.521389999999999798e-01 -3.587629999999999986e-01 1.957180000000000031e-01 9.801769999999999650e-01 3.078250000000000083e-02 -3.271830000000000016e-01 -3.511270000000000224e-01 4.073410000000000225e-02 9.354409999999999670e-01 5.306580000000000324e-02
9.154079999999999995e-01 -1.945099999999999885e-01 3.524120000000000030e-01 -3.609890000000000043e-01 1.969960000000000044e-01 9.799700000000000077e-01 2.917789999999999967e-02 -3.312300000000000244e-01 -3.510289999999999799e-01 4.271409999999999790e-02 9.353900000000000547e-01 5.599969999999999948e-02
9.154050000000000242e-01 -1.938829999999999998e-01 3.527640000000000220e-01 -3.613739999999999730e-01 1.978060000000000096e-01 9.799149999999999805e-01 2.527710000000000026e-02 -3.325409999999999755e-01 -3.505800000000000027e-01 4.664000000000000090e-02 9.353709999999999525e-01 5.810019999999999768e-02
9.148570000000000313e-01 -1.912649999999999906e-01 3.556039999999999757e-01 -3.638770000000000060e-01 1.954770000000000119e-01 9.804040000000000532e-01 2.441859999999999864e-02 -3.335899999999999976e-01 -3.533060000000000089e-01 4.717299999999999965e-02 9.343179999999999819e-01 5.869939999999999880e-02
9.137279999999999847e-01 -1.905580000000000052e-01 3.588700000000000223e-01 -3.662279999999999980e-01 1.946440000000000115e-01 9.805530000000000079e-01 2.507940000000000169e-02 -3.367080000000000073e-01 -3.566710000000000158e-01 4.693619999999999737e-02 9.330500000000000460e-01 6.295960000000000445e-02
9.122689999999999966e-01 -1.873779999999999890e-01 3.642170000000000130e-01 -3.737570000000000059e-01 1.919329999999999925e-01 9.811140000000000416e-01 2.400930000000000078e-02 -3.386199999999999766e-01 -3.618370000000000197e-01 4.800249999999999656e-02 9.310049999999999715e-01 6.201249999999999818e-02
9.109760000000000080e-01 -1.857999999999999929e-01 3.682400000000000118e-01 -3.775959999999999872e-01 1.898640000000000050e-01 9.814789999999999903e-01 2.551930000000000170e-02 -3.408999999999999808e-01 -3.661619999999999875e-01 4.666789999999999827e-02 9.293799999999999839e-01 6.372659999999999436e-02
9.095839999999999481e-01 -1.836520000000000097e-01 3.727320000000000078e-01 -3.816450000000000120e-01 1.879500000000000060e-01 9.818569999999999798e-01 2.512019999999999878e-02 -3.440329999999999777e-01 -3.705829999999999957e-01 4.720619999999999677e-02 9.275989999999999513e-01 6.694609999999999450e-02
9.087140000000000217e-01 -1.798770000000000091e-01 3.766729999999999801e-01 -3.856479999999999908e-01 1.848289999999999933e-01 9.824950000000000072e-01 2.328710000000000155e-02 -3.453539999999999943e-01 -3.742690000000000183e-01 4.845889999999999920e-02 9.260530000000000150e-01 6.691959999999999575e-02
9.071660000000000279e-01 -1.766610000000000125e-01 3.818920000000000092e-01 -3.895259999999999834e-01 1.817030000000000034e-01 9.830809999999999826e-01 2.314060000000000075e-02 -3.454650000000000221e-01 -3.795189999999999952e-01 4.839849999999999708e-02 9.239169999999999883e-01 6.965960000000000207e-02
9.046760000000000357e-01 -1.771469999999999989e-01 3.875310000000000143e-01 -3.927059999999999995e-01 1.820970000000000089e-01 9.829820000000000224e-01 2.423950000000000063e-02 -3.483299999999999730e-01 -3.852289999999999881e-01 4.863930000000000337e-02 9.215379999999999683e-01 7.208050000000000568e-02
9.020629999999999482e-01 -1.757910000000000028e-01 3.941830000000000056e-01 -3.963809999999999834e-01 1.817050000000000054e-01 9.830929999999999946e-01 2.260179999999999828e-02 -3.487049999999999872e-01 -3.914920000000000067e-01 5.123679999999999901e-02 9.187539999999999596e-01 7.271189999999999598e-02
8.979510000000000547e-01 -1.787960000000000105e-01 4.021390000000000242e-01 -3.991350000000000176e-01 1.847930000000000128e-01 9.824800000000000200e-01 2.419210000000000110e-02 -3.479260000000000130e-01 -3.994190000000000240e-01 5.258909999999999973e-02 9.152590000000000447e-01 7.542600000000000693e-02
8.928620000000000445e-01 -1.825469999999999871e-01 4.116730000000000111e-01 -4.029200000000000004e-01 1.886069999999999969e-01 9.817019999999999635e-01 2.625159999999999993e-02 -3.512379999999999947e-01 -4.089320000000000177e-01 5.420529999999999793e-02 9.109540000000000415e-01 7.724649999999999572e-02
