1.000000000000000000e+00 -2.353039999999999876e-23 -2.153500000000000056e-23 -1.421240000000000053e-23 2.353039999999999876e-23 1.000000000000000000e+00 1.153030000000000069e-23 3.969200000000000149e-23 2.153500000000000056e-23 -1.153030000000000069e-23 1.000000000000000000e+00 2.360669999999999993e-23
9.999989999999999712e-01 -1.699900000000000065e-03 -2.442899999999999803e-04 -2.664670000000000059e-03 1.700050000000000042e-03 9.999980000000000535e-01 5.839620000000000444e-04 -2.363870000000000120e-03 2.432970000000000120e-04 -5.843759999999999493e-04 1.000000000000000000e+00 8.018920000000000128e-04
9.999980000000000535e-01 -2.197520000000000116e-03 2.015739999999999915e-04 -4.210679999999999631e-03 2.197329999999999943e-03 9.999970000000000248e-01 9.296489999999999485e-04 -5.179549999999999779e-03 -2.036159999999999966e-04 -9.292039999999999892e-04 1.000000000000000000e+00 1.542519999999999916e-03
9.999970000000000248e-01 -2.003770000000000204e-03 1.225519999999999908e-03 -4.639599999999999801e-03 2.003379999999999918e-03 9.999980000000000535e-01 3.248130000000000223e-04 -5.614580000000000091e-03 -1.226169999999999951e-03 -3.223570000000000038e-04 9.999989999999999712e-01 1.351460000000000074e-03
9.999989999999999712e-01 -1.433459999999999899e-03 6.557439999999999884e-04 -5.209550000000000292e-03 1.432660000000000097e-03 9.999980000000000535e-01 1.215509999999999941e-03 -5.810530000000000382e-03 -6.574859999999999862e-04 -1.214570000000000103e-03 9.999989999999999712e-01 1.464189999999999979e-03
1.000000000000000000e+00 -2.782109999999999965e-04 5.451030000000000155e-04 -6.031400000000000129e-03 2.769159999999999894e-04 9.999970000000000248e-01 2.373199999999999789e-03 -8.095629999999999493e-03 -5.457609999999999675e-04 -2.373049999999999812e-03 9.999970000000000248e-01 1.767509999999999915e-03
9.999989999999999712e-01 -4.344500000000000163e-05 1.015459999999999930e-03 -5.754689999999999805e-03 4.142489999999999703e-05 9.999980000000000535e-01 1.989229999999999818e-03 -8.626210000000000475e-03 -1.015540000000000106e-03 -1.989190000000000055e-03 9.999980000000000535e-01 1.343529999999999898e-03
9.999970000000000248e-01 7.277930000000000163e-04 2.249349999999999787e-03 -6.446330000000000116e-03 -7.380000000000000492e-04 9.999890000000000168e-01 4.540200000000000312e-03 -1.024090000000000070e-02 -2.246020000000000048e-03 -4.541850000000000054e-03 9.999869999999999592e-01 1.302570000000000073e-03
9.999869999999999592e-01 9.121220000000000196e-04 5.090080000000000299e-03 -7.818469999999999240e-03 -9.405519999999999896e-04 9.999839999999999840e-01 5.585900000000000414e-03 -1.023720000000000012e-02 -5.084899999999999837e-03 -5.590620000000000138e-03 9.999710000000000543e-01 2.066609999999999975e-03
9.999839999999999840e-01 6.114129999999999955e-04 5.609560000000000414e-03 -7.301219999999999759e-03 -6.517019999999999888e-04 9.999740000000000295e-01 7.183300000000000102e-03 -1.108439999999999946e-02 -5.605030000000000429e-03 -7.186839999999999895e-03 9.999580000000000135e-01 2.237809999999999799e-03
9.999799999999999800e-01 -4.658810000000000208e-04 6.346250000000000328e-03 -7.487609999999999578e-03 4.139750000000000200e-04 9.999660000000000215e-01 8.177870000000000278e-03 -1.180570000000000057e-02 -6.349849999999999765e-03 -8.175069999999999559e-03 9.999460000000000015e-01 2.362599999999999856e-03
9.999740000000000295e-01 -1.413159999999999894e-03 7.097870000000000047e-03 -1.115610000000000039e-02 1.348250000000000056e-03 9.999569999999999848e-01 9.141959999999999323e-03 -1.516239999999999949e-02 -7.110489999999999693e-03 -9.132150000000000337e-03 9.999329999999999607e-01 3.238439999999999982e-03
9.999710000000000543e-01 -1.842359999999999918e-03 7.330719999999999771e-03 -1.305579999999999935e-02 1.761559999999999905e-03 9.999379999999999935e-01 1.101300000000000022e-02 -1.939010000000000039e-02 -7.350559999999999906e-03 -1.099980000000000055e-02 9.999120000000000230e-01 4.404739999999999871e-03
9.999839999999999840e-01 -1.322129999999999920e-03 5.425120000000000289e-03 -1.379170000000000049e-02 1.267429999999999946e-03 9.999479999999999480e-01 1.007249999999999986e-02 -2.131709999999999855e-02 -5.438160000000000042e-03 -1.006549999999999979e-02 9.999350000000000183e-01 4.137219999999999613e-03
9.999829999999999552e-01 1.830940000000000085e-03 5.622310000000000155e-03 -1.664519999999999889e-02 -1.876889999999999982e-03 9.999649999999999928e-01 8.178150000000000350e-03 -2.217200000000000074e-02 -5.607140000000000041e-03 -8.188559999999999242e-03 9.999510000000000343e-01 4.944160000000000395e-03
9.999780000000000335e-01 4.237920000000000055e-03 5.197249999999999613e-03 -1.654550000000000118e-02 -4.275870000000000191e-03 9.999639999999999640e-01 7.311790000000000303e-03 -2.339640000000000122e-02 -5.166079999999999978e-03 -7.333840000000000324e-03 9.999599999999999600e-01 3.993939999999999643e-03
9.999749999999999472e-01 4.785170000000000048e-03 5.204470000000000103e-03 -1.928770000000000137e-02 -4.813089999999999903e-03 9.999740000000000295e-01 5.364859999999999941e-03 -2.428309999999999844e-02 -5.178669999999999801e-03 -5.389780000000000265e-03 9.999719999999999720e-01 4.881400000000000149e-03
9.999679999999999680e-01 7.445099999999999635e-03 2.999250000000000180e-03 -1.944939999999999863e-02 -7.462690000000000122e-03 9.999550000000000383e-01 5.895130000000000162e-03 -2.583710000000000173e-02 -2.955220000000000156e-03 -5.917320000000000219e-03 9.999780000000000335e-01 3.892609999999999907e-03
9.999559999999999560e-01 8.848079999999999487e-03 3.034090000000000138e-03 -1.897659999999999972e-02 -8.870740000000000222e-03 9.999320000000000430e-01 7.538269999999999693e-03 -2.608819999999999889e-02 -2.967190000000000192e-03 -7.564849999999999700e-03 9.999670000000000503e-01 4.789810000000000248e-03
9.999409999999999688e-01 9.685890000000000818e-03 4.958549999999999937e-03 -1.657979999999999871e-02 -9.729230000000000170e-03 9.999139999999999695e-01 8.791870000000000240e-03 -2.624699999999999950e-02 -4.872969999999999906e-03 -8.839589999999999601e-03 9.999489999999999768e-01 6.608679999999999589e-03
9.999149999999999983e-01 9.170940000000000689e-03 9.301280000000000311e-03 -1.598919999999999855e-02 -9.251099999999999948e-03 9.999200000000000310e-01 8.612140000000000767e-03 -2.790820000000000106e-02 -9.221550000000000233e-03 -8.697450000000000667e-03 9.999200000000000310e-01 8.986030000000000753e-03
9.998350000000000293e-01 7.616170000000000231e-03 1.646480000000000166e-02 -2.160609999999999961e-02 -7.775830000000000068e-03 9.999230000000000063e-01 9.655050000000000091e-03 -3.433569999999999678e-02 -1.638999999999999832e-02 -9.781490000000000323e-03 9.998179999999999845e-01 5.817799999999999708e-03
9.997880000000000100e-01 3.600420000000000009e-03 2.025259999999999908e-02 -2.386359999999999870e-02 -3.840130000000000193e-03 9.999230000000000063e-01 1.180930000000000001e-02 -3.867759999999999948e-02 -2.020850000000000077e-02 -1.188460000000000037e-02 9.997249999999999748e-01 5.498460000000000153e-03
9.997770000000000268e-01 1.943920000000000023e-03 2.102520000000000083e-02 -2.408990000000000090e-02 -2.202659999999999948e-03 9.999219999999999775e-01 1.229009999999999998e-02 -4.231730000000000214e-02 -2.099960000000000021e-02 -1.233360000000000012e-02 9.997030000000000083e-01 5.476449999999999894e-03
9.997850000000000348e-01 2.908260000000000185e-03 2.051100000000000145e-02 -2.447579999999999895e-02 -3.157119999999999805e-03 9.999219999999999775e-01 1.211130000000000019e-02 -4.512750000000000095e-02 -2.047409999999999855e-02 -1.217339999999999915e-02 9.997160000000000490e-01 5.327250000000000388e-03
9.997530000000000028e-01 6.636640000000000074e-03 2.121529999999999944e-02 -2.416120000000000073e-02 -6.885729999999999629e-03 9.999080000000000190e-01 1.168970000000000078e-02 -4.452579999999999733e-02 -2.113570000000000032e-02 -1.183290000000000036e-02 9.997070000000000123e-01 4.026029999999999887e-03
9.996559999999999890e-01 1.052119999999999965e-02 2.403500000000000081e-02 -2.584480000000000111e-02 -1.086640000000000002e-02 9.998390000000000333e-01 1.427490000000000009e-02 -4.525060000000000193e-02 -2.388099999999999945e-02 -1.453109999999999992e-02 9.996089999999999698e-01 5.150410000000000231e-03
9.995840000000000281e-01 1.013050000000000062e-02 2.699469999999999995e-02 -2.423799999999999913e-02 -1.054629999999999977e-02 9.998270000000000213e-01 1.530800000000000043e-02 -4.572450000000000125e-02 -2.683500000000000121e-02 -1.558630000000000085e-02 9.995180000000000176e-01 6.417520000000000342e-03
9.994880000000000431e-01 5.587100000000000226e-03 3.148990000000000122e-02 -2.462090000000000112e-02 -6.128729999999999768e-03 9.998340000000000005e-01 1.712970000000000118e-02 -4.783010000000000039e-02 -3.138900000000000023e-02 -1.731399999999999953e-02 9.993570000000000508e-01 6.319130000000000059e-03
9.993509999999999893e-01 5.359019999999999929e-03 3.563009999999999788e-02 -2.603779999999999983e-02 -6.072100000000000414e-03 9.997829999999999773e-01 1.993520000000000014e-02 -4.838100000000000039e-02 -3.551549999999999846e-02 -2.013859999999999956e-02 9.991659999999999986e-01 5.454650000000000123e-03
9.992229999999999723e-01 6.736119999999999955e-03 3.882270000000000165e-02 -2.689549999999999927e-02 -7.597549999999999790e-03 9.997270000000000323e-01 2.208419999999999828e-02 -4.931289999999999979e-02 -3.866340000000000054e-02 -2.236209999999999934e-02 9.990019999999999456e-01 7.735620000000000343e-03
9.990860000000000296e-01 6.170410000000000304e-03 4.230679999999999857e-02 -2.981920000000000057e-02 -7.088429999999999731e-03 9.997420000000000195e-01 2.158360000000000140e-02 -5.157769999999999716e-02 -4.216269999999999740e-02 -2.186369999999999980e-02 9.988719999999999821e-01 9.015689999999999815e-03
9.990179999999999616e-01 4.923920000000000033e-03 4.402339999999999726e-02 -3.044339999999999893e-02 -5.912360000000000185e-03 9.997329999999999828e-01 2.235060000000000172e-02 -5.174820000000000114e-02 -4.390159999999999896e-02 -2.258900000000000144e-02 9.987800000000000011e-01 8.649989999999999762e-03
9.989529999999999799e-01 2.933729999999999845e-03 4.564939999999999970e-02 -3.204810000000000297e-02 -4.104560000000000153e-03 9.996639999999999970e-01 2.557569999999999982e-02 -5.387700000000000128e-02 -4.555909999999999821e-02 -2.573630000000000015e-02 9.986300000000000177e-01 8.469449999999999895e-03
9.989470000000000294e-01 2.781309999999999946e-03 4.578929999999999806e-02 -3.323460000000000303e-02 -3.997009999999999626e-03 9.996410000000000018e-01 2.647969999999999838e-02 -5.390219999999999734e-02 -4.569929999999999826e-02 -2.663480000000000014e-02 9.986000000000000432e-01 8.933889999999999887e-03
9.988839999999999941e-01 2.746540000000000006e-03 4.715260000000000284e-02 -3.479070000000000079e-02 -4.107239999999999849e-03 9.995770000000000488e-01 2.878479999999999928e-02 -5.702390000000000236e-02 -4.705360000000000098e-02 -2.894640000000000060e-02 9.984730000000000549e-01 9.576740000000000252e-03
9.988280000000000491e-01 2.199899999999999859e-03 4.835439999999999877e-02 -3.717970000000000302e-02 -3.656550000000000165e-03 9.995420000000000416e-01 3.005669999999999870e-02 -5.741929999999999951e-02 -4.826609999999999928e-02 -3.019820000000000143e-02 9.983779999999999877e-01 9.665979999999999364e-03
9.987089999999999579e-01 5.527299999999999748e-04 5.079829999999999762e-02 -3.880929999999999797e-02 -2.229029999999999900e-03 9.994549999999999823e-01 3.294840000000000269e-02 -5.949480000000000046e-02 -5.075240000000000307e-02 -3.301910000000000261e-02 9.981649999999999689e-01 1.196760000000000011e-02
9.984480000000000022e-01 -2.457679999999999847e-03 5.564079999999999721e-02 -4.240390000000000131e-02 6.572219999999999495e-04 9.994760000000000311e-01 3.235369999999999913e-02 -6.201009999999999855e-02 -5.569120000000000320e-02 -3.226699999999999707e-02 9.979270000000000085e-01 1.550379999999999987e-02
9.982410000000000450e-01 -3.502809999999999865e-03 5.918749999999999706e-02 -4.503089999999999871e-02 1.685690000000000105e-03 9.995270000000000543e-01 3.072309999999999972e-02 -6.471150000000000513e-02 -5.926710000000000311e-02 -3.056920000000000123e-02 9.977740000000000498e-01 1.708830000000000071e-02
9.979660000000000197e-01 -4.192139999999999582e-03 6.361169999999999325e-02 -4.902259999999999951e-02 2.302080000000000185e-03 9.995549999999999713e-01 2.975679999999999992e-02 -6.667829999999999591e-02 -6.370810000000000362e-02 -2.954980000000000107e-02 9.975309999999999455e-01 1.806520000000000001e-02
9.977249999999999730e-01 -9.104060000000000624e-03 6.680120000000000502e-02 -5.240739999999999982e-02 7.103210000000000426e-03 9.995209999999999928e-01 3.012890000000000013e-02 -7.081300000000000094e-02 -6.704350000000000587e-02 -2.958579999999999890e-02 9.973109999999999475e-01 2.003800000000000026e-02
9.974899999999999878e-01 -1.157090000000000028e-02 6.985520000000000618e-02 -5.597660000000000136e-02 9.512839999999999838e-03 9.995129999999999848e-01 2.972290000000000001e-02 -7.280359999999999610e-02 -7.016509999999999414e-02 -2.898380000000000054e-02 9.971139999999999448e-01 2.087349999999999969e-02
9.971229999999999816e-01 -1.509199999999999951e-02 7.427770000000000206e-02 -6.024360000000000132e-02 1.274750000000000015e-02 9.994089999999999918e-01 3.193850000000000161e-02 -7.509659999999999946e-02 -7.471579999999999888e-02 -3.089980000000000157e-02 9.967260000000000009e-01 2.273810000000000067e-02
9.966899999999999649e-01 -1.765289999999999915e-02 7.935190000000000299e-02 -6.495610000000000273e-02 1.490260000000000022e-02 9.992720000000000491e-01 3.511969999999999675e-02 -7.720820000000000460e-02 -7.991410000000000180e-02 -3.382099999999999690e-02 9.962280000000000024e-01 2.491820000000000146e-02
9.961090000000000222e-01 -2.203710000000000044e-02 8.532480000000000619e-02 -6.985099999999999643e-02 1.887509999999999882e-02 9.991109999999999713e-01 3.768950000000000078e-02 -8.164659999999999973e-02 -8.607960000000000611e-02 -3.593240000000000323e-02 9.956399999999999695e-01 2.767469999999999999e-02
9.954150000000000498e-01 -2.790329999999999894e-02 9.148589999999999500e-02 -7.417129999999999557e-02 2.447250000000000120e-02 9.989620000000000166e-01 3.841109999999999663e-02 -8.525159999999999683e-02 -9.246279999999999777e-02 -3.599610000000000309e-02 9.950649999999999773e-01 3.000900000000000095e-02
9.947080000000000366e-01 -3.273630000000000290e-02 9.738330000000000597e-02 -7.903920000000000390e-02 2.904450000000000087e-02 9.988139999999999796e-01 3.908940000000000331e-02 -9.098159999999999581e-02 -9.854739999999999334e-02 -3.605409999999999865e-02 9.944790000000000019e-01 3.269849999999999840e-02
9.939620000000000122e-01 -3.755119999999999986e-02 1.031030000000000002e-01 -8.469920000000000226e-02 3.395949999999999663e-02 9.987610000000000099e-01 3.637379999999999780e-02 -9.626590000000000147e-02 -1.043410000000000032e-01 -3.265289999999999859e-02 9.940050000000000274e-01 3.506859999999999838e-02
9.932819999999999983e-01 -4.046990000000000309e-02 1.084119999999999945e-01 -9.271519999999999762e-02 3.708949999999999747e-02 9.987660000000000426e-01 3.301930000000000143e-02 -9.930769999999999875e-02 -1.096150000000000041e-01 -2.877650000000000000e-02 9.935580000000000522e-01 3.437810000000000171e-02
9.928879999999999928e-01 -4.382479999999999709e-02 1.106960000000000027e-01 -9.844890000000000585e-02 4.022950000000000137e-02 9.985939999999999817e-01 3.450729999999999770e-02 -1.013860000000000039e-01 -1.120529999999999998e-01 -2.980860000000000107e-02 9.932549999999999990e-01 3.378400000000000153e-02
9.924739999999999673e-01 -4.789840000000000070e-02 1.126980000000000065e-01 -1.035520000000000052e-01 4.393670000000000214e-02 9.983349999999999724e-01 3.737979999999999775e-02 -1.041040000000000021e-01 -1.143009999999999998e-01 -3.214689999999999909e-02 9.929259999999999753e-01 3.583290000000000086e-02
9.916629999999999612e-01 -5.156530000000000141e-02 1.180879999999999985e-01 -1.096179999999999932e-01 4.706710000000000060e-02 9.980670000000000375e-01 4.057090000000000002e-02 -1.059009999999999951e-01 -1.199520000000000031e-01 -3.467459999999999987e-02 9.921740000000000004e-01 3.624390000000000250e-02
9.903509999999999813e-01 -5.611800000000000122e-02 1.267099999999999893e-01 -1.162009999999999987e-01 5.060930000000000289e-02 9.976450000000000040e-01 4.628580000000000194e-02 -1.090990000000000015e-01 -1.290090000000000126e-01 -3.942650000000000321e-02 9.908590000000000453e-01 3.803179999999999755e-02
9.886800000000000033e-01 -6.240199999999999914e-02 1.364450000000000107e-01 -1.242439999999999933e-01 5.556660000000000071e-02 9.970290000000000541e-01 5.334730000000000028e-02 -1.122360000000000024e-01 -1.393689999999999929e-01 -4.516160000000000313e-02 9.892100000000000337e-01 3.894079999999999764e-02
9.873220000000000329e-01 -6.898419999999999552e-02 1.429580000000000017e-01 -1.307800000000000074e-01 6.098529999999999923e-02 9.963570000000000482e-01 5.960379999999999845e-02 -1.175780000000000020e-01 -1.465490000000000126e-01 -5.012980000000000214e-02 9.879320000000000324e-01 4.255230000000000123e-02
9.858190000000000008e-01 -7.623190000000000521e-02 1.494979999999999920e-01 -1.382029999999999925e-01 6.781320000000000403e-02 9.958540000000000170e-01 6.063129999999999908e-02 -1.219469999999999998e-01 -1.534999999999999976e-01 -4.963349999999999707e-02 9.869010000000000282e-01 4.460909999999999875e-02
9.840719999999999468e-01 -8.445700000000000429e-02 1.564260000000000095e-01 -1.461220000000000019e-01 7.570219999999999727e-02 9.952560000000000295e-01 6.111479999999999690e-02 -1.249760000000000038e-01 -1.608449999999999880e-01 -4.829959999999999809e-02 9.857970000000000343e-01 4.412130000000000218e-02
9.819780000000000175e-01 -9.337449999999999917e-02 1.643169999999999908e-01 -1.523789999999999867e-01 8.375050000000000550e-02 9.943929999999999714e-01 6.456889999999999852e-02 -1.279319999999999902e-01 -1.694249999999999923e-01 -4.964360000000000300e-02 9.842919999999999447e-01 4.560460000000000208e-02
9.797069999999999945e-01 -1.018580000000000041e-01 1.726229999999999987e-01 -1.596170000000000089e-01 9.171269999999999423e-02 9.936099999999999932e-01 6.578320000000000001e-02 -1.330890000000000128e-01 -1.782209999999999905e-01 -4.861660000000000287e-02 9.827890000000000237e-01 4.745409999999999906e-02
9.778329999999999522e-01 -1.075239999999999946e-01 1.796699999999999964e-01 -1.665649999999999908e-01 9.748210000000000208e-02 9.931879999999999598e-01 6.383990000000000498e-02 -1.365149999999999975e-01 -1.853100000000000025e-01 -4.491019999999999734e-02 9.816529999999999978e-01 4.752660000000000218e-02
9.762769999999999504e-01 -1.123269999999999963e-01 1.851109999999999978e-01 -1.717470000000000108e-01 1.025640000000000024e-01 9.928209999999999535e-01 6.153360000000000080e-02 -1.377019999999999911e-01 -1.906940000000000024e-01 -4.108810000000000240e-02 9.807890000000000219e-01 4.797610000000000069e-02
9.743119999999999559e-01 -1.171050000000000008e-01 1.923620000000000052e-01 -1.779280000000000028e-01 1.069390000000000063e-01 9.923030000000000461e-01 6.244299999999999851e-02 -1.397450000000000081e-01 -1.981940000000000091e-01 -4.026790000000000230e-02 9.793349999999999556e-01 4.838130000000000208e-02
9.719229999999999814e-01 -1.214279999999999943e-01 2.015460000000000029e-01 -1.848980000000000068e-01 1.109310000000000018e-01 9.918529999999999847e-01 6.262739999999999974e-02 -1.426250000000000018e-01 -2.075089999999999990e-01 -3.851120000000000237e-02 9.774749999999999828e-01 5.078379999999999700e-02
9.697759999999999714e-01 -1.252759999999999985e-01 2.093810000000000116e-01 -1.913630000000000053e-01 1.150970000000000049e-01 9.915310000000000512e-01 6.016210000000000307e-02 -1.455299999999999927e-01 -2.151450000000000029e-01 -3.424460000000000004e-02 9.759820000000000162e-01 5.095899999999999735e-02
9.679210000000000313e-01 -1.291960000000000053e-01 2.154919999999999891e-01 -1.967559999999999865e-01 1.191949999999999954e-01 9.911259999999999515e-01 5.883479999999999960e-02 -1.477789999999999937e-01 -2.211809999999999887e-01 -3.126190000000000219e-02 9.747320000000000428e-01 5.021919999999999856e-02
9.663270000000000470e-01 -1.330369999999999886e-01 2.202560000000000073e-01 -2.026399999999999868e-01 1.229429999999999967e-01 9.906589999999999563e-01 5.898400000000000171e-02 -1.499020000000000075e-01 -2.260459999999999969e-01 -2.991889999999999827e-02 9.736569999999999947e-01 4.979190000000000005e-02
9.646599999999999620e-01 -1.372800000000000131e-01 2.249120000000000008e-01 -2.099270000000000025e-01 1.271960000000000035e-01 9.901330000000000409e-01 5.880010000000000098e-02 -1.533950000000000036e-01 -2.307649999999999979e-01 -2.811409999999999951e-02 9.726029999999999953e-01 5.142669999999999880e-02
9.634669999999999623e-01 -1.411380000000000134e-01 2.276219999999999910e-01 -2.164830000000000088e-01 1.318390000000000117e-01 9.897089999999999499e-01 5.563379999999999714e-02 -1.553400000000000059e-01 -2.331320000000000059e-01 -2.359199999999999839e-02 9.721589999999999954e-01 5.115929999999999783e-02
9.624369999999999870e-01 -1.444930000000000103e-01 2.298630000000000118e-01 -2.241819999999999924e-01 1.353659999999999863e-01 9.892640000000000322e-01 5.507750000000000146e-02 -1.576839999999999908e-01 -2.353540000000000076e-01 -2.189299999999999927e-02 9.716630000000000544e-01 5.081510000000000193e-02
9.617989999999999595e-01 -1.474429999999999907e-01 2.306600000000000039e-01 -2.308759999999999979e-01 1.387230000000000130e-01 9.888759999999999772e-01 5.366859999999999686e-02 -1.593690000000000107e-01 -2.360069999999999946e-01 -1.962049999999999905e-02 9.715529999999999999e-01 5.190890000000000087e-02
9.615669999999999495e-01 -1.482529999999999959e-01 2.311080000000000079e-01 -2.374020000000000019e-01 1.400230000000000086e-01 9.887970000000000370e-01 5.171100000000000002e-02 -1.591430000000000067e-01 -2.361850000000000060e-01 -1.736330000000000165e-02 9.715529999999999999e-01 5.189289999999999875e-02
9.617250000000000520e-01 -1.476540000000000075e-01 2.308300000000000074e-01 -2.428140000000000021e-01 1.394920000000000049e-01 9.888890000000000180e-01 5.138319999999999693e-02 -1.598009999999999986e-01 -2.358520000000000061e-01 -1.721769999999999898e-02 9.716360000000000552e-01 5.132930000000000131e-02
9.616949999999999665e-01 -1.481520000000000059e-01 2.306380000000000097e-01 -2.486170000000000047e-01 1.397539999999999893e-01 9.887970000000000370e-01 5.242739999999999900e-02 -1.608529999999999960e-01 -2.358210000000000028e-01 -1.818660000000000068e-02 9.716259999999999897e-01 5.256079999999999780e-02
9.621410000000000240e-01 -1.493349999999999955e-01 2.280000000000000082e-01 -2.522400000000000198e-01 1.410530000000000117e-01 9.886200000000000543e-01 5.229190000000000227e-02 -1.635749999999999982e-01 -2.332140000000000046e-01 -1.815210000000000087e-02 9.722560000000000091e-01 5.514700000000000157e-02
9.624700000000000477e-01 -1.490740000000000121e-01 2.267790000000000084e-01 -2.589549999999999907e-01 1.413870000000000127e-01 9.886979999999999658e-01 4.986870000000000192e-02 -1.652810000000000112e-01 -2.316499999999999948e-01 -1.593359999999999915e-02 9.726690000000000058e-01 5.654510000000000092e-02
9.631440000000000001e-01 -1.496689999999999965e-01 2.235030000000000072e-01 -2.624630000000000019e-01 1.426590000000000080e-01 9.886420000000000208e-01 4.728589999999999877e-02 -1.663890000000000091e-01 -2.280409999999999937e-01 -1.365850000000000050e-02 9.735559999999999770e-01 5.786519999999999858e-02
9.637769999999999948e-01 -1.492590000000000028e-01 2.210320000000000062e-01 -2.659409999999999830e-01 1.426560000000000050e-01 9.887200000000000433e-01 4.563409999999999689e-02 -1.684009999999999951e-01 -2.253499999999999948e-01 -1.244959999999999990e-02 9.741980000000000084e-01 5.816000000000000336e-02
9.638970000000000038e-01 -1.486169999999999991e-01 2.209430000000000005e-01 -2.702689999999999815e-01 1.421479999999999966e-01 9.888219999999999787e-01 4.498880000000000240e-02 -1.691229999999999956e-01 -2.251589999999999980e-01 -1.195790000000000047e-02 9.742490000000000316e-01 6.086570000000000175e-02
9.645209999999999617e-01 -1.483859999999999901e-01 2.183609999999999995e-01 -2.740040000000000253e-01 1.425079999999999958e-01 9.888799999999999812e-01 4.251510000000000011e-02 -1.704950000000000077e-01 -2.222419999999999951e-01 -9.888469999999999899e-03 9.749409999999999465e-01 6.206269999999999842e-02
9.653620000000000534e-01 -1.488349999999999951e-01 2.142999999999999905e-01 -2.769420000000000215e-01 1.431929999999999870e-01 9.888160000000000283e-01 4.170709999999999695e-02 -1.717670000000000030e-01 -2.181109999999999993e-01 -9.576199999999999990e-03 9.758769999999999945e-01 6.363169999999999937e-02
9.657510000000000261e-01 -1.504070000000000129e-01 2.114320000000000088e-01 -2.802330000000000099e-01 1.445170000000000066e-01 9.885620000000000518e-01 4.312819999999999848e-02 -1.729499999999999926e-01 -2.155009999999999981e-01 -1.109540000000000005e-02 9.764410000000000034e-01 6.660689999999999666e-02
9.661020000000000163e-01 -1.521399999999999975e-01 2.085680000000000034e-01 -2.790349999999999775e-01 1.461929999999999896e-01 9.882889999999999731e-01 4.373110000000000192e-02 -1.769489999999999952e-01 -2.127789999999999959e-01 -1.175739999999999945e-02 9.770299999999999541e-01 7.292830000000000146e-02
9.660750000000000171e-01 -1.534030000000000116e-01 2.077650000000000052e-01 -2.800889999999999769e-01 1.477239999999999942e-01 9.881069999999999576e-01 4.267719999999999847e-02 -1.803109999999999991e-01 -2.118410000000000015e-01 -1.053770000000000054e-02 9.772469999999999768e-01 7.480059999999999487e-02
9.657700000000000173e-01 -1.550229999999999941e-01 2.079799999999999982e-01 -2.820230000000000237e-01 1.495670000000000055e-01 9.878670000000000506e-01 4.180489999999999901e-02 -1.840140000000000109e-01 -2.119369999999999865e-01 -9.266989999999999256e-03 9.772389999999999688e-01 7.842209999999999459e-02
9.652319999999999789e-01 -1.577669999999999906e-01 2.084129999999999872e-01 -2.833609999999999740e-01 1.527519999999999989e-01 9.874530000000000252e-01 4.004669999999999758e-02 -1.878160000000000107e-01 -2.121159999999999990e-01 -6.818870000000000313e-03 9.772210000000000063e-01 8.234239999999999615e-02
9.649940000000000184e-01 -1.604450000000000043e-01 2.074719999999999898e-01 -2.828089999999999771e-01 1.554879999999999873e-01 9.870240000000000125e-01 4.009569999999999801e-02 -1.915489999999999970e-01 -2.112130000000000118e-01 -6.432829999999999625e-03 9.774190000000000378e-01 8.540630000000000444e-02
9.644770000000000287e-01 -1.632349999999999912e-01 2.076999999999999957e-01 -2.844059999999999921e-01 1.584399999999999975e-01 9.865730000000000333e-01 3.963359999999999800e-02 -1.943130000000000135e-01 -2.113800000000000123e-01 -5.317739999999999620e-03 9.773889999999999523e-01 8.927549999999999375e-02
9.638409999999999478e-01 -1.665240000000000054e-01 2.080420000000000047e-01 -2.832720000000000238e-01 1.612379999999999924e-01 9.860109999999999708e-01 4.223149999999999821e-02 -1.980609999999999871e-01 -2.121639999999999915e-01 -7.160109999999999912e-03 9.772079999999999655e-01 9.399970000000000547e-02
9.629419999999999646e-01 -1.687369999999999981e-01 2.104040000000000077e-01 -2.826489999999999836e-01 1.630340000000000122e-01 9.856260000000000021e-01 4.429059999999999941e-02 -2.050939999999999985e-01 -2.148529999999999884e-01 -8.346120000000000275e-03 9.766110000000000069e-01 9.961159999999999459e-02
9.617539999999999978e-01 -1.694319999999999993e-01 2.152260000000000006e-01 -2.821210000000000107e-01 1.645300000000000096e-01 9.855350000000000499e-01 4.062559999999999782e-02 -2.084890000000000077e-01 -2.189959999999999962e-01 -3.660699999999999805e-03 9.757190000000000030e-01 1.066549999999999998e-01
9.608489999999999531e-01 -1.690429999999999988e-01 2.195310000000000039e-01 -2.810759999999999925e-01 1.644579999999999931e-01 9.856070000000000109e-01 3.913450000000000262e-02 -2.115440000000000098e-01 -2.229869999999999908e-01 -1.498690000000000005e-03 9.748200000000000198e-01 1.090980000000000005e-01
9.595219999999999860e-01 -1.694990000000000108e-01 2.249160000000000048e-01 -2.795290000000000274e-01 1.643959999999999866e-01 9.855270000000000419e-01 4.136580000000000118e-02 -2.159999999999999976e-01 -2.286719999999999864e-01 -2.716029999999999920e-03 9.735000000000000320e-01 1.145309999999999939e-01
9.580870000000000219e-01 -1.694410000000000083e-01 2.309970000000000079e-01 -2.766520000000000090e-01 1.639670000000000016e-01 9.855350000000000499e-01 4.283889999999999920e-02 -2.212240000000000040e-01 -2.349140000000000117e-01 -3.167419999999999784e-03 9.720109999999999584e-01 1.221809999999999979e-01
9.562800000000000189e-01 -1.676529999999999965e-01 2.396290000000000087e-01 -2.753639999999999977e-01 1.620489999999999986e-01 9.858430000000000248e-01 4.304530000000000162e-02 -2.245659999999999878e-01 -2.434530000000000027e-01 -2.331689999999999978e-03 9.699100000000000499e-01 1.269969999999999988e-01
9.543399999999999661e-01 -1.652879999999999905e-01 2.488269999999999926e-01 -2.747479999999999922e-01 1.588070000000000037e-01 9.862349999999999728e-01 4.604330000000000228e-02 -2.280739999999999990e-01 -2.530120000000000147e-01 -4.425550000000000317e-03 9.674530000000000074e-01 1.318080000000000085e-01
9.521009999999999751e-01 -1.654899999999999982e-01 2.571330000000000005e-01 -2.733700000000000019e-01 1.574170000000000014e-01 9.861720000000000486e-01 5.182130000000000070e-02 -2.315079999999999916e-01 -2.621530000000000249e-01 -8.862049999999999789e-03 9.649860000000000104e-01 1.376620000000000066e-01
9.492920000000000247e-01 -1.685800000000000076e-01 2.653789999999999760e-01 -2.744320000000000093e-01 1.593650000000000067e-01 9.856279999999999486e-01 5.604379999999999779e-02 -2.372819999999999929e-01 -2.710130000000000039e-01 -1.090980000000000075e-02 9.625139999999999807e-01 1.447440000000000115e-01
9.469269999999999632e-01 -1.735470000000000068e-01 2.705759999999999832e-01 -2.741310000000000136e-01 1.637200000000000044e-01 9.847609999999999975e-01 5.865660000000000318e-02 -2.424550000000000038e-01 -2.766319999999999890e-01 -1.124469999999999983e-02 9.609100000000000419e-01 1.491699999999999970e-01
9.440509999999999735e-01 -1.796399999999999941e-01 2.765799999999999925e-01 -2.746489999999999765e-01 1.694350000000000023e-01 9.836780000000000523e-01 6.056949999999999834e-02 -2.473049999999999971e-01 -2.829470000000000041e-01 -1.031840000000000014e-02 9.590800000000000436e-01 1.561109999999999998e-01
9.415719999999999645e-01 -1.853160000000000085e-01 2.812490000000000268e-01 -2.747729999999999895e-01 1.749189999999999912e-01 9.826369999999999827e-01 6.186649999999999788e-02 -2.527190000000000270e-01 -2.878299999999999748e-01 -9.056039999999999576e-03 9.576390000000000180e-01 1.612639999999999907e-01
9.395670000000000410e-01 -1.896849999999999925e-01 2.850130000000000163e-01 -2.752370000000000094e-01 1.793339999999999934e-01 9.818170000000000508e-01 6.224339999999999734e-02 -2.602709999999999746e-01 -2.916369999999999796e-01 -7.369370000000000087e-03 9.565010000000000456e-01 1.664440000000000086e-01
9.385430000000000161e-01 -1.891180000000000083e-01 2.887419999999999987e-01 -2.750969999999999804e-01 1.802050000000000041e-01 9.819529999999999648e-01 5.740159999999999707e-02 -2.652680000000000038e-01 -2.943870000000000098e-01 -1.840939999999999894e-03 9.556839999999999780e-01 1.738679999999999948e-01
9.374909999999999632e-01 -1.879909999999999914e-01 2.928649999999999864e-01 -2.747189999999999910e-01 1.803669999999999995e-01 9.821659999999999835e-01 5.307980000000000337e-02 -2.713769999999999794e-01 -2.976199999999999957e-01 3.061340000000000068e-03 9.546790000000000553e-01 1.799159999999999926e-01
9.358630000000000004e-01 -1.882310000000000094e-01 2.978759999999999741e-01 -2.755119999999999791e-01 1.822989999999999888e-01 9.820790000000000353e-01 4.784329999999999833e-02 -2.759679999999999911e-01 -3.015430000000000055e-01 9.527719999999999939e-03 9.534049999999999470e-01 1.850499999999999923e-01
9.342669999999999586e-01 -1.902689999999999937e-01 3.015680000000000027e-01 -2.757000000000000006e-01 1.853430000000000077e-01 9.816359999999999530e-01 4.514640000000000319e-02 -2.805279999999999996e-01 -3.046200000000000019e-01 1.371469999999999981e-02 9.523749999999999716e-01 1.915239999999999998e-01
9.326680000000000526e-01 -1.932000000000000106e-01 3.046369999999999911e-01 -2.757830000000000004e-01 1.893799999999999928e-01 9.809909999999999464e-01 4.233939999999999926e-02 -2.862999999999999989e-01 -3.070260000000000211e-01 1.820369999999999974e-02 9.515270000000000117e-01 1.973040000000000072e-01
9.316389999999999949e-01 -1.933449999999999891e-01 3.076789999999999803e-01 -2.780960000000000099e-01 1.906720000000000081e-01 9.808769999999999989e-01 3.903369999999999757e-02 -2.910960000000000214e-01 -3.093420000000000059e-01 2.230040000000000147e-02 9.506890000000000063e-01 2.034950000000000092e-01
9.313639999999999697e-01 -1.934480000000000088e-01 3.084470000000000267e-01 -2.773430000000000062e-01 1.922439999999999982e-01 9.807369999999999699e-01 3.460099999999999981e-02 -2.971690000000000165e-01 -3.091990000000000016e-01 2.707100000000000131e-02 9.506120000000000125e-01 2.101190000000000002e-01
9.308809999999999585e-01 -1.922049999999999870e-01 3.106729999999999769e-01 -2.782510000000000261e-01 1.930350000000000121e-01 9.807810000000000139e-01 2.838490000000000110e-02 -2.971520000000000272e-01 -3.101579999999999893e-01 3.354769999999999974e-02 9.500929999999999653e-01 2.125529999999999919e-01
9.293599999999999639e-01 -1.960800000000000043e-01 3.127969999999999917e-01 -2.801969999999999739e-01 1.965800000000000047e-01 9.800200000000000022e-01 3.027260000000000020e-02 -3.000650000000000261e-01 -3.124830000000000108e-01 3.335540000000000033e-02 9.493369999999999864e-01 2.187729999999999952e-01
9.279530000000000278e-01 -2.022789999999999866e-01 3.130290000000000017e-01 -2.803669999999999773e-01 2.028729999999999978e-01 9.787130000000000551e-01 3.104289999999999827e-02 -3.045010000000000217e-01 -3.126450000000000062e-01 3.469860000000000305e-02 9.492359999999999687e-01 2.225900000000000101e-01
9.272190000000000154e-01 -2.061880000000000102e-01 3.126510000000000122e-01 -2.810190000000000188e-01 2.068770000000000053e-01 9.778639999999999555e-01 3.135690000000000005e-02 -3.077889999999999793e-01 -3.121950000000000003e-01 3.560549999999999826e-02 9.493500000000000272e-01 2.259349999999999969e-01
9.268979999999999997e-01 -2.091240000000000043e-01 3.116539999999999866e-01 -2.808329999999999993e-01 2.095650000000000013e-01 9.772549999999999848e-01 3.247799999999999992e-02 -3.118460000000000121e-01 -3.113569999999999949e-01 3.520790000000000031e-02 9.496409999999999574e-01 2.297069999999999945e-01
9.264170000000000460e-01 -2.111290000000000111e-01 3.117309999999999803e-01 -2.806779999999999831e-01 2.116129999999999955e-01 9.768069999999999808e-01 3.269060000000000021e-02 -3.168380000000000085e-01 -3.114029999999999854e-01 3.568120000000000319e-02 9.496080000000000076e-01 2.351040000000000074e-01
9.257609999999999451e-01 -2.133710000000000051e-01 3.121530000000000138e-01 -2.815980000000000150e-01 2.150120000000000087e-01 9.761630000000000029e-01 2.958660000000000109e-02 -3.213449999999999918e-01 -3.110260000000000247e-01 3.972649999999999793e-02 9.495710000000000539e-01 2.391860000000000097e-01
9.255489999999999551e-01 -2.135499999999999898e-01 3.126579999999999915e-01 -2.844760000000000066e-01 2.163760000000000128e-01 9.759619999999999962e-01 2.606580000000000008e-02 -3.240160000000000262e-01 -3.107090000000000130e-01 4.352639999999999981e-02 9.495080000000000187e-01 2.415219999999999867e-01
9.256370000000000431e-01 -2.139459999999999973e-01 3.121280000000000165e-01 -2.850139999999999896e-01 2.173390000000000044e-01 9.757930000000000215e-01 2.431540000000000090e-02 -3.279079999999999773e-01 -3.097750000000000226e-01 4.533050000000000274e-02 9.497290000000000454e-01 2.452979999999999883e-01
9.255769999999999831e-01 -2.139399999999999913e-01 3.123079999999999745e-01 -2.857180000000000275e-01 2.184069999999999900e-01 9.756310000000000260e-01 2.104999999999999927e-02 -3.302100000000000035e-01 -3.092010000000000036e-01 4.872689999999999660e-02 9.497480000000000366e-01 2.461720000000000019e-01
9.250530000000000141e-01 -2.118150000000000033e-01 3.152960000000000207e-01 -2.877049999999999885e-01 2.167930000000000135e-01 9.760199999999999987e-01 1.963480000000000086e-02 -3.302860000000000240e-01 -3.118940000000000046e-01 5.019060000000000188e-02 9.487900000000000222e-01 2.474050000000000138e-01
9.243369999999999642e-01 -2.110480000000000134e-01 3.178980000000000139e-01 -2.889669999999999739e-01 2.160199999999999898e-01 9.761849999999999694e-01 1.996370000000000089e-02 -3.327890000000000015e-01 -3.145399999999999863e-01 5.021910000000000263e-02 9.479149999999999521e-01 2.509910000000000196e-01
9.239119999999999555e-01 -2.084469999999999934e-01 3.208369999999999833e-01 -2.911420000000000119e-01 2.142789999999999973e-01 9.766169999999999574e-01 1.744880000000000042e-02 -3.325049999999999950e-01 -3.169719999999999760e-01 5.262750000000000067e-02 9.469739999999999824e-01 2.515990000000000171e-01
9.232700000000000351e-01 -2.055770000000000097e-01 3.245169999999999999e-01 -2.938430000000000208e-01 2.112509999999999943e-01 9.772650000000000503e-01 1.806160000000000057e-02 -3.333800000000000097e-01 -3.208520000000000261e-01 5.187880000000000269e-02 9.457069999999999643e-01 2.546249999999999902e-01
9.223149999999999959e-01 -2.040839999999999876e-01 3.281529999999999725e-01 -2.963629999999999876e-01 2.104360000000000119e-01 9.774690000000000323e-01 1.644670000000000160e-02 -3.346910000000000163e-01 -3.241160000000000152e-01 5.388620000000000215e-02 9.444810000000000150e-01 2.588110000000000133e-01
9.219410000000000105e-01 -1.996970000000000134e-01 3.318809999999999816e-01 -2.992940000000000045e-01 2.068159999999999998e-01 9.782779999999999809e-01 1.412320000000000068e-02 -3.350589999999999957e-01 -3.274920000000000053e-01 5.561750000000000027e-02 9.432160000000000544e-01 2.600100000000000189e-01
9.209889999999999466e-01 -1.957939999999999958e-01 3.368140000000000023e-01 -3.027320000000000011e-01 2.031030000000000058e-01 9.790600000000000414e-01 1.377229999999999947e-02 -3.344349999999999823e-01 -3.324579999999999758e-01 5.572400000000000270e-02 9.414700000000000291e-01 2.623570000000000069e-01
9.189549999999999663e-01 -1.960260000000000058e-01 3.421919999999999962e-01 -3.045490000000000141e-01 2.033470000000000000e-01 9.789959999999999773e-01 1.473499999999999983e-02 -3.374510000000000010e-01 -3.378929999999999989e-01 5.604289999999999966e-02 9.395139999999999603e-01 2.650529999999999831e-01
9.165480000000000294e-01 -1.950040000000000107e-01 3.491609999999999991e-01 -3.091099999999999959e-01 2.032609999999999972e-01 9.790349999999999886e-01 1.322319999999999919e-02 -3.378650000000000264e-01 -3.444189999999999752e-01 5.885119999999999935e-02 9.369699999999999696e-01 2.658269999999999800e-01
9.127950000000000230e-01 -1.970089999999999897e-01 3.577620000000000244e-01 -3.122960000000000180e-01 2.052339999999999998e-01 9.785939999999999639e-01 1.524720000000000068e-02 -3.372339999999999782e-01 -3.531079999999999774e-01 5.950740000000000196e-02 9.336879999999999624e-01 2.685649999999999982e-01
9.080040000000000333e-01 -2.019150000000000111e-01 3.670950000000000046e-01 -3.149739999999999762e-01 2.106020000000000114e-01 9.774289999999999923e-01 1.669730000000000172e-02 -3.396980000000000000e-01 -3.621800000000000019e-01 6.214970000000000216e-02 9.300340000000000273e-01 2.702140000000000097e-01
9.032949999999999591e-01 -2.030510000000000093e-01 3.779270000000000129e-01 -3.225129999999999941e-01 2.129230000000000012e-01 9.769379999999999731e-01 1.597089999999999968e-02 -3.373650000000000260e-01 -3.724549999999999805e-01 6.604290000000000160e-02 9.256969999999999921e-01 2.712370000000000059e-01
