1.000000000000000000e+00 -1.263580000000000048e-22 2.827470000000000126e-22 6.369890000000000267e-23 1.263580000000000048e-22 1.000000000000000000e+00 -1.012389999999999968e-22 2.124259999999999881e-23 -2.827470000000000126e-22 1.012389999999999968e-22 1.000000000000000000e+00 -8.861899999999999502e-23
1.000000000000000000e+00 -8.779519999999999859e-04 2.613250000000000230e-04 -2.742800000000000099e-03 8.780269999999999742e-04 1.000000000000000000e+00 -2.891920000000000189e-04 7.728760000000000317e-04 -2.610709999999999810e-04 2.894209999999999925e-04 1.000000000000000000e+00 -3.422000000000000128e-03
9.999989999999999712e-01 -1.259530000000000025e-03 7.418550000000000318e-04 -3.942479999999999943e-03 1.260250000000000085e-03 9.999989999999999712e-01 -9.755179999999999798e-04 6.138800000000000246e-04 -7.406249999999999639e-04 9.764520000000000491e-04 9.999989999999999712e-01 -4.903509999999999813e-03
9.999959999999999960e-01 2.898929999999999975e-04 2.691910000000000049e-03 -5.568960000000000403e-03 -2.898530000000000182e-04 1.000000000000000000e+00 -1.493489999999999994e-05 -1.156960000000000063e-03 -2.691910000000000049e-03 1.415459999999999997e-05 9.999959999999999960e-01 -8.289639999999999162e-03
9.999970000000000248e-01 6.275809999999999939e-04 2.526140000000000069e-03 -6.611449999999999619e-03 -6.292789999999999495e-04 1.000000000000000000e+00 6.711819999999999852e-04 -7.044799999999999500e-04 -2.525710000000000021e-03 -6.727700000000000520e-04 9.999970000000000248e-01 -7.970259999999999845e-03
9.999940000000000495e-01 2.649279999999999951e-03 2.414420000000000021e-03 -7.166900000000000354e-03 -2.653519999999999924e-03 9.999949999999999672e-01 1.751960000000000106e-03 -2.596390000000000069e-03 -2.409769999999999881e-03 -1.758360000000000044e-03 9.999959999999999960e-01 -9.488840000000000122e-03
9.999930000000000208e-01 2.576489999999999857e-03 2.813729999999999964e-03 -6.722040000000000307e-03 -2.576719999999999792e-03 9.999970000000000248e-01 8.017289999999999942e-05 -1.007179999999999935e-04 -2.813509999999999969e-03 -8.742249999999999858e-05 9.999959999999999960e-01 -1.079169999999999956e-02
9.999879999999999880e-01 3.238350000000000083e-03 3.645600000000000143e-03 -6.726189999999999947e-03 -3.249099999999999992e-03 9.999900000000000455e-01 2.944720000000000063e-03 -2.056629999999999830e-03 -3.636030000000000165e-03 -2.956530000000000182e-03 9.999890000000000168e-01 -1.065059999999999965e-02
9.999799999999999800e-01 3.026730000000000045e-03 5.507129999999999838e-03 -5.948349999999999818e-03 -3.049650000000000104e-03 9.999869999999999592e-01 4.157899999999999964e-03 -2.394949999999999857e-03 -5.494470000000000430e-03 -4.174609999999999606e-03 9.999759999999999760e-01 -9.674729999999999441e-03
9.999740000000000295e-01 2.916460000000000059e-03 6.570829999999999727e-03 -6.344950000000000243e-03 -2.944930000000000117e-03 9.999860000000000415e-01 4.327629999999999845e-03 -1.047329999999999962e-03 -6.558119999999999748e-03 -4.346870000000000074e-03 9.999689999999999968e-01 -9.139309999999999448e-03
9.999679999999999680e-01 2.622090000000000098e-03 7.577730000000000403e-03 -7.915909999999999960e-03 -2.671820000000000098e-03 9.999749999999999472e-01 6.559899999999999586e-03 -3.739010000000000077e-03 -7.560339999999999595e-03 -6.579940000000000268e-03 9.999500000000000055e-01 -1.191700000000000051e-02
9.999580000000000135e-01 1.868190000000000042e-03 8.986120000000000219e-03 -1.084910000000000041e-02 -1.934320000000000006e-03 9.999710000000000543e-01 7.356040000000000322e-03 -5.204669999999999783e-03 -8.972120000000000095e-03 -7.373120000000000368e-03 9.999329999999999607e-01 -1.713910000000000086e-02
9.999670000000000503e-01 1.085000000000000027e-03 8.025169999999999873e-03 -1.068900000000000058e-02 -1.155030000000000032e-03 9.999609999999999888e-01 8.726539999999999644e-03 -6.979019999999999842e-03 -8.015390000000000709e-03 -8.735530000000000031e-03 9.999299999999999855e-01 -1.614370000000000041e-02
9.999740000000000295e-01 2.559259999999999834e-03 6.746140000000000296e-03 -1.248089999999999963e-02 -2.611050000000000176e-03 9.999670000000000503e-01 7.679880000000000040e-03 -7.700720000000000308e-03 -6.726260000000000398e-03 -7.697289999999999861e-03 9.999479999999999480e-01 -1.691379999999999967e-02
9.999719999999999720e-01 4.790019999999999868e-03 5.765900000000000018e-03 -1.264200000000000046e-02 -4.827090000000000027e-03 9.999679999999999680e-01 6.432049999999999920e-03 -8.863390000000000504e-03 -5.734910000000000181e-03 -6.459699999999999644e-03 9.999630000000000463e-01 -1.814119999999999969e-02
9.999639999999999640e-01 6.828429999999999916e-03 5.072789999999999765e-03 -1.263569999999999971e-02 -6.853760000000000407e-03 9.999639999999999640e-01 4.991469999999999588e-03 -8.601559999999999415e-03 -5.038520000000000325e-03 -5.026049999999999789e-03 9.999749999999999472e-01 -1.814129999999999909e-02
9.999470000000000303e-01 8.934990000000000293e-03 5.040280000000000281e-03 -1.464279999999999922e-02 -8.955420000000000394e-03 9.999519999999999520e-01 4.047320000000000084e-03 -1.084650000000000024e-02 -5.003869999999999672e-03 -4.092239999999999593e-03 9.999789999999999512e-01 -1.813149999999999831e-02
9.999379999999999935e-01 1.072080000000000082e-02 3.008620000000000044e-03 -1.470879999999999931e-02 -1.073050000000000045e-02 9.999369999999999647e-01 3.212759999999999835e-03 -1.046150000000000031e-02 -2.973990000000000140e-03 -3.244850000000000078e-03 9.999900000000000455e-01 -2.092950000000000019e-02
9.999149999999999983e-01 1.290220000000000082e-02 1.724070000000000073e-03 -1.288820000000000070e-02 -1.291040000000000069e-02 9.999050000000000438e-01 4.801019999999999593e-03 -9.899140000000000716e-03 -1.661960000000000087e-03 -4.822879999999999875e-03 9.999869999999999592e-01 -1.968469999999999942e-02
9.999029999999999863e-01 1.344279999999999954e-02 3.661279999999999830e-03 -1.022140000000000028e-02 -1.346490000000000013e-02 9.998909999999999743e-01 6.086610000000000111e-03 -9.866770000000000401e-03 -3.579059999999999794e-03 -6.135319999999999663e-03 9.999749999999999472e-01 -1.863350000000000076e-02
9.998890000000000278e-01 1.276839999999999919e-02 7.717230000000000270e-03 -9.027959999999999804e-03 -1.281790000000000013e-02 9.998970000000000358e-01 6.400649999999999916e-03 -1.257690000000000023e-02 -7.634710000000000281e-03 -6.498860000000000400e-03 9.999500000000000055e-01 -1.613550000000000054e-02
9.998879999999999990e-01 1.033210000000000031e-02 1.087250000000000022e-02 -7.363930000000000302e-03 -1.040660000000000023e-02 9.999230000000000063e-01 6.820119999999999828e-03 -1.440130000000000056e-02 -1.080120000000000038e-02 -6.932500000000000294e-03 9.999179999999999735e-01 -2.015859999999999874e-02
9.998810000000000198e-01 6.648850000000000419e-03 1.394330000000000049e-02 -8.073179999999999246e-03 -6.766399999999999672e-03 9.999419999999999975e-01 8.399939999999999837e-03 -1.647389999999999965e-02 -1.388670000000000009e-02 -8.493280000000000621e-03 9.998679999999999790e-01 -2.158739999999999964e-02
9.998799999999999910e-01 4.477889999999999995e-03 1.485030000000000031e-02 -8.028979999999999798e-03 -4.604510000000000026e-03 9.999529999999999808e-01 8.503419999999999382e-03 -1.919900000000000079e-02 -1.481150000000000001e-02 -8.570770000000000124e-03 9.998540000000000205e-01 -2.276009999999999839e-02
9.998829999999999663e-01 5.946459999999999767e-03 1.411860000000000025e-02 -6.710879999999999797e-03 -6.046870000000000196e-03 9.999569999999999848e-01 7.079620000000000010e-03 -1.896909999999999916e-02 -1.407590000000000056e-02 -7.164170000000000087e-03 9.998749999999999583e-01 -2.402589999999999934e-02
9.998510000000000453e-01 9.619630000000000541e-03 1.430350000000000024e-02 -5.647509999999999683e-03 -9.723990000000000064e-03 9.999259999999999815e-01 7.244020000000000320e-03 -1.892440000000000094e-02 -1.423269999999999917e-02 -7.382030000000000362e-03 9.998709999999999543e-01 -2.632999999999999924e-02
9.997800000000000020e-01 1.362219999999999924e-02 1.593340000000000034e-02 -5.268010000000000054e-03 -1.378530000000000033e-02 9.998529999999999918e-01 1.017159999999999939e-02 -1.976409999999999972e-02 -1.579250000000000098e-02 -1.038900000000000066e-02 9.998209999999999598e-01 -2.555030000000000148e-02
9.997249999999999748e-01 1.312020000000000026e-02 1.942289999999999989e-02 -4.379850000000000236e-03 -1.333389999999999923e-02 9.998519999999999630e-01 1.091540000000000045e-02 -1.981159999999999866e-02 -1.927680000000000018e-02 -1.117139999999999973e-02 9.997519999999999740e-01 -2.447550000000000073e-02
9.996819999999999595e-01 9.340980000000000463e-03 2.343740000000000059e-02 -4.031530000000000183e-03 -9.643580000000000554e-03 9.998709999999999543e-01 1.283119999999999920e-02 -2.150229999999999850e-02 -2.331460000000000130e-02 -1.305309999999999977e-02 9.996429999999999483e-01 -2.464699999999999877e-02
9.996080000000000521e-01 8.672579999999999179e-03 2.661149999999999974e-02 -3.402459999999999946e-03 -9.093739999999999463e-03 9.998350000000000293e-01 1.574640000000000067e-02 -2.182939999999999880e-02 -2.647050000000000097e-02 -1.598219999999999849e-02 9.995220000000000216e-01 -2.582910000000000067e-02
9.995199999999999640e-01 9.394009999999999513e-03 2.950830000000000120e-02 -3.600780000000000040e-03 -9.931580000000000616e-03 9.997859999999999525e-01 1.812400000000000122e-02 -2.318399999999999975e-02 -2.933169999999999875e-02 -1.840839999999999838e-02 9.993999999999999551e-01 -2.519209999999999852e-02
9.994699999999999696e-01 1.007219999999999990e-02 3.095099999999999935e-02 -2.976710000000000033e-03 -1.068309999999999919e-02 9.997500000000000275e-01 1.963700000000000168e-02 -2.755389999999999923e-02 -3.074549999999999852e-02 -1.995720000000000133e-02 9.993279999999999941e-01 -2.735749999999999987e-02
9.993969999999999798e-01 9.572600000000000553e-03 3.336259999999999920e-02 -4.096680000000000113e-03 -1.026209999999999969e-02 9.997359999999999580e-01 2.055720000000000117e-02 -2.755060000000000148e-02 -3.315710000000000185e-02 -2.088720000000000160e-02 9.992320000000000091e-01 -2.991339999999999971e-02
9.993739999999999846e-01 8.216100000000000486e-03 3.439919999999999783e-02 -5.018940000000000380e-03 -9.058729999999999213e-03 9.996610000000000218e-01 2.441190000000000027e-02 -3.025330000000000033e-02 -3.418700000000000211e-02 -2.470829999999999901e-02 9.991100000000000536e-01 -3.042620000000000047e-02
9.993870000000000253e-01 8.553049999999999542e-03 3.394509999999999889e-02 -5.353150000000000096e-03 -9.419490000000000848e-03 9.996319999999999650e-01 2.544729999999999909e-02 -3.104820000000000149e-02 -3.371489999999999904e-02 -2.575150000000000008e-02 9.990999999999999881e-01 -2.898299999999999835e-02
9.993429999999999813e-01 8.629960000000000755e-03 3.518829999999999875e-02 -6.756510000000000293e-03 -9.572610000000000494e-03 9.995969999999999578e-01 2.670900000000000010e-02 -3.162670000000000065e-02 -3.494359999999999827e-02 -2.702830000000000163e-02 9.990240000000000231e-01 -2.944300000000000042e-02
9.992849999999999788e-01 8.076130000000000808e-03 3.692659999999999693e-02 -9.424659999999999635e-03 -9.161159999999999790e-03 9.995279999999999720e-01 2.930920000000000053e-02 -3.341890000000000138e-02 -3.667249999999999677e-02 -2.962659999999999946e-02 9.988879999999999981e-01 -3.075949999999999865e-02
9.992100000000000426e-01 5.908250000000000307e-03 3.931029999999999941e-02 -1.085440000000000016e-02 -7.182680000000000314e-03 9.994509999999999783e-01 3.235790000000000194e-02 -3.586509999999999698e-02 -3.909760000000000318e-02 -3.261460000000000053e-02 9.987030000000000074e-01 -2.818800000000000125e-02
9.990830000000000544e-01 3.673650000000000092e-03 4.264980000000000160e-02 -1.237549999999999935e-02 -5.068360000000000053e-03 9.994539999999999536e-01 3.263970000000000066e-02 -3.980100000000000304e-02 -4.250659999999999855e-02 -3.282589999999999814e-02 9.985570000000000279e-01 -2.547639999999999974e-02
9.989209999999999479e-01 2.356899999999999881e-03 4.637870000000000187e-02 -1.516280000000000058e-02 -3.794370000000000034e-03 9.995140000000000136e-01 3.093049999999999966e-02 -4.192970000000000030e-02 -4.628319999999999657e-02 -3.107319999999999874e-02 9.984450000000000269e-01 -2.421999999999999847e-02
9.986840000000000162e-01 1.394370000000000028e-03 5.127389999999999726e-02 -1.975659999999999916e-02 -2.960420000000000065e-03 9.995309999999999473e-01 3.047940000000000024e-02 -4.430270000000000041e-02 -5.120740000000000014e-02 -3.059109999999999954e-02 9.982189999999999674e-01 -2.336550000000000085e-02
9.985770000000000479e-01 -1.142830000000000061e-03 5.331040000000000084e-02 -2.166310000000000111e-02 -4.933270000000000016e-04 9.995300000000000296e-01 3.066800000000000082e-02 -4.751530000000000337e-02 -5.332030000000000103e-02 -3.065060000000000007e-02 9.981069999999999665e-01 -2.378670000000000090e-02
9.983969999999999789e-01 -3.338980000000000073e-03 5.649450000000000305e-02 -2.525519999999999848e-02 1.580040000000000004e-03 9.995129999999999848e-01 3.115089999999999873e-02 -5.056200000000000278e-02 -5.657109999999999916e-02 -3.101169999999999968e-02 9.979170000000000540e-01 -2.456349999999999853e-02
9.981640000000000512e-01 -5.891099999999999809e-03 6.027690000000000131e-02 -2.847380000000000050e-02 3.872270000000000139e-03 9.994290000000000118e-01 3.355480000000000268e-02 -5.312940000000000024e-02 -6.044009999999999661e-02 -3.325979999999999909e-02 9.976180000000000048e-01 -2.372109999999999844e-02
9.978580000000000227e-01 -7.907539999999999361e-03 6.493619999999999948e-02 -3.262840000000000185e-02 5.496520000000000399e-03 9.992919999999999581e-01 3.722410000000000302e-02 -5.577159999999999757e-02 -6.518459999999999532e-02 -3.678750000000000075e-02 9.971950000000000536e-01 -2.253020000000000023e-02
9.973999999999999533e-01 -1.284339999999999961e-02 7.090620000000000256e-02 -3.740630000000000344e-02 1.000249999999999924e-02 9.991389999999999993e-01 4.027619999999999811e-02 -6.069050000000000139e-02 -7.136240000000000638e-02 -3.946220000000000283e-02 9.966699999999999449e-01 -1.954749999999999890e-02
9.968939999999999468e-01 -1.798119999999999927e-02 7.667369999999999741e-02 -4.141809999999999936e-02 1.489200000000000072e-02 9.990609999999999769e-01 4.067409999999999776e-02 -6.394919999999999771e-02 -7.733310000000000184e-02 -3.940599999999999659e-02 9.962259999999999449e-01 -1.714929999999999927e-02
9.963140000000000329e-01 -2.287590000000000109e-02 8.268050000000000399e-02 -4.626979999999999982e-02 1.951800000000000063e-02 9.989599999999999591e-01 4.119520000000000126e-02 -6.969920000000000282e-02 -8.353689999999999727e-02 -3.942960000000000215e-02 9.957240000000000535e-01 -1.416420000000000005e-02
9.956679999999999975e-01 -2.788919999999999941e-02 8.870069999999999344e-02 -5.246320000000000150e-02 2.454709999999999878e-02 9.989550000000000374e-01 3.854919999999999874e-02 -7.508399999999999797e-02 -8.968310000000000171e-02 -3.620480000000000226e-02 9.953119999999999745e-01 -1.161240000000000015e-02
9.950020000000000531e-01 -3.136610000000000092e-02 9.479569999999999663e-02 -6.039939999999999892e-02 2.816690000000000166e-02 9.989940000000000486e-01 3.490059999999999690e-02 -7.730080000000000284e-02 -9.579500000000000515e-02 -3.205609999999999710e-02 9.948850000000000193e-01 -1.196030000000000010e-02
9.939719999999999667e-01 -3.064839999999999925e-02 1.052680000000000005e-01 -7.383820000000000661e-02 2.765019999999999978e-02 9.991729999999999778e-01 2.982440000000000091e-02 -7.174060000000000159e-02 -1.060949999999999949e-01 -2.673390000000000141e-02 9.939970000000000194e-01 2.502729999999999885e-03
9.934349999999999570e-01 -3.450059999999999932e-02 1.090710000000000013e-01 -8.255049999999999888e-02 3.100599999999999884e-02 9.989550000000000374e-01 3.357580000000000287e-02 -7.602699999999999736e-02 -1.101160000000000055e-01 -2.997350000000000014e-02 9.934669999999999890e-01 -1.169740000000000059e-03
9.929980000000000473e-01 -3.810020000000000073e-02 1.118190000000000017e-01 -8.473559999999999426e-02 3.402979999999999894e-02 9.986949999999999994e-01 3.808820000000000261e-02 -7.831009999999999360e-02 -1.131240000000000023e-01 -3.401640000000000219e-02 9.929980000000000473e-01 1.005959999999999971e-03
9.921459999999999724e-01 -4.082519999999999899e-02 1.182379999999999959e-01 -8.911639999999999839e-02 3.590089999999999948e-02 9.984089999999999909e-01 4.348339999999999844e-02 -8.073809999999999321e-02 -1.198250000000000010e-01 -3.889700000000000102e-02 9.920330000000000537e-01 3.368460000000000204e-03
9.907679999999999820e-01 -4.644360000000000155e-02 1.273630000000000040e-01 -9.631049999999999334e-02 4.030790000000000067e-02 9.979190000000000005e-01 5.033760000000000318e-02 -8.394250000000000322e-02 -1.294359999999999955e-01 -4.473919999999999980e-02 9.905779999999999585e-01 3.434480000000000172e-03
9.893739999999999757e-01 -5.394879999999999814e-02 1.350159999999999971e-01 -1.040459999999999996e-01 4.660539999999999822e-02 9.972870000000000346e-01 5.697329999999999756e-02 -8.953149999999999997e-02 -1.377240000000000131e-01 -5.007539999999999908e-02 9.892039999999999722e-01 6.739659999999999748e-03
9.881100000000000438e-01 -6.095980000000000149e-02 1.411469999999999947e-01 -1.111850000000000060e-01 5.316930000000000267e-02 9.968810000000000171e-01 5.832579999999999709e-02 -9.429170000000000607e-02 -1.442630000000000023e-01 -5.012769999999999726e-02 9.882689999999999531e-01 7.145979999999999693e-03
9.867740000000000400e-01 -6.870640000000000081e-02 1.468230000000000091e-01 -1.171320000000000000e-01 6.054879999999999984e-02 9.963999999999999524e-01 5.933059999999999723e-02 -9.789899999999999991e-02 -1.503710000000000047e-01 -4.965590000000000281e-02 9.873819999999999819e-01 5.865330000000000196e-03
9.848749999999999449e-01 -7.738180000000000058e-02 1.550259999999999971e-01 -1.243689999999999934e-01 6.843159999999999521e-02 9.957110000000000127e-01 6.226929999999999965e-02 -1.002559999999999979e-01 -1.591799999999999882e-01 -5.071869999999999851e-02 9.859459999999999891e-01 7.505480000000000138e-03
9.828559999999999519e-01 -8.622019999999999684e-02 1.629750000000000087e-01 -1.306239999999999901e-01 7.672130000000000616e-02 9.950139999999999540e-01 6.371809999999999974e-02 -1.055480000000000029e-01 -1.676559999999999995e-01 -5.012199999999999989e-02 9.845709999999999740e-01 9.028019999999999448e-03
9.810830000000000384e-01 -9.190929999999999933e-02 1.703790000000000027e-01 -1.382289999999999908e-01 8.243190000000000239e-02 9.946720000000000006e-01 6.190380000000000188e-02 -1.091020000000000045e-01 -1.751610000000000111e-01 -4.668819999999999915e-02 9.834319999999999729e-01 9.280480000000000673e-03
9.797479999999999523e-01 -9.617480000000000473e-02 1.756230000000000013e-01 -1.431999999999999940e-01 8.677479999999999916e-02 9.943920000000000536e-01 6.045860000000000123e-02 -1.111570000000000058e-01 -1.804520000000000013e-01 -4.399460000000000176e-02 9.825990000000000002e-01 6.395129999999999738e-03
9.781440000000000135e-01 -1.000869999999999954e-01 1.822539999999999993e-01 -1.488589999999999913e-01 9.035340000000000038e-02 9.940419999999999812e-01 6.096830000000000305e-02 -1.121140000000000053e-01 -1.872699999999999920e-01 -4.316860000000000142e-02 9.813589999999999813e-01 6.386410000000000350e-03
9.758900000000000352e-01 -1.054930000000000034e-01 1.910739999999999938e-01 -1.552510000000000001e-01 9.529150000000000120e-02 9.935270000000000490e-01 6.184019999999999795e-02 -1.160479999999999984e-01 -1.963610000000000078e-01 -4.214160000000000128e-02 9.796259999999999968e-01 8.712750000000000009e-03
9.738830000000000542e-01 -1.095069999999999932e-01 1.988969999999999905e-01 -1.613219999999999932e-01 9.953529999999999323e-02 9.932539999999999702e-01 5.949240000000000084e-02 -1.189360000000000001e-01 -2.040700000000000014e-01 -3.814139999999999892e-02 9.782129999999999992e-01 8.985740000000000741e-03
9.723230000000000484e-01 -1.128730000000000011e-01 2.045690000000000008e-01 -1.663179999999999936e-01 1.030930000000000041e-01 9.929860000000000353e-01 5.788859999999999839e-02 -1.209790000000000032e-01 -2.096679999999999933e-01 -3.519690000000000318e-02 9.771389999999999798e-01 6.834090000000000130e-03
9.705420000000000158e-01 -1.167310000000000014e-01 2.107640000000000069e-01 -1.743679999999999952e-01 1.066949999999999982e-01 9.925739999999999563e-01 5.841489999999999877e-02 -1.235630000000000062e-01 -2.160179999999999878e-01 -3.420669999999999961e-02 9.757900000000000462e-01 6.035569999999999651e-03
9.689659999999999940e-01 -1.208100000000000007e-01 2.156629999999999936e-01 -1.818319999999999936e-01 1.108050000000000007e-01 9.921520000000000339e-01 5.793809999999999932e-02 -1.265989999999999893e-01 -2.209699999999999998e-01 -3.224339999999999845e-02 9.747470000000000301e-01 8.199530000000000013e-03
9.678299999999999681e-01 -1.243579999999999963e-01 2.187230000000000008e-01 -1.889029999999999876e-01 1.151200000000000001e-01 9.918529999999999847e-01 5.453920000000000295e-02 -1.279839999999999867e-01 -2.237230000000000052e-01 -2.760539999999999869e-02 9.742619999999999614e-01 7.342620000000000223e-03
9.666970000000000285e-01 -1.280620000000000092e-01 2.215769999999999962e-01 -1.969400000000000039e-01 1.191510000000000069e-01 9.914509999999999712e-01 5.318400000000000211e-02 -1.292510000000000048e-01 -2.264929999999999999e-01 -2.501170000000000129e-02 9.736920000000000019e-01 7.795559999999999989e-03
9.663899999999999713e-01 -1.305439999999999934e-01 2.214679999999999982e-01 -2.029690000000000105e-01 1.218199999999999977e-01 9.911539999999999795e-01 5.266490000000000060e-02 -1.321309999999999985e-01 -2.263840000000000019e-01 -2.391549999999999926e-02 9.737440000000000540e-01 7.086839999999999633e-03
9.660119999999999818e-01 -1.319839999999999902e-01 2.222629999999999884e-01 -2.111820000000000086e-01 1.232449999999999934e-01 9.909700000000000175e-01 5.280479999999999896e-02 -1.354339999999999988e-01 -2.272260000000000113e-01 -2.361730000000000079e-02 9.735559999999999770e-01 8.571730000000000278e-04
9.659590000000000121e-01 -1.316319999999999990e-01 2.227010000000000101e-01 -2.183980000000000088e-01 1.231619999999999937e-01 9.910459999999999825e-01 5.156609999999999666e-02 -1.342430000000000012e-01 -2.274950000000000028e-01 -2.238249999999999962e-02 9.735219999999999985e-01 1.059500000000000003e-04
9.658060000000000533e-01 -1.323060000000000069e-01 2.229649999999999965e-01 -2.257180000000000020e-01 1.235959999999999975e-01 9.909350000000000103e-01 5.264250000000000179e-02 -1.355059999999999876e-01 -2.279090000000000005e-01 -2.328500000000000014e-02 9.734040000000000470e-01 -1.223209999999999966e-03
9.661260000000000403e-01 -1.325540000000000052e-01 2.214260000000000117e-01 -2.321489999999999942e-01 1.237879999999999953e-01 9.908890000000000198e-01 5.306990000000000318e-02 -1.391439999999999899e-01 -2.264440000000000064e-01 -2.386229999999999948e-02 9.737320000000000420e-01 -1.694299999999999929e-03
9.665519999999999667e-01 -1.324039999999999939e-01 2.196490000000000109e-01 -2.386260000000000048e-01 1.243549999999999933e-01 9.909700000000000175e-01 5.013839999999999963e-02 -1.399360000000000048e-01 -2.243040000000000034e-01 -2.114689999999999973e-02 9.742899999999999894e-01 -1.408069999999999981e-03
9.672659999999999592e-01 -1.324619999999999964e-01 2.164490000000000025e-01 -2.423399999999999999e-01 1.251770000000000105e-01 9.910160000000000080e-01 4.708679999999999810e-02 -1.400770000000000071e-01 -2.207409999999999928e-01 -1.845110000000000153e-02 9.751579999999999693e-01 -1.325519999999999953e-03
9.680189999999999628e-01 -1.312909999999999910e-01 2.137799999999999978e-01 -2.458370000000000000e-01 1.243540000000000062e-01 9.911879999999999580e-01 4.563969999999999833e-02 -1.423349999999999893e-01 -2.178879999999999983e-01 -1.759559999999999944e-02 9.758149999999999880e-01 -3.443840000000000096e-03
9.681950000000000278e-01 -1.313769999999999938e-01 2.129300000000000082e-01 -2.497280000000000055e-01 1.245160000000000017e-01 9.911790000000000322e-01 4.537809999999999760e-02 -1.439880000000000049e-01 -2.170140000000000124e-01 -1.742140000000000008e-02 9.760130000000000194e-01 -6.396000000000000426e-04
9.687529999999999752e-01 -1.315870000000000095e-01 2.102420000000000122e-01 -2.532460000000000266e-01 1.251369999999999982e-01 9.911739999999999995e-01 4.375090000000000229e-02 -1.464370000000000116e-01 -2.141440000000000010e-01 -1.607470000000000079e-02 9.766700000000000381e-01 6.225449999999999560e-04
9.694789999999999797e-01 -1.313560000000000005e-01 2.070180000000000076e-01 -2.580419999999999936e-01 1.252439999999999942e-01 9.912189999999999612e-01 4.241749999999999687e-02 -1.467479999999999896e-01 -2.107719999999999871e-01 -1.519500000000000017e-02 9.774169999999999803e-01 1.114820000000000090e-03
9.694770000000000332e-01 -1.335510000000000030e-01 2.056169999999999942e-01 -2.635520000000000085e-01 1.269720000000000015e-01 9.908879999999999910e-01 4.492879999999999791e-02 -1.500350000000000017e-01 -2.097440000000000138e-01 -1.744990000000000083e-02 9.776010000000000533e-01 3.508189999999999898e-04
9.698449999999999571e-01 -1.350860000000000116e-01 2.028600000000000125e-01 -2.628139999999999921e-01 1.285650000000000126e-01 9.906770000000000298e-01 4.505100000000000077e-02 -1.523190000000000099e-01 -2.070539999999999881e-01 -1.761189999999999978e-02 9.781710000000000127e-01 5.909369999999999727e-03
9.698039999999999994e-01 -1.365959999999999952e-01 2.020460000000000034e-01 -2.641149999999999887e-01 1.303799999999999959e-01 9.904950000000000143e-01 4.382470000000000115e-02 -1.557499999999999996e-01 -2.061109999999999887e-01 -1.615859999999999866e-02 9.783950000000000147e-01 7.783680000000000286e-03
9.694559999999999844e-01 -1.386259999999999992e-01 2.023330000000000128e-01 -2.662939999999999752e-01 1.326209999999999889e-01 9.902330000000000298e-01 4.300860000000000100e-02 -1.594879999999999909e-01 -2.063190000000000024e-01 -1.486129999999999916e-02 9.783720000000000194e-01 1.084760000000000064e-02
9.692129999999999912e-01 -1.408889999999999865e-01 2.019330000000000014e-01 -2.663699999999999957e-01 1.354219999999999868e-01 9.899510000000000254e-01 4.070929999999999688e-02 -1.620580000000000076e-01 -2.056399999999999895e-01 -1.210969999999999928e-02 9.785530000000000062e-01 1.448359999999999925e-02
9.687559999999999505e-01 -1.437740000000000129e-01 2.020899999999999919e-01 -2.682530000000000192e-01 1.382909999999999973e-01 9.895399999999999752e-01 4.107149999999999690e-02 -1.665770000000000028e-01 -2.058810000000000084e-01 -1.184100000000000083e-02 9.785049999999999581e-01 1.722529999999999895e-02
9.685070000000000068e-01 -1.461560000000000081e-01 2.015760000000000052e-01 -2.682910000000000017e-01 1.408750000000000002e-01 9.892039999999999722e-01 4.037999999999999923e-02 -1.688409999999999911e-01 -2.053020000000000123e-01 -1.071129999999999999e-02 9.786399999999999544e-01 2.007300000000000056e-02
9.679170000000000273e-01 -1.490390000000000048e-01 2.022970000000000046e-01 -2.682490000000000152e-01 1.432060000000000000e-01 9.887470000000000425e-01 4.325350000000000028e-02 -1.731659999999999866e-01 -2.064670000000000116e-01 -1.289569999999999952e-02 9.783690000000000442e-01 2.431919999999999915e-02
9.671640000000000237e-01 -1.517900000000000083e-01 2.038470000000000004e-01 -2.664549999999999974e-01 1.456439999999999957e-01 9.883170000000000011e-01 4.491030000000000022e-02 -1.798039999999999916e-01 -2.082819999999999949e-01 -1.374659999999999944e-02 9.779719999999999525e-01 3.096149999999999944e-02
9.664049999999999585e-01 -1.517020000000000035e-01 2.074789999999999968e-01 -2.653840000000000088e-01 1.460650000000000004e-01 9.883699999999999708e-01 4.231569999999999776e-02 -1.848760000000000125e-01 -2.114860000000000073e-01 -1.058869999999999950e-02 9.773239999999999705e-01 3.598930000000000184e-02
9.651370000000000227e-01 -1.528970000000000051e-01 2.124459999999999960e-01 -2.653179999999999983e-01 1.473740000000000050e-01 9.882020000000000248e-01 4.169350000000000139e-02 -1.888319999999999999e-01 -2.163140000000000063e-01 -8.931049999999999406e-03 9.762830000000000119e-01 3.939580000000000165e-02
9.640450000000000408e-01 -1.532850000000000046e-01 2.170739999999999892e-01 -2.630870000000000153e-01 1.474070000000000102e-01 9.881360000000000143e-01 4.311559999999999698e-02 -1.925900000000000112e-01 -2.211069999999999980e-01 -9.567229999999999485e-03 9.752030000000000420e-01 4.428880000000000317e-02
9.627489999999999659e-01 -1.530390000000000084e-01 2.229210000000000080e-01 -2.602639999999999953e-01 1.466300000000000103e-01 9.881619999999999848e-01 4.512549999999999895e-02 -1.988469999999999960e-01 -2.271880000000000011e-01 -1.075770000000000025e-02 9.737919999999999909e-01 5.058739999999999765e-02
9.613000000000000433e-01 -1.511429999999999996e-01 2.303429999999999922e-01 -2.577470000000000039e-01 1.446119999999999906e-01 9.884610000000000340e-01 4.507839999999999764e-02 -2.021360000000000101e-01 -2.344980000000000120e-01 -1.002340000000000002e-02 9.720649999999999569e-01 5.498220000000000190e-02
9.594289999999999763e-01 -1.492390000000000105e-01 2.392140000000000100e-01 -2.568670000000000120e-01 1.418959999999999944e-01 9.887299999999999978e-01 4.773089999999999972e-02 -2.052670000000000050e-01 -2.436409999999999965e-01 -1.185100000000000042e-02 9.697930000000000161e-01 5.965739999999999932e-02
9.573709999999999720e-01 -1.491399999999999948e-01 2.473819999999999908e-01 -2.549080000000000235e-01 1.403749999999999998e-01 9.886890000000000400e-01 5.280309999999999865e-02 -2.077589999999999992e-01 -2.524589999999999890e-01 -1.582599999999999979e-02 9.674779999999999491e-01 6.618350000000000621e-02
9.547619999999999996e-01 -1.521530000000000105e-01 2.554989999999999761e-01 -2.560560000000000058e-01 1.422019999999999951e-01 9.881900000000000128e-01 5.709410000000000179e-02 -2.140900000000000025e-01 -2.611689999999999845e-01 -1.817890000000000131e-02 9.651220000000000354e-01 7.143810000000000437e-02
9.524719999999999853e-01 -1.572040000000000104e-01 2.609310000000000240e-01 -2.559690000000000021e-01 1.464880000000000071e-01 9.873819999999999819e-01 6.014839999999999770e-02 -2.196819999999999884e-01 -2.670939999999999981e-01 -1.906640000000000071e-02 9.634819999999999496e-01 7.641820000000000557e-02
9.498830000000000329e-01 -1.636950000000000072e-01 2.663179999999999992e-01 -2.561709999999999821e-01 1.526079999999999937e-01 9.863429999999999698e-01 6.195359999999999756e-02 -2.248680000000000123e-01 -2.728229999999999822e-01 -1.820630000000000165e-02 9.618919999999999693e-01 8.236200000000000465e-02
9.474749999999999561e-01 -1.696519999999999972e-01 2.711259999999999781e-01 -2.562599999999999878e-01 1.582639999999999880e-01 9.853530000000000344e-01 6.349649999999999739e-02 -2.306829999999999992e-01 -2.779269999999999796e-01 -1.725180000000000116e-02 9.604470000000000507e-01 8.748329999999999995e-02
9.452469999999999484e-01 -1.743149999999999977e-01 2.759010000000000074e-01 -2.584380000000000011e-01 1.631209999999999882e-01 9.845800000000000107e-01 6.320230000000000292e-02 -2.376659999999999884e-01 -2.826640000000000263e-01 -1.473649999999999960e-02 9.591060000000000141e-01 9.459220000000000128e-02
9.441580000000000528e-01 -1.744149999999999867e-01 2.795440000000000147e-01 -2.581959999999999811e-01 1.646459999999999868e-01 9.846310000000000340e-01 5.824809999999999710e-02 -2.428389999999999993e-01 -2.854070000000000218e-01 -8.969529999999999864e-03 9.583639999999999937e-01 1.007529999999999953e-01
9.429149999999999476e-01 -1.741189999999999960e-01 2.838910000000000045e-01 -2.584250000000000158e-01 1.657119999999999982e-01 9.847190000000000110e-01 5.356289999999999663e-02 -2.489609999999999879e-01 -2.888789999999999969e-01 -3.461060000000000178e-03 9.573589999999999600e-01 1.070149999999999990e-01
9.414010000000000433e-01 -1.737209999999999865e-01 2.891099999999999781e-01 -2.595509999999999762e-01 1.670580000000000120e-01 9.847890000000000255e-01 4.776760000000000034e-02 -2.527570000000000094e-01 -2.930110000000000214e-01 3.329579999999999953e-03 9.561030000000000362e-01 1.128370000000000067e-01
9.400030000000000330e-01 -1.758329999999999893e-01 2.923660000000000148e-01 -2.591180000000000150e-01 1.703069999999999862e-01 9.843880000000000408e-01 4.446119999999999933e-02 -2.563650000000000095e-01 -2.956190000000000206e-01 7.998240000000000210e-03 9.552720000000000100e-01 1.196089999999999931e-01
9.385310000000000041e-01 -1.783500000000000085e-01 2.955530000000000102e-01 -2.599440000000000084e-01 1.737499999999999878e-01 9.838949999999999640e-01 4.197950000000000292e-02 -2.625899999999999901e-01 -2.982799999999999896e-01 1.195350000000000058e-02 9.544030000000000014e-01 1.252550000000000052e-01
9.373679999999999790e-01 -1.795150000000000079e-01 2.985240000000000116e-01 -2.617990000000000039e-01 1.761890000000000123e-01 9.836129999999999596e-01 3.825100000000000028e-02 -2.669960000000000111e-01 -3.004990000000000161e-01 1.674149999999999944e-02 9.536350000000000104e-01 1.322649999999999937e-01
9.372890000000000388e-01 -1.794330000000000092e-01 2.988190000000000013e-01 -2.610439999999999983e-01 1.774209999999999954e-01 9.835450000000000026e-01 3.408529999999999893e-02 -2.734639999999999849e-01 -3.000180000000000069e-01 2.106890000000000152e-02 9.537010000000000209e-01 1.382130000000000025e-01
9.368840000000000501e-01 -1.779640000000000111e-01 3.009609999999999785e-01 -2.616680000000000117e-01 1.779969999999999886e-01 9.836449999999999916e-01 2.754710000000000145e-02 -2.730099999999999749e-01 -3.009419999999999873e-01 2.776179999999999967e-02 9.532380000000000297e-01 1.410170000000000035e-01
9.355609999999999760e-01 -1.819520000000000026e-01 3.026860000000000106e-01 -2.635020000000000140e-01 1.815910000000000024e-01 9.829290000000000527e-01 2.958950000000000122e-02 -2.763340000000000241e-01 -3.029029999999999778e-01 2.728250000000000119e-02 9.526310000000000056e-01 1.458820000000000117e-01
9.345759999999999623e-01 -1.872570000000000068e-01 3.024939999999999851e-01 -2.631589999999999763e-01 1.872030000000000083e-01 9.818799999999999750e-01 2.944959999999999939e-02 -2.792879999999999807e-01 -3.025269999999999904e-01 2.910499999999999893e-02 9.526959999999999873e-01 1.503960000000000019e-01
9.337579999999999769e-01 -1.909700000000000009e-01 3.026980000000000226e-01 -2.644039999999999724e-01 1.909609999999999919e-01 9.811410000000000409e-01 2.992090000000000027e-02 -2.824409999999999976e-01 -3.027039999999999731e-01 2.986480000000000037e-02 9.526170000000000471e-01 1.546029999999999904e-01
9.333369999999999722e-01 -1.939780000000000115e-01 3.020840000000000192e-01 -2.643829999999999791e-01 1.936579999999999968e-01 9.805690000000000239e-01 3.132039999999999824e-02 -2.865309999999999802e-01 -3.022900000000000031e-01 2.926830000000000057e-02 9.527670000000000305e-01 1.591299999999999937e-01
9.325050000000000283e-01 -1.964859999999999940e-01 3.030320000000000236e-01 -2.650379999999999958e-01 1.961779999999999913e-01 9.800529999999999520e-01 3.178090000000000082e-02 -2.920969999999999955e-01 -3.032320000000000015e-01 2.981220000000000050e-02 9.524500000000000188e-01 1.653090000000000115e-01
9.319340000000000401e-01 -1.979710000000000081e-01 3.038210000000000077e-01 -2.667080000000000006e-01 1.988179999999999947e-01 9.796230000000000215e-01 2.847519999999999912e-02 -2.962119999999999753e-01 -3.032679999999999820e-01 3.386809999999999821e-02 9.523030000000000106e-01 1.692180000000000073e-01
9.320690000000000364e-01 -1.980760000000000021e-01 3.033379999999999965e-01 -2.686569999999999792e-01 2.001940000000000108e-01 9.794519999999999893e-01 2.443000000000000033e-02 -2.980070000000000219e-01 -3.019430000000000169e-01 3.795599999999999669e-02 9.525700000000000278e-01 1.716669999999999863e-01
9.320920000000000316e-01 -1.995399999999999952e-01 3.023060000000000191e-01 -2.688619999999999899e-01 2.023270000000000068e-01 9.790619999999999878e-01 2.240759999999999974e-02 -3.015240000000000142e-01 -3.004470000000000196e-01 4.027870000000000061e-02 9.529480000000000173e-01 1.743840000000000112e-01
9.320669999999999789e-01 -1.985389999999999933e-01 3.030390000000000028e-01 -2.702629999999999755e-01 2.024100000000000066e-01 9.791180000000000438e-01 1.891980000000000051e-02 -3.034049999999999803e-01 -3.004669999999999841e-01 4.370360000000000217e-02 9.527900000000000258e-01 1.766919999999999880e-01
9.316809999999999814e-01 -1.961890000000000023e-01 3.057449999999999890e-01 -2.720130000000000048e-01 2.004809999999999925e-01 9.795390000000000486e-01 1.762860000000000121e-02 -3.040050000000000252e-01 -3.029479999999999951e-01 4.487189999999999929e-02 9.519499999999999629e-01 1.776099999999999901e-01
9.308670000000000000e-01 -1.954960000000000031e-01 3.086550000000000127e-01 -2.737910000000000066e-01 1.997589999999999921e-01 9.796789999999999665e-01 1.805930000000000035e-02 -3.067199999999999926e-01 -3.059129999999999905e-01 4.484590000000000104e-02 9.510030000000000427e-01 1.816079999999999917e-01
9.304130000000000456e-01 -1.922069999999999890e-01 3.120700000000000141e-01 -2.767870000000000053e-01 1.975089999999999901e-01 9.801889999999999770e-01 1.484970000000000040e-02 -3.049140000000000184e-01 -3.087420000000000164e-01 4.782020000000000021e-02 9.499429999999999819e-01 1.836480000000000057e-01
9.296710000000000251e-01 -1.906009999999999927e-01 3.152510000000000034e-01 -2.789340000000000153e-01 1.956890000000000018e-01 9.805399999999999672e-01 1.575290000000000024e-02 -3.066019999999999857e-01 -3.121180000000000065e-01 4.704590000000000161e-02 9.488779999999999992e-01 1.857509999999999994e-01
9.288429999999999742e-01 -1.881379999999999997e-01 3.191459999999999853e-01 -2.821159999999999779e-01 1.935850000000000071e-01 9.809710000000000374e-01 1.487680000000000079e-02 -3.094270000000000076e-01 -3.158719999999999861e-01 4.796369999999999800e-02 9.475890000000000146e-01 1.893249999999999933e-01
9.283759999999999790e-01 -1.841000000000000136e-01 3.228400000000000158e-01 -2.851670000000000038e-01 1.902729999999999977e-01 9.816500000000000226e-01 1.262779999999999979e-02 -3.099430000000000240e-01 -3.192409999999999970e-01 4.970449999999999868e-02 9.463690000000000158e-01 1.905650000000000122e-01
9.272470000000000434e-01 -1.811560000000000115e-01 3.277129999999999765e-01 -2.882469999999999755e-01 1.874159999999999993e-01 9.821990000000000443e-01 1.266609999999999958e-02 -3.103650000000000020e-01 -3.241740000000000177e-01 4.967409999999999881e-02 9.446919999999999762e-01 1.918759999999999910e-01
9.252869999999999706e-01 -1.806860000000000133e-01 3.334599999999999786e-01 -2.913419999999999899e-01 1.870930000000000093e-01 9.822549999999999892e-01 1.308849999999999944e-02 -3.122730000000000228e-01 -3.299079999999999790e-01 5.027759999999999868e-02 9.426729999999999832e-01 1.952369999999999939e-01
9.232150000000000079e-01 -1.793269999999999864e-01 3.398769999999999847e-01 -2.941050000000000053e-01 1.868319999999999981e-01 9.823330000000000117e-01 1.080539999999999973e-02 -3.112980000000000191e-01 -3.358099999999999974e-01 5.352409999999999807e-02 9.404080000000000217e-01 1.972470000000000057e-01
9.197750000000000092e-01 -1.823899999999999966e-01 3.474889999999999923e-01 -2.964229999999999920e-01 1.900209999999999955e-01 9.817029999999999923e-01 1.230460000000000061e-02 -3.106430000000000025e-01 -3.433749999999999858e-01 5.471279999999999893e-02 9.376029999999999642e-01 1.989720000000000100e-01
9.149119999999999475e-01 -1.867230000000000001e-01 3.578680000000000194e-01 -3.004120000000000124e-01 1.946259999999999935e-01 9.807749999999999524e-01 1.416169999999999929e-02 -3.135689999999999866e-01 -3.536329999999999751e-01 5.669350000000000084e-02 9.336649999999999672e-01 2.012909999999999977e-01
9.103099999999999525e-01 -1.878740000000000132e-01 3.688339999999999952e-01 -3.080379999999999785e-01 1.969170000000000087e-01 9.803290000000000060e-01 1.334650000000000072e-02 -3.112289999999999779e-01 -3.640860000000000207e-01 6.048030000000000073e-02 9.293989999999999752e-01 2.019900000000000029e-01
