1.000000000000000000e+00 1.919399999999999980e-22 -1.905109999999999894e-22 -6.846800000000000377e-23 -1.919399999999999980e-22 1.000000000000000000e+00 -2.116280000000000084e-22 -5.087759999999999774e-23 1.905109999999999894e-22 2.116280000000000084e-22 1.000000000000000000e+00 -2.075580000000000129e-23
9.999989999999999712e-01 -1.373590000000000054e-03 6.871079999999999679e-04 -2.923779999999999955e-03 1.373199999999999985e-03 9.999989999999999712e-01 5.610980000000000004e-04 -1.221290000000000093e-03 -6.878779999999999487e-04 -5.601539999999999905e-04 1.000000000000000000e+00 -4.760839999999999690e-03
9.999980000000000535e-01 -1.841619999999999976e-03 4.668809999999999909e-04 -3.425570000000000177e-03 1.841530000000000077e-03 9.999980000000000535e-01 1.864129999999999921e-04 -1.978769999999999921e-03 -4.672230000000000090e-04 -1.855530000000000037e-04 1.000000000000000000e+00 -5.202140000000000063e-03
9.999959999999999960e-01 -2.579109999999999910e-04 2.858780000000000002e-03 -5.798700000000000382e-03 2.551529999999999879e-04 1.000000000000000000e+00 9.650909999999999524e-04 -3.603780000000000004e-03 -2.859029999999999818e-03 -9.643580000000000121e-04 9.999949999999999672e-01 -9.029970000000000011e-03
9.999970000000000248e-01 2.591690000000000118e-04 2.428549999999999806e-03 -6.177919999999999939e-03 -2.628929999999999917e-04 9.999989999999999712e-01 1.533400000000000084e-03 -3.318769999999999967e-03 -2.428150000000000013e-03 -1.534030000000000029e-03 9.999959999999999960e-01 -8.651610000000000550e-03
9.999959999999999960e-01 1.753089999999999900e-03 2.092199999999999789e-03 -6.410650000000000376e-03 -1.758309999999999908e-03 9.999949999999999672e-01 2.497089999999999987e-03 -5.032359999999999611e-03 -2.087809999999999840e-03 -2.500759999999999875e-03 9.999949999999999672e-01 -1.100349999999999939e-02
9.999949999999999672e-01 1.778080000000000025e-03 2.471319999999999940e-03 -5.796660000000000354e-03 -1.782879999999999925e-03 9.999970000000000248e-01 1.939079999999999927e-03 -5.302290000000000302e-03 -2.467860000000000106e-03 -1.943480000000000034e-03 9.999949999999999672e-01 -1.162810000000000059e-02
9.999900000000000455e-01 2.843350000000000131e-03 3.592789999999999786e-03 -5.995180000000000127e-03 -2.858509999999999870e-03 9.999869999999999592e-01 4.221299999999999879e-03 -5.610859999999999632e-03 -3.580739999999999791e-03 -4.231519999999999899e-03 9.999850000000000128e-01 -1.275219999999999999e-02
9.999759999999999760e-01 2.666430000000000015e-03 6.445990000000000400e-03 -7.050439999999999832e-03 -2.698250000000000128e-03 9.999839999999999840e-01 4.933589999999999851e-03 -5.338269999999999994e-03 -6.432730000000000219e-03 -4.950859999999999636e-03 9.999670000000000503e-01 -1.208610000000000066e-02
9.999700000000000255e-01 2.094980000000000193e-03 7.392680000000000431e-03 -7.127600000000000428e-03 -2.141389999999999960e-03 9.999780000000000335e-01 6.275010000000000136e-03 -5.409670000000000104e-03 -7.379369999999999680e-03 -6.290660000000000002e-03 9.999529999999999808e-01 -1.384209999999999954e-02
9.999660000000000215e-01 1.280829999999999946e-03 8.174410000000000009e-03 -8.175049999999999678e-03 -1.344930000000000040e-03 9.999679999999999680e-01 7.840869999999999784e-03 -7.233289999999999859e-03 -8.164110000000000464e-03 -7.851600000000000246e-03 9.999360000000000470e-01 -1.176959999999999985e-02
9.999519999999999520e-01 1.017150000000000085e-03 9.770930000000000587e-03 -1.171370000000000050e-02 -1.096689999999999991e-03 9.999660000000000215e-01 8.138640000000000804e-03 -8.036120000000000763e-03 -9.762319999999999678e-03 -8.148960000000000231e-03 9.999190000000000023e-01 -1.696550000000000141e-02
9.999519999999999520e-01 4.272799999999999884e-04 9.764089999999999575e-03 -1.295630000000000046e-02 -5.078290000000000061e-04 9.999660000000000215e-01 8.248580000000000148e-03 -9.167899999999999661e-03 -9.760229999999999947e-03 -8.253150000000000763e-03 9.999179999999999735e-01 -1.742609999999999992e-02
9.999609999999999888e-01 1.554489999999999952e-03 8.684719999999999940e-03 -1.415010000000000052e-02 -1.626199999999999955e-03 9.999649999999999928e-01 8.255959999999999688e-03 -1.184619999999999944e-02 -8.671579999999999913e-03 -8.269759999999999264e-03 9.999280000000000390e-01 -2.067830000000000015e-02
9.999590000000000423e-01 4.848779999999999583e-03 7.641959999999999725e-03 -1.539959999999999940e-02 -4.897659999999999861e-03 9.999679999999999680e-01 6.391120000000000134e-03 -1.226900000000000039e-02 -7.610729999999999579e-03 -6.428279999999999758e-03 9.999500000000000055e-01 -2.069529999999999981e-02
9.999599999999999600e-01 5.705410000000000169e-03 6.924729999999999601e-03 -1.543759999999999924e-02 -5.744169999999999832e-03 9.999679999999999680e-01 5.590659999999999900e-03 -1.263260000000000077e-02 -6.892610000000000403e-03 -5.630210000000000076e-03 9.999599999999999600e-01 -2.083039999999999892e-02
9.999489999999999768e-01 7.419829999999999655e-03 6.781940000000000190e-03 -1.690209999999999976e-02 -7.453679999999999854e-03 9.999599999999999600e-01 4.978759999999999609e-03 -1.529349999999999980e-02 -6.744720000000000056e-03 -5.029060000000000127e-03 9.999649999999999928e-01 -2.214469999999999980e-02
9.999379999999999935e-01 9.967850000000000321e-03 4.956249999999999718e-03 -1.719230000000000064e-02 -9.986220000000000513e-03 9.999430000000000263e-01 3.695790000000000013e-03 -1.484470000000000060e-02 -4.919129999999999857e-03 -3.745060000000000142e-03 9.999810000000000088e-01 -2.524950000000000111e-02
9.999109999999999943e-01 1.270669999999999959e-02 4.118250000000000383e-03 -1.639130000000000101e-02 -1.272709999999999987e-02 9.999069999999999903e-01 4.973889999999999909e-03 -1.397789999999999970e-02 -4.054659999999999861e-03 -5.025860000000000050e-03 9.999789999999999512e-01 -2.378219999999999987e-02
9.998960000000000070e-01 1.276719999999999938e-02 6.663569999999999736e-03 -1.429949999999999971e-02 -1.281050000000000071e-02 9.998970000000000358e-01 6.506450000000000428e-03 -1.427250000000000046e-02 -6.579810000000000172e-03 -6.591139999999999673e-03 9.999569999999999848e-01 -2.393359999999999932e-02
9.998669999999999503e-01 1.206879999999999932e-02 1.097389999999999997e-02 -1.374520000000000082e-02 -1.214420000000000083e-02 9.999029999999999863e-01 6.828019999999999749e-03 -1.703440000000000162e-02 -1.089039999999999973e-02 -6.960380000000000386e-03 9.999160000000000270e-01 -2.088740000000000041e-02
9.998099999999999765e-01 1.040409999999999946e-02 1.649089999999999931e-02 -1.553580000000000065e-02 -1.052600000000000063e-02 9.999179999999999735e-01 7.322959999999999886e-03 -2.020279999999999992e-02 -1.641340000000000160e-02 -7.495149999999999903e-03 9.998369999999999758e-01 -2.725170000000000023e-02
9.997829999999999773e-01 6.782729999999999836e-03 1.970349999999999879e-02 -1.685779999999999917e-02 -6.927919999999999738e-03 9.999489999999999768e-01 7.309829999999999800e-03 -1.900850000000000109e-02 -1.965290000000000092e-02 -7.444749999999999979e-03 9.997789999999999733e-01 -2.847790000000000044e-02
9.997610000000000108e-01 4.311889999999999647e-03 2.142540000000000069e-02 -1.823299999999999921e-02 -4.457570000000000109e-03 9.999670000000000503e-01 6.756390000000000139e-03 -2.101770000000000027e-02 -2.139560000000000073e-02 -6.850280000000000258e-03 9.997479999999999700e-01 -3.161019999999999802e-02
9.997629999999999573e-01 5.839740000000000382e-03 2.097020000000000134e-02 -1.743810000000000152e-02 -5.951220000000000121e-03 9.999679999999999680e-01 5.257539999999999783e-03 -2.056660000000000085e-02 -2.093880000000000047e-02 -5.381099999999999772e-03 9.997660000000000435e-01 -3.334680000000000283e-02
9.997019999999999795e-01 1.018499999999999961e-02 2.220460000000000142e-02 -1.819319999999999965e-02 -1.029459999999999924e-02 9.999350000000000183e-01 4.829120000000000114e-03 -1.999959999999999932e-02 -2.215400000000000008e-02 -5.056269999999999862e-03 9.997420000000000195e-01 -3.631190000000000112e-02
9.996270000000000433e-01 1.381229999999999958e-02 2.357139999999999930e-02 -1.736000000000000043e-02 -1.399689999999999962e-02 9.998719999999999830e-01 7.686310000000000017e-03 -2.055360000000000173e-02 -2.346219999999999903e-02 -8.013360000000000621e-03 9.996930000000000538e-01 -3.544690000000000341e-02
9.995610000000000328e-01 1.355999999999999914e-02 2.635590000000000155e-02 -1.551809999999999995e-02 -1.378500000000000038e-02 9.998700000000000365e-01 8.375109999999999846e-03 -2.039219999999999922e-02 -2.623899999999999844e-02 -8.734749999999999459e-03 9.996180000000000065e-01 -3.484399999999999997e-02
9.994889999999999608e-01 9.351009999999999878e-03 3.056709999999999983e-02 -1.525340000000000029e-02 -9.666030000000000802e-03 9.999019999999999575e-01 1.017449999999999952e-02 -2.212449999999999833e-02 -3.046890000000000015e-02 -1.046479999999999980e-02 9.994809999999999528e-01 -3.579179999999999862e-02
9.993710000000000093e-01 8.951199999999999435e-03 3.430049999999999766e-02 -1.619589999999999919e-02 -9.378350000000000575e-03 9.998799999999999910e-01 1.231250000000000053e-02 -2.112649999999999945e-02 -3.418619999999999992e-02 -1.262650000000000057e-02 9.993360000000000021e-01 -3.684409999999999769e-02
9.992419999999999636e-01 9.933300000000000810e-03 3.764920000000000072e-02 -1.666940000000000088e-02 -1.048529999999999948e-02 9.998399999999999510e-01 1.449360000000000058e-02 -2.234890000000000140e-02 -3.749920000000000336e-02 -1.487729999999999955e-02 9.991860000000000186e-01 -3.577679999999999749e-02
9.991700000000000026e-01 1.037320000000000082e-02 3.938169999999999865e-02 -1.660170000000000048e-02 -1.100970000000000074e-02 9.998120000000000340e-01 1.598010000000000055e-02 -2.672139999999999932e-02 -3.920850000000000030e-02 -1.640049999999999841e-02 9.990959999999999841e-01 -3.933099999999999791e-02
9.990750000000000464e-01 9.521629999999999677e-03 4.193349999999999855e-02 -1.783730000000000038e-02 -1.025979999999999948e-02 9.997960000000000180e-01 1.742259999999999989e-02 -2.747799999999999895e-02 -4.175899999999999751e-02 -1.783670000000000047e-02 9.989679999999999671e-01 -4.246899999999999981e-02
9.990580000000000016e-01 7.835450000000000748e-03 4.268059999999999909e-02 -1.837739999999999860e-02 -8.738499999999999740e-03 9.997409999999999908e-01 2.101309999999999983e-02 -2.960710000000000078e-02 -4.250489999999999824e-02 -2.136619999999999839e-02 9.988679999999999781e-01 -4.409649999999999681e-02
9.990510000000000224e-01 7.825169999999999348e-03 4.284620000000000095e-02 -1.938950000000000048e-02 -8.804400000000000420e-03 9.997030000000000083e-01 2.271360000000000046e-02 -3.056649999999999992e-02 -4.265569999999999778e-02 -2.306930000000000092e-02 9.988230000000000164e-01 -4.508489999999999720e-02
9.990269999999999984e-01 8.838109999999999716e-03 4.320609999999999729e-02 -2.065979999999999900e-02 -9.908520000000000522e-03 9.996479999999999810e-01 2.462330000000000074e-02 -3.304270000000000124e-02 -4.297329999999999900e-02 -2.502740000000000173e-02 9.987629999999999564e-01 -4.417730000000000268e-02
9.989580000000000126e-01 7.192089999999999941e-03 4.506260000000000127e-02 -2.257529999999999953e-02 -8.385029999999999914e-03 9.996180000000000065e-01 2.634010000000000171e-02 -3.349390000000000006e-02 -4.485600000000000004e-02 -2.669049999999999895e-02 9.986369999999999969e-01 -4.570679999999999882e-02
9.988359999999999461e-01 5.809570000000000012e-03 4.788939999999999864e-02 -2.488370000000000165e-02 -7.192529999999999930e-03 9.995610000000000328e-01 2.875660000000000022e-02 -3.498550000000000271e-02 -4.770130000000000203e-02 -2.906759999999999899e-02 9.984389999999999654e-01 -4.368099999999999761e-02
9.986669999999999714e-01 3.698490000000000024e-03 5.148869999999999836e-02 -2.709210000000000090e-02 -5.158740000000000200e-03 9.995870000000000033e-01 2.825659999999999977e-02 -3.747869999999999674e-02 -5.136290000000000300e-02 -2.848459999999999881e-02 9.982739999999999947e-01 -4.073530000000000206e-02
9.984579999999999567e-01 2.370520000000000092e-03 5.545270000000000060e-02 -3.004170000000000104e-02 -3.868449999999999840e-03 9.996300000000000185e-01 2.692100000000000048e-02 -4.044670000000000210e-02 -5.536839999999999817e-02 -2.709409999999999943e-02 9.980980000000000407e-01 -3.983269999999999866e-02
9.981889999999999930e-01 1.558429999999999972e-03 6.012750000000000039e-02 -3.438089999999999896e-02 -3.129410000000000004e-03 9.996559999999999890e-01 2.604220000000000146e-02 -4.230919999999999820e-02 -6.006620000000000015e-02 -2.618320000000000022e-02 9.978510000000000435e-01 -3.941130000000000327e-02
9.980539999999999967e-01 -1.419789999999999984e-03 6.233840000000000214e-02 -3.675309999999999688e-02 -2.413600000000000066e-04 9.996450000000000058e-01 2.663159999999999833e-02 -4.591599999999999848e-02 -6.235410000000000258e-02 -2.659479999999999830e-02 9.977000000000000313e-01 -4.099069999999999797e-02
9.978460000000000107e-01 -3.959169999999999703e-03 6.548099999999999754e-02 -4.028319999999999818e-02 2.161670000000000084e-03 9.996190000000000353e-01 2.749880000000000033e-02 -4.936719999999999997e-02 -6.556489999999999541e-02 -2.729809999999999875e-02 9.974750000000000005e-01 -4.233089999999999770e-02
9.975730000000000430e-01 -6.512460000000000297e-03 6.932829999999999548e-02 -4.356920000000000237e-02 4.440659999999999920e-03 9.995399999999999840e-01 2.999610000000000123e-02 -5.235390000000000182e-02 -6.949180000000000634e-02 -2.961549999999999946e-02 9.971430000000000016e-01 -4.278479999999999783e-02
9.972119999999999873e-01 -8.868020000000000763e-03 7.408670000000000533e-02 -4.778079999999999827e-02 6.386600000000000089e-03 9.994129999999999958e-01 3.366360000000000186e-02 -5.488939999999999791e-02 -7.434169999999999667e-02 -3.309659999999999686e-02 9.966829999999999856e-01 -4.144099999999999867e-02
9.967610000000000081e-01 -1.410400000000000022e-02 7.917770000000000363e-02 -5.140310000000000018e-02 1.122910000000000054e-02 9.992659999999999876e-01 3.663750000000000340e-02 -5.936349999999999960e-02 -7.963629999999999320e-02 -3.562970000000000026e-02 9.961870000000000447e-01 -3.840709999999999957e-02
9.962499999999999689e-01 -1.881120000000000014e-02 8.444889999999999342e-02 -5.498259999999999953e-02 1.574100000000000152e-02 9.991959999999999731e-01 3.687590000000000312e-02 -6.243710000000000232e-02 -8.507470000000000310e-02 -3.540829999999999672e-02 9.957449999999999912e-01 -3.647960000000000091e-02
9.955270000000000508e-01 -2.420670000000000113e-02 9.132350000000000190e-02 -6.087970000000000187e-02 2.082749999999999879e-02 9.990689999999999849e-01 3.777520000000000183e-02 -6.844480000000000008e-02 -9.215289999999999593e-02 -3.570419999999999844e-02 9.951050000000000173e-01 -3.365510000000000029e-02
9.948540000000000161e-01 -2.911100000000000146e-02 9.704590000000000438e-02 -6.660839999999999816e-02 2.581019999999999842e-02 9.990510000000000224e-01 3.509670000000000151e-02 -7.401720000000000521e-02 -9.797540000000000415e-02 -3.241129999999999706e-02 9.946610000000000174e-01 -3.184599999999999931e-02
9.943020000000000191e-01 -3.201029999999999848e-02 1.016819999999999946e-01 -7.365049999999999375e-02 2.892859999999999876e-02 9.990809999999999969e-01 3.163930000000000214e-02 -7.661350000000000104e-02 -1.026009999999999978e-01 -2.851750000000000118e-02 9.943140000000000311e-01 -3.370879999999999710e-02
9.938540000000000152e-01 -3.453130000000000088e-02 1.051750000000000046e-01 -8.089839999999999531e-02 3.112790000000000001e-02 9.989430000000000254e-01 3.383139999999999759e-02 -7.952040000000000497e-02 -1.062319999999999931e-01 -3.034960000000000088e-02 9.938780000000000392e-01 -3.470909999999999968e-02
9.932010000000000005e-01 -3.887499999999999983e-02 1.097260000000000041e-01 -9.075030000000000596e-02 3.494769999999999821e-02 9.986859999999999626e-01 3.749129999999999824e-02 -8.402049999999999796e-02 -1.110389999999999988e-01 -3.340169999999999945e-02 9.932549999999999990e-01 -3.852819999999999856e-02
9.929019999999999513e-01 -4.220109999999999834e-02 1.111950000000000022e-01 -9.061890000000000223e-02 3.778299999999999714e-02 9.984220000000000317e-01 4.154569999999999791e-02 -8.534410000000000607e-02 -1.127729999999999982e-01 -3.704949999999999910e-02 9.929299999999999793e-01 -3.504329999999999945e-02
9.919660000000000144e-01 -4.511500000000000232e-02 1.181859999999999994e-01 -9.543319999999999581e-02 3.980559999999999654e-02 9.981060000000000487e-01 4.690690000000000137e-02 -8.780140000000000167e-02 -1.200780000000000042e-01 -4.182559999999999750e-02 9.918829999999999592e-01 -3.221809999999999952e-02
9.907679999999999820e-01 -5.049800000000000122e-02 1.258130000000000082e-01 -1.004799999999999999e-01 4.401839999999999919e-02 9.975829999999999975e-01 5.376149999999999679e-02 -9.088699999999999557e-02 -1.282240000000000046e-01 -4.772710000000000147e-02 9.905960000000000321e-01 -3.164499999999999952e-02
9.892710000000000115e-01 -5.787780000000000008e-02 1.341350000000000042e-01 -1.089519999999999933e-01 5.016969999999999763e-02 9.969280000000000364e-01 6.015199999999999714e-02 -9.616689999999999960e-02 -1.372049999999999936e-01 -5.277710000000000040e-02 9.891360000000000152e-01 -2.799139999999999961e-02
9.879090000000000371e-01 -6.486989999999999423e-02 1.408099999999999907e-01 -1.167689999999999978e-01 5.667350000000000165e-02 9.964990000000000236e-01 6.146240000000000037e-02 -1.007839999999999986e-01 -1.443049999999999888e-01 -5.273900000000000116e-02 9.881269999999999776e-01 -2.753399999999999945e-02
9.866120000000000445e-01 -7.232890000000000152e-02 1.461689999999999934e-01 -1.224709999999999965e-01 6.383550000000000335e-02 9.960329999999999462e-01 6.199090000000000156e-02 -1.040060000000000012e-01 -1.500730000000000119e-01 -5.183019999999999988e-02 9.873150000000000537e-01 -2.924900000000000069e-02
9.847369999999999735e-01 -8.124149999999999427e-02 1.539240000000000053e-01 -1.288920000000000066e-01 7.191830000000000445e-02 9.952769999999999673e-01 6.520869999999999445e-02 -1.063729999999999953e-01 -1.584949999999999970e-01 -5.314340000000000036e-02 9.859290000000000553e-01 -2.680000000000000090e-02
9.825049999999999617e-01 -9.000790000000000179e-02 1.630389999999999895e-01 -1.368080000000000129e-01 8.009950000000000403e-02 9.945749999999999869e-01 6.637310000000000432e-02 -1.114819999999999978e-01 -1.681290000000000007e-01 -5.215249999999999747e-02 9.843849999999999545e-01 -2.494470000000000021e-02
9.807890000000000219e-01 -9.585939999999999739e-02 1.698919999999999875e-01 -1.434340000000000059e-01 8.599619999999999487e-02 9.942050000000000054e-01 6.450970000000000315e-02 -1.149479999999999946e-01 -1.750909999999999966e-01 -4.866039999999999949e-02 9.833490000000000286e-01 -2.511620000000000172e-02
9.788679999999999604e-01 -1.008750000000000063e-01 1.778800000000000103e-01 -1.530970000000000109e-01 9.101549999999999918e-02 9.938700000000000312e-01 6.276519999999999322e-02 -1.183590000000000059e-01 -1.831210000000000060e-01 -4.524910000000000043e-02 9.820489999999999498e-01 -3.126280000000000031e-02
9.773180000000000200e-01 -1.040849999999999970e-01 1.844320000000000126e-01 -1.589069999999999927e-01 9.412360000000000171e-02 9.936289999999999845e-01 6.199099999999999749e-02 -1.169369999999999993e-01 -1.897099999999999898e-01 -4.322550000000000003e-02 9.808879999999999821e-01 -3.194749999999999673e-02
9.749989999999999490e-01 -1.088780000000000026e-01 1.937069999999999903e-01 -1.667349999999999943e-01 9.840459999999999485e-02 9.931550000000000100e-01 6.292269999999999808e-02 -1.215040000000000009e-01 -1.992319999999999924e-01 -4.228790000000000326e-02 9.790389999999999926e-01 -3.212059999999999915e-02
9.731009999999999938e-01 -1.130189999999999945e-01 2.007500000000000118e-01 -1.718439999999999968e-01 1.029039999999999955e-01 9.928700000000000303e-01 6.016119999999999801e-02 -1.236519999999999980e-01 -2.061189999999999967e-01 -3.788489999999999913e-02 9.777930000000000232e-01 -3.282100000000000295e-02
9.712140000000000217e-01 -1.162949999999999956e-01 2.078889999999999905e-01 -1.789459999999999940e-01 1.063800000000000023e-01 9.926150000000000251e-01 5.829279999999999878e-02 -1.253070000000000017e-01 -2.131329999999999891e-01 -3.449950000000000239e-02 9.764140000000000041e-01 -3.504209999999999964e-02
9.694509999999999517e-01 -1.202980000000000022e-01 2.137600000000000056e-01 -1.865809999999999969e-01 1.101970000000000033e-01 9.921809999999999796e-01 5.860209999999999725e-02 -1.275390000000000135e-01 -2.191390000000000005e-01 -3.325619999999999965e-02 9.751269999999999660e-01 -3.631329999999999975e-02
9.680010000000000003e-01 -1.242489999999999983e-01 2.180269999999999986e-01 -1.935099999999999876e-01 1.142040000000000000e-01 9.917550000000000532e-01 5.813909999999999911e-02 -1.305900000000000116e-01 -2.234530000000000127e-01 -3.137929999999999886e-02 9.742100000000000204e-01 -3.586890000000000217e-02
9.667740000000000222e-01 -1.280179999999999929e-01 2.212689999999999935e-01 -2.008610000000000118e-01 1.187269999999999992e-01 9.914110000000000422e-01 5.484979999999999717e-02 -1.323419999999999874e-01 -2.263900000000000079e-01 -2.675670000000000132e-02 9.736690000000000067e-01 -3.739189999999999875e-02
9.658339999999999703e-01 -1.319450000000000067e-01 2.230590000000000073e-01 -2.078810000000000102e-01 1.228019999999999945e-01 9.909369999999999568e-01 5.443730000000000097e-02 -1.345810000000000062e-01 -2.282200000000000062e-01 -2.518530000000000074e-02 9.732840000000000380e-01 -3.796290000000000081e-02
9.653509999999999591e-01 -1.346970000000000112e-01 2.235040000000000082e-01 -2.146490000000000065e-01 1.258910000000000029e-01 9.906129999999999658e-01 5.326150000000000329e-02 -1.365629999999999900e-01 -2.285800000000000054e-01 -2.327900000000000108e-02 9.732469999999999732e-01 -3.855929999999999774e-02
9.652150000000000452e-01 -1.356749999999999901e-01 2.235020000000000062e-01 -2.215729999999999922e-01 1.270489999999999953e-01 9.905009999999999648e-01 5.260059999999999736e-02 -1.378369999999999873e-01 -2.285159999999999969e-01 -2.237509999999999846e-02 9.732830000000000092e-01 -4.230509999999999826e-02
9.653159999999999519e-01 -1.356789999999999941e-01 2.230620000000000103e-01 -2.272139999999999993e-01 1.271110000000000018e-01 9.905030000000000223e-01 5.239869999999999944e-02 -1.390919999999999934e-01 -2.280530000000000057e-01 -2.222769999999999954e-02 9.733950000000000102e-01 -4.421119999999999911e-02
9.652460000000000484e-01 -1.361890000000000045e-01 2.230550000000000033e-01 -2.336570000000000036e-01 1.274879999999999902e-01 9.904220000000000246e-01 5.302420000000000050e-02 -1.392720000000000069e-01 -2.281400000000000095e-01 -2.274440000000000142e-02 9.733629999999999782e-01 -4.356709999999999749e-02
9.658379999999999743e-01 -1.364329999999999987e-01 2.203249999999999931e-01 -2.379100000000000104e-01 1.278930000000000067e-01 9.903899999999999926e-01 5.263919999999999710e-02 -1.411860000000000059e-01 -2.253890000000000060e-01 -2.266289999999999971e-02 9.740050000000000097e-01 -4.241990000000000344e-02
9.662460000000000493e-01 -1.363109999999999877e-01 2.186069999999999958e-01 -2.444780000000000009e-01 1.283070000000000044e-01 9.904490000000000238e-01 5.047050000000000147e-02 -1.430750000000000077e-01 -2.233980000000000132e-01 -2.071809999999999971e-02 9.745070000000000121e-01 -4.207110000000000016e-02
9.669659999999999922e-01 -1.370530000000000082e-01 2.149250000000000049e-01 -2.473980000000000068e-01 1.295959999999999890e-01 9.903809999999999558e-01 4.848170000000000257e-02 -1.447110000000000063e-01 -2.195020000000000027e-01 -1.902679999999999996e-02 9.754270000000000440e-01 -4.063230000000000314e-02
9.677780000000000271e-01 -1.351070000000000049e-01 2.124910000000000132e-01 -2.509790000000000076e-01 1.280159999999999909e-01 9.906650000000000178e-01 4.684630000000000044e-02 -1.465150000000000063e-01 -2.168370000000000020e-01 -1.813450000000000131e-02 9.760389999999999899e-01 -4.243000000000000244e-02
9.679410000000000514e-01 -1.352619999999999933e-01 2.116460000000000008e-01 -2.547909999999999897e-01 1.283030000000000004e-01 9.906519999999999770e-01 4.634100000000000025e-02 -1.479550000000000032e-01 -2.159359999999999891e-01 -1.770060000000000036e-02 9.762469999999999759e-01 -4.022400000000000281e-02
9.685350000000000348e-01 -1.352800000000000114e-01 2.088990000000000014e-01 -2.582920000000000216e-01 1.287989999999999968e-01 9.906770000000000298e-01 4.438840000000000147e-02 -1.499040000000000095e-01 -2.129560000000000064e-01 -1.608580000000000079e-02 9.769290000000000473e-01 -3.898599999999999982e-02
9.693610000000000282e-01 -1.350389999999999924e-01 2.051910000000000123e-01 -2.617840000000000167e-01 1.288789999999999936e-01 9.907209999999999628e-01 4.315800000000000192e-02 -1.504010000000000069e-01 -2.091149999999999953e-01 -1.539100000000000017e-02 9.777700000000000280e-01 -3.840020000000000239e-02
9.698360000000000314e-01 -1.371030000000000026e-01 2.015460000000000029e-01 -2.641669999999999852e-01 1.306900000000000006e-01 9.904079999999999551e-01 4.485170000000000129e-02 -1.514389999999999903e-01 -2.057620000000000005e-01 -1.715869999999999895e-02 9.784519999999999884e-01 -3.601809999999999734e-02
9.701389999999999736e-01 -1.388560000000000072e-01 1.988709999999999922e-01 -2.635020000000000140e-01 1.323020000000000029e-01 9.901440000000000241e-01 4.593850000000000017e-02 -1.561520000000000130e-01 -2.032899999999999985e-01 -1.825569999999999971e-02 9.789480000000000404e-01 -3.140310000000000323e-02
9.699729999999999741e-01 -1.403590000000000115e-01 1.986239999999999950e-01 -2.655589999999999895e-01 1.340520000000000045e-01 9.899559999999999471e-01 4.492089999999999972e-02 -1.594559999999999866e-01 -2.029340000000000033e-01 -1.694609999999999866e-02 9.790459999999999718e-01 -2.829910000000000064e-02
9.696559999999999624e-01 -1.421499999999999986e-01 1.988979999999999915e-01 -2.675120000000000275e-01 1.361779999999999935e-01 9.897310000000000274e-01 4.345879999999999882e-02 -1.623140000000000138e-01 -2.030329999999999913e-01 -1.505459999999999958e-02 9.790560000000000374e-01 -2.469410000000000008e-02
9.693340000000000289e-01 -1.447740000000000138e-01 1.985770000000000035e-01 -2.678449999999999998e-01 1.391620000000000079e-01 9.893779999999999797e-01 4.201219999999999954e-02 -1.663870000000000071e-01 -2.025500000000000078e-01 -1.308950000000000044e-02 9.791840000000000543e-01 -2.163030000000000161e-02
9.690969999999999862e-01 -1.474290000000000045e-01 1.977770000000000084e-01 -2.679039999999999755e-01 1.418570000000000109e-01 9.889900000000000357e-01 4.213070000000000009e-02 -1.704029999999999989e-01 -2.018099999999999894e-01 -1.277269999999999968e-02 9.793410000000000171e-01 -1.873029999999999834e-02
9.687839999999999785e-01 -1.500599999999999989e-01 1.973310000000000064e-01 -2.680379999999999985e-01 1.446540000000000048e-01 9.886070000000000135e-01 4.161770000000000053e-02 -1.727360000000000007e-01 -2.013280000000000070e-01 -1.177379999999999920e-02 9.794530000000000181e-01 -1.543169999999999958e-02
9.681309999999999638e-01 -1.529139999999999944e-01 1.983419999999999905e-01 -2.683450000000000002e-01 1.469669999999999865e-01 9.881419999999999648e-01 4.445570000000000077e-02 -1.769809999999999994e-01 -2.027879999999999960e-01 -1.388920000000000085e-02 9.791239999999999943e-01 -1.076940000000000015e-02
9.673629999999999729e-01 -1.558569999999999955e-01 1.997950000000000004e-01 -2.662439999999999807e-01 1.496500000000000052e-01 9.876730000000000231e-01 4.589599999999999930e-02 -1.833110000000000017e-01 -2.044850000000000001e-01 -1.449879999999999919e-02 9.787620000000000209e-01 -3.228169999999999824e-03
9.666460000000000052e-01 -1.554030000000000133e-01 2.035800000000000110e-01 -2.649770000000000181e-01 1.497269999999999990e-01 9.877879999999999994e-01 4.309140000000000192e-02 -1.879379999999999939e-01 -2.077900000000000025e-01 -1.117280000000000009e-02 9.781100000000000350e-01 2.548840000000000133e-03
9.655909999999999771e-01 -1.560910000000000075e-01 2.080130000000000035e-01 -2.638820000000000054e-01 1.505130000000000079e-01 9.876949999999999896e-01 4.248129999999999962e-02 -1.919089999999999963e-01 -2.120839999999999947e-01 -9.711010000000000822e-03 9.772030000000000438e-01 5.235580000000000095e-03
9.641530000000000378e-01 -1.563450000000000117e-01 2.143940000000000012e-01 -2.639029999999999987e-01 1.504929999999999879e-01 9.876559999999999784e-01 4.345469999999999888e-02 -1.950739999999999974e-01 -2.185410000000000130e-01 -9.632250000000000187e-03 9.757799999999999807e-01 1.158250000000000078e-02
9.630239999999999911e-01 -1.560400000000000120e-01 2.196289999999999909e-01 -2.599830000000000196e-01 1.497739999999999905e-01 9.876960000000000184e-01 4.500350000000000183e-02 -2.005689999999999973e-01 -2.239490000000000092e-01 -1.044480000000000061e-02 9.745449999999999946e-01 1.886200000000000029e-02
9.616019999999999568e-01 -1.542979999999999907e-01 2.269680000000000031e-01 -2.573170000000000179e-01 1.478810000000000124e-01 9.879750000000000476e-01 4.511949999999999988e-02 -2.041459999999999941e-01 -2.312009999999999899e-01 -9.822829999999999409e-03 9.728560000000000541e-01 2.261360000000000106e-02
9.592309999999999448e-01 -1.527139999999999886e-01 2.378119999999999956e-01 -2.582619999999999916e-01 1.456079999999999874e-01 9.882119999999999793e-01 4.727050000000000002e-02 -2.063230000000000064e-01 -2.422279999999999989e-01 -1.071590000000000042e-02 9.701600000000000223e-01 2.887560000000000127e-02
9.571760000000000268e-01 -1.529169999999999974e-01 2.458279999999999910e-01 -2.569759999999999822e-01 1.441050000000000109e-01 9.881119999999999903e-01 5.355610000000000231e-02 -2.109040000000000081e-01 -2.510950000000000126e-01 -1.583769999999999969e-02 9.678330000000000544e-01 3.386530000000000096e-02
9.546860000000000346e-01 -1.555989999999999873e-01 2.536999999999999811e-01 -2.571990000000000109e-01 1.457239999999999924e-01 9.876599999999999824e-01 5.738290000000000057e-02 -2.160160000000000136e-01 -2.594980000000000064e-01 -1.781249999999999847e-02 9.655789999999999651e-01 4.048109999999999903e-02
9.522159999999999513e-01 -1.604430000000000023e-01 2.598900000000000099e-01 -2.581010000000000248e-01 1.498170000000000057e-01 9.868719999999999715e-01 6.032579999999999887e-02 -2.216079999999999994e-01 -2.661569999999999769e-01 -1.850720000000000143e-02 9.637520000000000531e-01 4.629749999999999838e-02
9.496879999999999766e-01 -1.672530000000000128e-01 2.648010000000000086e-01 -2.572409999999999974e-01 1.562399999999999900e-01 9.857540000000000191e-01 6.227520000000000278e-02 -2.269670000000000021e-01 -2.714440000000000186e-01 -1.776940000000000117e-02 9.622899999999999787e-01 5.248280000000000306e-02
9.471699999999999564e-01 -1.730980000000000019e-01 2.700110000000000010e-01 -2.577809999999999824e-01 1.619019999999999904e-01 9.847700000000000342e-01 6.337769999999999515e-02 -2.320220000000000060e-01 -2.768689999999999762e-01 -1.631420000000000092e-02 9.607689999999999841e-01 5.752030000000000337e-02
9.448809999999999709e-01 -1.782469999999999888e-01 2.746419999999999972e-01 -2.604469999999999841e-01 1.666630000000000056e-01 9.838590000000000391e-01 6.515050000000000008e-02 -2.423869999999999914e-01 -2.818220000000000169e-01 -1.578670000000000073e-02 9.593369999999999953e-01 6.058469999999999828e-02
9.434839999999999893e-01 -1.772120000000000084e-01 2.800590000000000024e-01 -2.612280000000000157e-01 1.675300000000000122e-01 9.841389999999999860e-01 5.834269999999999734e-02 -2.442269999999999996e-01 -2.859559999999999880e-01 -8.127240000000000852e-03 9.582079999999999487e-01 7.309319999999999706e-02
9.423869999999999747e-01 -1.775079999999999991e-01 2.835440000000000182e-01 -2.602749999999999786e-01 1.692019999999999913e-01 9.841159999999999908e-01 5.372840000000000255e-02 -2.501059999999999950e-01 -2.885769999999999724e-01 -2.656609999999999788e-03 9.574529999999999985e-01 7.863970000000000682e-02
9.408870000000000289e-01 -1.769429999999999892e-01 2.888319999999999776e-01 -2.610199999999999743e-01 1.703989999999999949e-01 9.842119999999999758e-01 4.785989999999999689e-02 -2.537360000000000171e-01 -2.927400000000000002e-01 4.185859999999999581e-03 9.561830000000000052e-01 8.499950000000000561e-02
9.393820000000000503e-01 -1.789610000000000090e-01 2.924619999999999997e-01 -2.614330000000000265e-01 1.733949999999999936e-01 9.838209999999999456e-01 4.506770000000000220e-02 -2.585169999999999968e-01 -2.957960000000000034e-01 8.375769999999999396e-03 9.552140000000000075e-01 9.099569999999999881e-02
9.376299999999999635e-01 -1.820170000000000121e-01 2.961750000000000216e-01 -2.623980000000000201e-01 1.774779999999999969e-01 9.832119999999999749e-01 4.238329999999999875e-02 -2.640919999999999934e-01 -2.989169999999999883e-01 1.282439999999999969e-02 9.541929999999999579e-01 9.772530000000000105e-02
9.366160000000000041e-01 -1.826959999999999973e-01 2.989519999999999955e-01 -2.642479999999999829e-01 1.794540000000000024e-01 9.830119999999999969e-01 3.851090000000000069e-02 -2.683269999999999822e-01 -3.009089999999999820e-01 1.757840000000000097e-02 9.534909999999999775e-01 1.044599999999999973e-01
9.361289999999999889e-01 -1.840209999999999901e-01 2.996630000000000127e-01 -2.646270000000000011e-01 1.820680000000000076e-01 9.826740000000000475e-01 3.468460000000000293e-02 -2.771159999999999735e-01 -3.008540000000000103e-01 2.208970000000000031e-02 9.534139999999999837e-01 1.051219999999999932e-01
9.354999999999999982e-01 -1.818849999999999911e-01 3.029149999999999898e-01 -2.664210000000000189e-01 1.822020000000000028e-01 9.828770000000000007e-01 2.746900000000000036e-02 -2.744949999999999890e-01 -3.027250000000000218e-01 2.949449999999999988e-02 9.526210000000000511e-01 1.123579999999999995e-01
9.343439999999999523e-01 -1.866180000000000061e-01 3.036030000000000117e-01 -2.671709999999999918e-01 1.857060000000000100e-01 9.820790000000000353e-01 3.214820000000000177e-02 -2.833800000000000208e-01 -3.041610000000000147e-01 2.634320000000000064e-02 9.522559999999999913e-01 1.133750000000000036e-01
9.333219999999999850e-01 -1.911559999999999926e-01 3.039220000000000255e-01 -2.664799999999999947e-01 1.908849999999999991e-01 9.811260000000000536e-01 3.089990000000000098e-02 -2.830219999999999958e-01 -3.040919999999999734e-01 2.917449999999999904e-02 9.521960000000000424e-01 1.222550000000000026e-01
9.325039999999999996e-01 -1.950449999999999962e-01 3.039620000000000100e-01 -2.677269999999999928e-01 1.948960000000000137e-01 9.803290000000000060e-01 3.114619999999999889e-02 -2.859970000000000012e-01 -3.040579999999999949e-01 3.019679999999999934e-02 9.521749999999999936e-01 1.260360000000000091e-01
9.320490000000000164e-01 -1.980709999999999971e-01 3.034029999999999783e-01 -2.675239999999999840e-01 1.977899999999999936e-01 9.797219999999999818e-01 3.198390000000000261e-02 -2.890179999999999971e-01 -3.035860000000000225e-01 3.019969999999999946e-02 9.523249999999999771e-01 1.313199999999999923e-01
9.314350000000000129e-01 -2.005139999999999978e-01 3.036820000000000075e-01 -2.676729999999999943e-01 2.001979999999999871e-01 9.792159999999999753e-01 3.251729999999999898e-02 -2.949570000000000247e-01 -3.038899999999999935e-01 3.050869999999999971e-02 9.522180000000000089e-01 1.366420000000000134e-01
9.309340000000000392e-01 -2.016340000000000077e-01 3.044749999999999956e-01 -2.692910000000000026e-01 2.024040000000000006e-01 9.788609999999999811e-01 2.938599999999999893e-02 -2.991949999999999887e-01 -3.039640000000000120e-01 3.427050000000000235e-02 9.520669999999999966e-01 1.407299999999999940e-01
9.308779999999999832e-01 -2.023880000000000123e-01 3.041479999999999739e-01 -2.709929999999999839e-01 2.044930000000000081e-01 9.785420000000000229e-01 2.527429999999999954e-02 -3.009339999999999793e-01 -3.027360000000000051e-01 3.866880000000000317e-02 9.522899999999999698e-01 1.434670000000000112e-01
9.306769999999999765e-01 -2.034160000000000135e-01 3.040769999999999862e-01 -2.723559999999999870e-01 2.061510000000000009e-01 9.782389999999999697e-01 2.344639999999999919e-02 -3.047190000000000176e-01 -3.022290000000000254e-01 4.086469999999999686e-02 9.523589999999999556e-01 1.466790000000000038e-01
9.307530000000000525e-01 -2.025359999999999938e-01 3.044299999999999784e-01 -2.729500000000000259e-01 2.063649999999999929e-01 9.782729999999999482e-01 1.990760000000000099e-02 -3.064970000000000194e-01 -3.018469999999999764e-01 4.429460000000000341e-02 9.523270000000000346e-01 1.486999999999999988e-01
9.303660000000000263e-01 -2.001489999999999936e-01 3.071780000000000066e-01 -2.749269999999999770e-01 2.043850000000000111e-01 9.787130000000000551e-01 1.867299999999999863e-02 -3.073089999999999988e-01 -3.043770000000000087e-01 4.540980000000000016e-02 9.514690000000000092e-01 1.505690000000000084e-01
9.296320000000000139e-01 -1.993580000000000074e-01 3.099060000000000148e-01 -2.766379999999999950e-01 2.036010000000000042e-01 9.788710000000000466e-01 1.894759999999999847e-02 -3.094219999999999748e-01 -3.071349999999999913e-01 4.548279999999999684e-02 9.505789999999999518e-01 1.540900000000000047e-01
9.295900000000000274e-01 -1.965550000000000075e-01 3.118159999999999821e-01 -2.783120000000000038e-01 2.006789999999999963e-01 9.794699999999999518e-01 1.914729999999999904e-02 -3.148079999999999767e-01 -3.091780000000000084e-01 4.477590000000000042e-02 9.499490000000000434e-01 1.508599999999999941e-01
9.283580000000000165e-01 -1.939120000000000010e-01 3.170950000000000157e-01 -2.824439999999999729e-01 1.986380000000000090e-01 9.799130000000000340e-01 1.769000000000000086e-02 -3.108119999999999772e-01 -3.141559999999999908e-01 4.656450000000000172e-02 9.482289999999999885e-01 1.585989999999999900e-01
9.275820000000000176e-01 -1.919160000000000033e-01 3.205609999999999848e-01 -2.849490000000000078e-01 1.972079999999999944e-01 9.802279999999999882e-01 1.620699999999999918e-02 -3.125430000000000152e-01 -3.173329999999999762e-01 4.818379999999999885e-02 9.470889999999999587e-01 1.619210000000000094e-01
9.271340000000000137e-01 -1.878360000000000030e-01 3.242550000000000154e-01 -2.881469999999999865e-01 1.938310000000000033e-01 9.809350000000000014e-01 1.402349999999999951e-02 -3.132800000000000029e-01 -3.207070000000000198e-01 4.984899999999999748e-02 9.458659999999999846e-01 1.625350000000000128e-01
9.260019999999999918e-01 -1.844899999999999873e-01 3.293699999999999961e-01 -2.916460000000000163e-01 1.907119999999999926e-01 9.815509999999999513e-01 1.362099999999999943e-02 -3.128819999999999935e-01 -3.258059999999999845e-01 5.020179999999999781e-02 9.441030000000000255e-01 1.654009999999999925e-01
9.240509999999999557e-01 -1.847010000000000041e-01 3.346870000000000123e-01 -2.941400000000000126e-01 1.908940000000000081e-01 9.815019999999999856e-01 1.460529999999999988e-02 -3.156649999999999734e-01 -3.311939999999999884e-01 5.039369999999999961e-02 9.422160000000000535e-01 1.676429999999999865e-01
9.218049999999999855e-01 -1.831349999999999922e-01 3.416680000000000272e-01 -2.977710000000000079e-01 1.904029999999999889e-01 9.816270000000000273e-01 1.245630000000000001e-02 -3.149170000000000025e-01 -3.376720000000000277e-01 5.357250000000000206e-02 9.397379999999999622e-01 1.695190000000000030e-01
9.183989999999999654e-01 -1.858650000000000024e-01 3.492830000000000101e-01 -3.001409999999999911e-01 1.933070000000000066e-01 9.810419999999999696e-01 1.376669999999999977e-02 -3.137110000000000176e-01 -3.452189999999999981e-01 5.487550000000000067e-02 9.369159999999999711e-01 1.719130000000000102e-01
9.134799999999999587e-01 -1.914949999999999986e-01 3.590030000000000165e-01 -3.035579999999999945e-01 1.987190000000000067e-01 9.799080000000000013e-01 1.705339999999999981e-02 -3.203230000000000244e-01 -3.550559999999999827e-01 5.576280000000000125e-02 9.331800000000000095e-01 1.709870000000000001e-01
