1.000000000000000000e+00 -1.828239999999999893e-23 -1.913159999999999910e-23 2.476600000000000004e-23 1.828239999999999893e-23 1.000000000000000000e+00 1.160820000000000038e-23 3.408179999999999846e-23 1.913159999999999910e-23 -1.160820000000000038e-23 1.000000000000000000e+00 4.090799999999999805e-23
9.999980000000000535e-01 -2.085699999999999794e-03 -1.427370000000000125e-04 -2.798720000000000201e-03 2.085730000000000049e-03 9.999980000000000535e-01 2.033600000000000045e-04 -1.940319999999999935e-03 1.423119999999999886e-04 -2.036569999999999917e-04 1.000000000000000000e+00 1.020300000000000026e-03
9.999970000000000248e-01 -2.362899999999999810e-03 3.899349999999999995e-04 -4.493370000000000003e-03 2.362720000000000011e-03 9.999970000000000248e-01 4.550520000000000064e-04 -4.742060000000000199e-03 -3.910089999999999963e-04 -4.541290000000000019e-04 1.000000000000000000e+00 1.566740000000000060e-03
9.999970000000000248e-01 -2.217119999999999942e-03 1.112750000000000024e-03 -4.407340000000000042e-03 2.217419999999999895e-03 9.999980000000000535e-01 -2.718900000000000006e-04 -4.918160000000000413e-03 -1.112149999999999901e-03 2.743560000000000139e-04 9.999989999999999712e-01 1.231969999999999984e-03
9.999980000000000535e-01 -1.328909999999999987e-03 1.258290000000000016e-03 -6.180770000000000361e-03 1.327819999999999955e-03 9.999989999999999712e-01 8.674239999999999945e-04 -5.304239999999999997e-03 -1.259439999999999909e-03 -8.657509999999999989e-04 9.999989999999999712e-01 1.655460000000000091e-03
1.000000000000000000e+00 6.177049999999999414e-05 6.040989999999999771e-04 -6.243979999999999669e-03 -6.295720000000000092e-05 9.999980000000000535e-01 1.964630000000000196e-03 -7.563740000000000220e-03 -6.039770000000000078e-04 -1.964669999999999958e-03 9.999980000000000535e-01 1.668240000000000087e-03
9.999989999999999712e-01 2.904809999999999857e-04 1.379199999999999914e-03 -6.361979999999999719e-03 -2.921469999999999796e-04 9.999989999999999712e-01 1.207409999999999907e-03 -7.495210000000000414e-03 -1.378850000000000041e-03 -1.207809999999999917e-03 9.999980000000000535e-01 2.019749999999999844e-03
9.999970000000000248e-01 7.272230000000000404e-04 2.408940000000000040e-03 -6.831480000000000018e-03 -7.374249999999999946e-04 9.999909999999999632e-01 4.237000000000000315e-03 -9.693989999999999552e-03 -2.405829999999999861e-03 -4.238760000000000271e-03 9.999879999999999880e-01 1.987150000000000027e-03
9.999860000000000415e-01 8.162529999999999656e-04 5.286889999999999819e-03 -7.913889999999999814e-03 -8.417259999999999976e-04 9.999879999999999880e-01 4.817690000000000340e-03 -9.033589999999999329e-03 -5.282900000000000096e-03 -4.822070000000000349e-03 9.999740000000000295e-01 2.089039999999999907e-03
9.999829999999999552e-01 6.884740000000000087e-04 5.760379999999999841e-03 -7.200660000000000220e-03 -7.242629999999999468e-04 9.999799999999999800e-01 6.213169999999999631e-03 -9.973499999999999727e-03 -5.755989999999999891e-03 -6.217239999999999746e-03 9.999639999999999640e-01 1.699329999999999981e-03
9.999749999999999472e-01 -5.801419999999999760e-05 7.085310000000000046e-03 -9.544610000000000247e-03 6.873500000000000344e-06 9.999740000000000295e-01 7.217659999999999874e-03 -1.039559999999999963e-02 -7.085540000000000414e-03 -7.217430000000000373e-03 9.999489999999999768e-01 2.532630000000000124e-03
9.999710000000000543e-01 -9.208579999999999847e-04 7.604999999999999781e-03 -1.295969999999999935e-02 8.564729999999999566e-04 9.999639999999999640e-01 8.465000000000000302e-03 -1.351890000000000036e-02 -7.612510000000000283e-03 -8.458240000000000550e-03 9.999350000000000183e-01 3.473350000000000048e-03
9.999689999999999968e-01 -1.801840000000000082e-03 7.728170000000000352e-03 -1.477129999999999936e-02 1.727950000000000015e-03 9.999529999999999808e-01 9.557120000000000545e-03 -1.699080000000000035e-02 -7.745029999999999970e-03 -9.543470000000000078e-03 9.999240000000000350e-01 5.133959999999999912e-03
9.999810000000000088e-01 -1.074120000000000023e-03 6.002320000000000225e-03 -1.574530000000000027e-02 1.020470000000000101e-03 9.999599999999999600e-01 8.934450000000000031e-03 -1.927190000000000153e-02 -6.011670000000000208e-03 -8.928159999999999222e-03 9.999419999999999975e-01 4.820050000000000202e-03
9.999789999999999512e-01 1.975929999999999874e-03 6.218949999999999999e-03 -1.852120000000000155e-02 -2.022060000000000003e-03 9.999700000000000255e-01 7.419850000000000403e-03 -2.077359999999999970e-02 -6.204109999999999660e-03 -7.432270000000000369e-03 9.999529999999999808e-01 5.495719999999999945e-03
9.999719999999999720e-01 4.532109999999999785e-03 5.874540000000000144e-03 -1.889899999999999913e-02 -4.570190000000000016e-03 9.999689999999999968e-01 6.485020000000000194e-03 -2.178110000000000115e-02 -5.844959999999999739e-03 -6.511689999999999666e-03 9.999620000000000175e-01 4.939820000000000148e-03
9.999700000000000255e-01 5.139040000000000101e-03 5.839360000000000037e-03 -2.132459999999999911e-02 -5.165890000000000239e-03 9.999759999999999760e-01 4.593350000000000384e-03 -2.287430000000000019e-02 -5.815609999999999703e-03 -4.623379999999999851e-03 9.999719999999999720e-01 6.016539999999999909e-03
9.999649999999999928e-01 7.529730000000000104e-03 3.571690000000000195e-03 -2.120259999999999853e-02 -7.548899999999999881e-03 9.999569999999999848e-01 5.383719999999999825e-03 -2.476249999999999979e-02 -3.530999999999999851e-03 -5.410489999999999571e-03 9.999789999999999512e-01 4.320369999999999593e-03
9.999569999999999848e-01 8.654439999999999356e-03 3.210269999999999877e-03 -2.014470000000000149e-02 -8.676089999999999150e-03 9.999390000000000223e-01 6.792430000000000342e-03 -2.497399999999999967e-02 -3.151290000000000167e-03 -6.819989999999999733e-03 9.999719999999999720e-01 5.207009999999999764e-03
9.999390000000000223e-01 9.636199999999999280e-03 5.442490000000000348e-03 -1.823779999999999846e-02 -9.682430000000000550e-03 9.999169999999999447e-01 8.532019999999999535e-03 -2.549090000000000036e-02 -5.359820000000000383e-03 -8.584190000000000223e-03 9.999489999999999768e-01 7.326629999999999775e-03
9.999149999999999983e-01 9.087490000000000151e-03 9.384119999999999268e-03 -1.700439999999999938e-02 -9.161620000000000527e-03 9.999270000000000103e-01 7.887349999999999570e-03 -2.653389999999999915e-02 -9.311760000000000523e-03 -7.972649999999999529e-03 9.999249999999999527e-01 9.812690000000000648e-03
9.998439999999999550e-01 7.114999999999999797e-03 1.618150000000000144e-02 -2.176590000000000122e-02 -7.254329999999999806e-03 9.999369999999999647e-01 8.568009999999999168e-03 -3.228439999999999782e-02 -1.611949999999999841e-02 -8.684060000000000390e-03 9.998320000000000540e-01 6.574649999999999592e-03
9.997840000000000060e-01 3.598759999999999893e-03 2.047449999999999964e-02 -2.496260000000000145e-02 -3.815980000000000066e-03 9.999369999999999647e-01 1.058010000000000027e-02 -3.665970000000000339e-02 -2.043510000000000118e-02 -1.065600000000000054e-02 9.997340000000000115e-01 6.299690000000000151e-03
9.997740000000000515e-01 2.016500000000000063e-03 2.118619999999999878e-02 -2.502820000000000045e-02 -2.248630000000000160e-03 9.999379999999999935e-01 1.093859999999999971e-02 -4.004680000000000045e-02 -2.116289999999999838e-02 -1.098380000000000016e-02 9.997160000000000490e-01 6.325169999999999751e-03
9.997770000000000268e-01 2.838509999999999818e-03 2.091880000000000128e-02 -2.583560000000000023e-02 -3.064850000000000040e-03 9.999369999999999647e-01 1.079600000000000004e-02 -4.290630000000000138e-02 -2.088680000000000050e-02 -1.085769999999999964e-02 9.997230000000000283e-01 6.237900000000000215e-03
9.997500000000000275e-01 6.660130000000000217e-03 2.135269999999999876e-02 -2.506490000000000107e-02 -6.884580000000000387e-03 9.999219999999999775e-01 1.045560000000000066e-02 -4.241419999999999912e-02 -2.128139999999999893e-02 -1.060000000000000005e-02 9.997169999999999668e-01 5.069330000000000364e-03
9.996599999999999930e-01 1.032330000000000053e-02 2.396010000000000154e-02 -2.639060000000000017e-02 -1.063910000000000029e-02 9.998580000000000245e-01 1.308869999999999999e-02 -4.323269999999999891e-02 -2.382159999999999833e-02 -1.333920000000000071e-02 9.996270000000000433e-01 6.087509999999999970e-03
9.995889999999999498e-01 1.008560000000000012e-02 2.684579999999999952e-02 -2.471699999999999939e-02 -1.045890000000000014e-02 9.998500000000000165e-01 1.380149999999999953e-02 -4.316029999999999867e-02 -2.670259999999999995e-02 -1.407659999999999988e-02 9.995439999999999880e-01 7.128530000000000109e-03
9.994920000000000471e-01 5.564809999999999895e-03 3.139349999999999780e-02 -2.516979999999999912e-02 -6.061880000000000393e-03 9.998569999999999958e-01 1.576069999999999902e-02 -4.546000000000000041e-02 -3.130140000000000006e-02 -1.594299999999999884e-02 9.993830000000000213e-01 7.136339999999999698e-03
9.993469999999999853e-01 4.835139999999999924e-03 3.581659999999999705e-02 -2.693829999999999836e-02 -5.513889999999999590e-03 9.998070000000000013e-01 1.887609999999999982e-02 -4.680279999999999857e-02 -3.571839999999999737e-02 -1.906129999999999977e-02 9.991799999999999571e-01 6.483820000000000382e-03
9.992480000000000251e-01 6.306459999999999844e-03 3.826530000000000209e-02 -2.672010000000000010e-02 -7.108650000000000212e-03 9.997570000000000068e-01 2.086419999999999941e-02 -4.746580000000000243e-02 -3.812449999999999867e-02 -2.112050000000000038e-02 9.990499999999999936e-01 8.223350000000000798e-03
9.991219999999999546e-01 5.497199999999999830e-03 4.152979999999999866e-02 -2.934209999999999943e-02 -6.342170000000000273e-03 9.997749999999999693e-01 2.024170000000000136e-02 -4.946450000000000152e-02 -4.140909999999999730e-02 -2.048729999999999996e-02 9.989320000000000421e-01 9.958780000000000410e-03
9.990489999999999648e-01 4.305989999999999991e-03 4.339169999999999833e-02 -3.014359999999999956e-02 -5.221120000000000101e-03 9.997660000000000435e-01 2.099890000000000090e-02 -4.962849999999999900e-02 -4.329109999999999903e-02 -2.120539999999999925e-02 9.988369999999999749e-01 9.586719999999999964e-03
9.990019999999999456e-01 2.235029999999999829e-03 4.461810000000000082e-02 -3.103940000000000171e-02 -3.310420000000000116e-03 9.997049999999999548e-01 2.404270000000000018e-02 -5.157230000000000147e-02 -4.455119999999999914e-02 -2.416640000000000107e-02 9.987150000000000194e-01 9.185000000000000456e-03
9.989970000000000239e-01 2.175779999999999988e-03 4.471950000000000230e-02 -3.219989999999999658e-02 -3.342219999999999913e-03 9.996559999999999890e-01 2.602530000000000121e-02 -5.357119999999999937e-02 -4.464749999999999969e-02 -2.614860000000000101e-02 9.986610000000000209e-01 9.898689999999999919e-03
9.989419999999999966e-01 2.338409999999999968e-03 4.592899999999999761e-02 -3.378760000000000097e-02 -3.574170000000000211e-03 9.996329999999999938e-01 2.684220000000000009e-02 -5.367859999999999993e-02 -4.584939999999999849e-02 -2.697789999999999910e-02 9.985840000000000272e-01 1.132690000000000086e-02
9.988540000000000196e-01 1.995910000000000045e-03 4.782329999999999914e-02 -3.710709999999999703e-02 -3.340430000000000135e-03 9.996009999999999618e-01 2.805090000000000014e-02 -5.395429999999999671e-02 -4.774819999999999759e-02 -2.817849999999999869e-02 9.984619999999999607e-01 1.116050000000000028e-02
9.987759999999999971e-01 -2.627849999999999921e-05 4.946930000000000077e-02 -3.747380000000000155e-02 -1.523859999999999928e-03 9.995089999999999808e-01 3.129740000000000300e-02 -5.686839999999999951e-02 -4.944579999999999809e-02 -3.133450000000000124e-02 9.982849999999999779e-01 1.319210000000000001e-02
9.985110000000000374e-01 -2.739099999999999955e-03 5.449020000000000252e-02 -4.125970000000000332e-02 1.028480000000000019e-03 9.995060000000000056e-01 3.139659999999999673e-02 -6.042789999999999967e-02 -5.454930000000000195e-02 -3.129379999999999662e-02 9.980210000000000470e-01 1.608800000000000160e-02
9.983090000000000019e-01 -3.943559999999999600e-03 5.799710000000000282e-02 -4.377629999999999716e-02 2.233129999999999837e-03 9.995610000000000328e-01 2.952700000000000116e-02 -6.253680000000000350e-02 -5.808809999999999668e-02 -2.934749999999999859e-02 9.978799999999999892e-01 1.817109999999999906e-02
9.980269999999999975e-01 -4.646360000000000420e-03 6.260699999999999599e-02 -4.805330000000000018e-02 2.890240000000000083e-03 9.996009999999999618e-01 2.811119999999999938e-02 -6.405800000000000383e-02 -6.271259999999999335e-02 -2.787480000000000166e-02 9.976420000000000288e-01 1.915029999999999857e-02
9.977859999999999507e-01 -9.257170000000000329e-03 6.585530000000000550e-02 -5.167730000000000240e-02 7.402979999999999977e-03 9.995709999999999873e-01 2.834410000000000054e-02 -6.815509999999999624e-02 -6.608940000000000647e-02 -2.779380000000000045e-02 9.974269999999999525e-01 2.087100000000000066e-02
9.975220000000000198e-01 -1.188540000000000083e-02 6.934559999999999336e-02 -5.603380000000000166e-02 9.974490000000000786e-03 9.995629999999999793e-01 2.783810000000000104e-02 -6.999470000000000691e-02 -6.964620000000000533e-02 -2.707740000000000147e-02 9.972039999999999793e-01 2.202720000000000025e-02
9.972020000000000328e-01 -1.457420000000000070e-02 7.332389999999999741e-02 -5.966199999999999976e-02 1.241180000000000061e-02 9.994769999999999488e-01 2.986159999999999856e-02 -7.188780000000000170e-02 -7.372070000000000012e-02 -2.886800000000000130e-02 9.968609999999999971e-01 2.389840000000000020e-02
9.967559999999999754e-01 -1.775650000000000145e-02 7.849689999999999446e-02 -6.428820000000000368e-02 1.518369999999999963e-02 9.993319999999999981e-01 3.325260000000000021e-02 -7.444620000000000404e-02 -7.903490000000000515e-02 -3.195280000000000342e-02 9.963600000000000234e-01 2.584969999999999976e-02
9.962039999999999784e-01 -2.218140000000000042e-02 8.417009999999999770e-02 -6.888510000000000466e-02 1.921020000000000019e-02 9.991689999999999738e-01 3.594800000000000079e-02 -7.916739999999999888e-02 -8.489750000000000074e-02 -3.419470000000000148e-02 9.958029999999999937e-01 2.841749999999999832e-02
9.954950000000000188e-01 -2.811879999999999935e-02 9.054520000000000624e-02 -7.360260000000000413e-02 2.485930000000000084e-02 9.990090000000000359e-01 3.692759999999999793e-02 -8.318219999999999781e-02 -9.149380000000000013e-02 -3.451039999999999663e-02 9.952069999999999528e-01 3.065810000000000063e-02
9.947529999999999983e-01 -3.335599999999999676e-02 9.671219999999999817e-02 -7.852299999999999558e-02 2.982749999999999985e-02 9.988439999999999541e-01 3.770430000000000309e-02 -8.886090000000000655e-02 -9.785800000000000054e-02 -3.462180000000000119e-02 9.945979999999999821e-01 3.344720000000000332e-02
9.940489999999999604e-01 -3.797570000000000112e-02 1.020979999999999943e-01 -8.386269999999999836e-02 3.457140000000000213e-02 9.987920000000000131e-01 3.490850000000000203e-02 -9.416990000000000083e-02 -1.033010000000000039e-01 -3.117110000000000020e-02 9.941619999999999902e-01 3.548679999999999890e-02
9.933870000000000200e-01 -4.076160000000000200e-02 1.073360000000000009e-01 -9.189490000000000158e-02 3.758050000000000279e-02 9.987970000000000459e-01 3.149590000000000029e-02 -9.715450000000000474e-02 -1.084900000000000031e-01 -2.725380000000000164e-02 9.937240000000000517e-01 3.498459999999999764e-02
9.929200000000000248e-01 -4.448780000000000096e-02 1.101440000000000058e-01 -9.822269999999999612e-02 4.106930000000000303e-02 9.986070000000000224e-01 3.311399999999999760e-02 -9.920360000000000289e-02 -1.114639999999999936e-01 -2.835599999999999926e-02 9.933640000000000247e-01 3.418079999999999730e-02
9.924429999999999641e-01 -4.863119999999999943e-02 1.126569999999999933e-01 -1.039289999999999936e-01 4.482089999999999685e-02 9.983419999999999517e-01 3.611240000000000283e-02 -1.020199999999999996e-01 -1.142259999999999942e-01 -3.079020000000000021e-02 9.929769999999999985e-01 3.618740000000000151e-02
9.916810000000000347e-01 -5.229339999999999683e-02 1.176210000000000033e-01 -1.094699999999999979e-01 4.796389999999999681e-02 9.980740000000000167e-01 3.934519999999999684e-02 -1.038759999999999961e-01 -1.194520000000000026e-01 -3.337640000000000051e-02 9.922790000000000221e-01 3.674940000000000151e-02
9.903899999999999926e-01 -5.706100000000000061e-02 1.259840000000000126e-01 -1.157419999999999977e-01 5.173139999999999683e-02 9.976380000000000248e-01 4.518069999999999725e-02 -1.072980000000000045e-01 -1.282639999999999891e-01 -3.822919999999999791e-02 9.910029999999999673e-01 3.835709999999999814e-02
9.886949999999999905e-01 -6.334679999999999478e-02 1.359029999999999960e-01 -1.239959999999999951e-01 5.670909999999999840e-02 9.970269999999999966e-01 5.217320000000000291e-02 -1.102309999999999957e-01 -1.388040000000000107e-01 -4.387640000000000290e-02 9.893469999999999764e-01 3.953179999999999888e-02
9.873399999999999954e-01 -6.975589999999999569e-02 1.424590000000000023e-01 -1.306309999999999971e-01 6.198870000000000074e-02 9.963750000000000107e-01 5.825629999999999697e-02 -1.151829999999999937e-01 -1.460069999999999979e-01 -4.868789999999999923e-02 9.880849999999999911e-01 4.357289999999999774e-02
9.857930000000000303e-01 -7.732279999999999709e-02 1.491069999999999895e-01 -1.380609999999999893e-01 6.912600000000000688e-02 9.958380000000000010e-01 5.940100000000000241e-02 -1.198079999999999978e-01 -1.530789999999999929e-01 -4.825000000000000122e-02 9.870349999999999957e-01 4.577019999999999700e-02
9.840410000000000545e-01 -8.554280000000000217e-02 1.560300000000000020e-01 -1.459320000000000062e-01 7.700709999999999500e-02 9.952260000000000550e-01 5.996429999999999816e-02 -1.229530000000000067e-01 -1.604140000000000010e-01 -4.699190000000000311e-02 9.859310000000000018e-01 4.477860000000000174e-02
9.819860000000000255e-01 -9.400559999999999472e-02 1.639100000000000001e-01 -1.526079999999999937e-01 8.460810000000000553e-02 9.943940000000000001e-01 6.341689999999999827e-02 -1.260290000000000021e-01 -1.689519999999999911e-01 -4.840640000000000220e-02 9.844349999999999490e-01 4.661869999999999903e-02
9.797470000000000345e-01 -1.025839999999999946e-01 1.719650000000000067e-01 -1.591120000000000034e-01 9.268289999999999862e-02 9.935929999999999485e-01 6.467080000000000051e-02 -1.311440000000000106e-01 -1.774969999999999881e-01 -4.742289999999999700e-02 9.829780000000000184e-01 4.805489999999999762e-02
9.778900000000000370e-01 -1.084930000000000061e-01 1.787729999999999875e-01 -1.657760000000000067e-01 9.872359999999999469e-02 9.931379999999999653e-01 6.269239999999999535e-02 -1.344249999999999889e-01 -1.843480000000000119e-01 -4.365720000000000017e-02 9.818909999999999583e-01 4.867599999999999705e-02
9.762929999999999664e-01 -1.133220000000000061e-01 1.844159999999999966e-01 -1.712160000000000071e-01 1.038120000000000015e-01 9.927580000000000293e-01 6.046080000000000204e-02 -1.356340000000000046e-01 -1.899319999999999897e-01 -3.988280000000000297e-02 9.809870000000000534e-01 4.935289999999999816e-02
9.743159999999999599e-01 -1.178779999999999967e-01 1.918670000000000098e-01 -1.777769999999999906e-01 1.080080000000000068e-01 9.922680000000000389e-01 6.114689999999999709e-02 -1.376320000000000043e-01 -1.975909999999999889e-01 -3.885319999999999746e-02 9.795139999999999958e-01 4.917529999999999818e-02
9.719919999999999671e-01 -1.222789999999999988e-01 2.006960000000000133e-01 -1.842600000000000071e-01 1.121069999999999983e-01 9.918010000000000437e-01 6.133670000000000094e-02 -1.403679999999999928e-01 -2.065500000000000114e-01 -3.711949999999999972e-02 9.777320000000000455e-01 5.164060000000000178e-02
9.697689999999999921e-01 -1.263380000000000059e-01 2.087739999999999874e-01 -1.908710000000000129e-01 1.164899999999999963e-01 9.914460000000000495e-01 5.886399999999999966e-02 -1.432489999999999875e-01 -2.144250000000000045e-01 -3.276439999999999908e-02 9.761910000000000309e-01 5.182200000000000001e-02
9.679470000000000018e-01 -1.301259999999999917e-01 2.148130000000000039e-01 -1.962879999999999903e-01 1.204800000000000038e-01 9.910510000000000153e-01 5.746249999999999969e-02 -1.454409999999999870e-01 -2.203690000000000093e-01 -2.973999999999999908e-02 9.749630000000000241e-01 5.115179999999999727e-02
9.662889999999999535e-01 -1.339180000000000093e-01 2.198890000000000011e-01 -2.025440000000000018e-01 1.241840000000000027e-01 9.905880000000000241e-01 5.757260000000000155e-02 -1.475289999999999935e-01 -2.255290000000000072e-01 -2.832499999999999948e-02 9.738250000000000517e-01 5.069710000000000188e-02
9.645620000000000305e-01 -1.374390000000000056e-01 2.252339999999999898e-01 -2.104219999999999979e-01 1.277570000000000094e-01 9.901619999999999866e-01 5.708069999999999811e-02 -1.503249999999999864e-01 -2.308630000000000126e-01 -2.628259999999999971e-02 9.726310000000000233e-01 5.374849999999999767e-02
9.634009999999999518e-01 -1.419620000000000049e-01 2.273870000000000058e-01 -2.167890000000000095e-01 1.328979999999999884e-01 9.896150000000000224e-01 5.476949999999999874e-02 -1.538269999999999915e-01 -2.328010000000000079e-01 -2.254569999999999838e-02 9.722629999999999884e-01 5.188639999999999919e-02
9.624789999999999734e-01 -1.455049999999999955e-01 2.290480000000000016e-01 -2.233219999999999927e-01 1.367200000000000082e-01 9.891450000000000520e-01 5.385729999999999684e-02 -1.555729999999999891e-01 -2.343979999999999952e-01 -2.052110000000000045e-02 9.719240000000000101e-01 5.121180000000000176e-02
9.617620000000000058e-01 -1.482289999999999996e-01 2.303109999999999880e-01 -2.307809999999999861e-01 1.398340000000000138e-01 9.887850000000000250e-01 5.244759999999999700e-02 -1.572550000000000059e-01 -2.355019999999999891e-01 -1.823680000000000093e-02 9.717029999999999834e-01 5.274070000000000147e-02
9.616559999999999553e-01 -1.488230000000000108e-01 2.303669999999999884e-01 -2.367690000000000072e-01 1.409060000000000035e-01 9.887320000000000553e-01 5.053850000000000009e-02 -1.569699999999999984e-01 -2.352930000000000021e-01 -1.614049999999999860e-02 9.717909999999999604e-01 5.270640000000000047e-02
9.617320000000000313e-01 -1.485950000000000049e-01 2.301960000000000117e-01 -2.423410000000000009e-01 1.408399999999999930e-01 9.887759999999999883e-01 4.986020000000000035e-02 -1.574939999999999951e-01 -2.350210000000000077e-01 -1.553140000000000076e-02 9.718660000000000077e-01 5.235719999999999957e-02
9.616500000000000048e-01 -1.489499999999999991e-01 2.303109999999999880e-01 -2.486849999999999894e-01 1.410160000000000025e-01 9.887120000000000353e-01 5.062830000000000108e-02 -1.581589999999999940e-01 -2.352519999999999889e-01 -1.620920000000000000e-02 9.717989999999999684e-01 5.388649999999999690e-02
9.622300000000000297e-01 -1.494759999999999978e-01 2.275300000000000100e-01 -2.522170000000000245e-01 1.415869999999999906e-01 9.886270000000000335e-01 5.070170000000000232e-02 -1.614440000000000042e-01 -2.325210000000000055e-01 -1.657149999999999943e-02 9.724500000000000366e-01 5.620569999999999733e-02
9.623909999999999965e-01 -1.490640000000000021e-01 2.271189999999999876e-01 -2.592690000000000272e-01 1.418149999999999966e-01 9.887289999999999690e-01 4.800080000000000319e-02 -1.624150000000000038e-01 -2.317150000000000043e-01 -1.398660000000000007e-02 9.726829999999999643e-01 5.874039999999999817e-02
9.630750000000000144e-01 -1.498019999999999907e-01 2.237079999999999902e-01 -2.634150000000000102e-01 1.432080000000000020e-01 9.886460000000000248e-01 4.550690000000000290e-02 -1.637840000000000129e-01 -2.279849999999999932e-01 -1.178970000000000018e-02 9.735930000000000417e-01 5.922140000000000043e-02
9.636599999999999611e-01 -1.495910000000000017e-01 2.213170000000000137e-01 -2.667709999999999804e-01 1.433429999999999982e-01 9.886890000000000400e-01 4.412259999999999793e-02 -1.658789999999999987e-01 -2.254140000000000033e-01 -1.079480000000000023e-02 9.742030000000000411e-01 6.003959999999999853e-02
9.638499999999999845e-01 -1.492140000000000133e-01 2.207469999999999988e-01 -2.704190000000000205e-01 1.431759999999999977e-01 9.887540000000000218e-01 4.319810000000000316e-02 -1.663300000000000056e-01 -2.247099999999999931e-01 -1.003079999999999944e-02 9.743739999999999624e-01 6.219770000000000160e-02
9.644730000000000247e-01 -1.489099999999999868e-01 2.182159999999999933e-01 -2.742459999999999898e-01 1.434590000000000032e-01 9.888190000000000035e-01 4.070549999999999863e-02 -1.676739999999999897e-01 -2.218370000000000064e-01 -7.954330000000000775e-03 9.750510000000000010e-01 6.348020000000000052e-02
9.654110000000000191e-01 -1.490450000000000108e-01 2.139310000000000100e-01 -2.767640000000000100e-01 1.438000000000000111e-01 9.888000000000000123e-01 3.995970000000000077e-02 -1.692609999999999948e-01 -2.174909999999999899e-01 -7.814170000000000491e-03 9.760309999999999819e-01 6.539849999999999830e-02
9.657090000000000396e-01 -1.510710000000000108e-01 2.111460000000000004e-01 -2.799610000000000154e-01 1.455480000000000107e-01 9.884779999999999678e-01 4.155269999999999797e-02 -1.704549999999999954e-01 -2.149909999999999877e-01 -9.395970000000000016e-03 9.765709999999999669e-01 6.854559999999999820e-02
9.660060000000000313e-01 -1.529689999999999939e-01 2.084060000000000079e-01 -2.789630000000000165e-01 1.474830000000000030e-01 9.881849999999999801e-01 4.170709999999999695e-02 -1.736729999999999940e-01 -2.123240000000000127e-01 -9.552899999999999586e-03 9.771530000000000493e-01 7.410890000000000533e-02
9.658149999999999791e-01 -1.539379999999999915e-01 2.085760000000000114e-01 -2.813379999999999770e-01 1.487140000000000128e-01 9.880470000000000086e-01 4.059700000000000114e-02 -1.773649999999999949e-01 -2.123319999999999930e-01 -8.191179999999999295e-03 9.771630000000000038e-01 7.656649999999999567e-02
9.655979999999999563e-01 -1.557610000000000106e-01 2.082279999999999964e-01 -2.825409999999999866e-01 1.507310000000000039e-01 9.877690000000000081e-01 3.990769999999999734e-02 -1.811490000000000045e-01 -2.118970000000000020e-01 -7.148400000000000067e-03 9.772659999999999680e-01 7.981019999999999781e-02
9.652169999999999916e-01 -1.583549999999999958e-01 2.080400000000000027e-01 -2.829260000000000108e-01 1.538019999999999943e-01 9.873709999999999987e-01 3.798819999999999975e-02 -1.846510000000000096e-01 -2.114280000000000048e-01 -4.669920000000000147e-03 9.773819999999999730e-01 8.395149999999999835e-02
9.648750000000000382e-01 -1.607389999999999930e-01 2.077970000000000095e-01 -2.839570000000000149e-01 1.563589999999999980e-01 9.869900000000000340e-01 3.744650000000000062e-02 -1.874180000000000013e-01 -2.111129999999999951e-01 -3.640220000000000001e-03 9.774549999999999628e-01 8.727780000000000260e-02
9.643500000000000405e-01 -1.641700000000000104e-01 2.075510000000000133e-01 -2.840730000000000199e-01 1.598410000000000108e-01 9.864270000000000538e-01 3.757520000000000304e-02 -1.911789999999999878e-01 -2.109030000000000071e-01 -3.060460000000000090e-03 9.775019999999999820e-01 9.111940000000000317e-02
9.637630000000000363e-01 -1.672059999999999935e-01 2.078550000000000120e-01 -2.830289999999999750e-01 1.623259999999999981e-01 9.859080000000000066e-01 4.044240000000000335e-02 -1.953229999999999966e-01 -2.116889999999999883e-01 -5.236560000000000346e-03 9.773230000000000528e-01 9.526850000000000596e-02
9.628229999999999844e-01 -1.696419999999999872e-01 2.102229999999999932e-01 -2.824699999999999989e-01 1.644609999999999961e-01 9.854880000000000306e-01 4.201989999999999892e-02 -2.014380000000000059e-01 -2.143009999999999915e-01 -5.884170000000000199e-03 9.767500000000000071e-01 1.018730000000000052e-01
9.616630000000000456e-01 -1.702130000000000032e-01 2.150170000000000137e-01 -2.819579999999999864e-01 1.657579999999999887e-01 9.854060000000000041e-01 3.871900000000000341e-02 -2.055289999999999895e-01 -2.184689999999999965e-01 -1.593900000000000091e-03 9.758430000000000160e-01 1.079750000000000015e-01
9.606130000000000502e-01 -1.701090000000000102e-01 2.197409999999999919e-01 -2.813610000000000277e-01 1.659640000000000004e-01 9.854249999999999954e-01 3.733199999999999713e-02 -2.087040000000000006e-01 -2.228890000000000038e-01 6.074290000000000418e-04 9.748440000000000438e-01 1.109669999999999962e-01
9.592899999999999761e-01 -1.702770000000000117e-01 2.253169999999999895e-01 -2.802520000000000011e-01 1.655800000000000050e-01 9.853960000000000496e-01 3.972769999999999774e-02 -2.135740000000000138e-01 -2.287909999999999944e-01 -8.025429999999999630e-04 9.734749999999999792e-01 1.165770000000000001e-01
9.580819999999999892e-01 -1.698870000000000102e-01 2.306900000000000062e-01 -2.767580000000000040e-01 1.646940000000000071e-01 9.854619999999999491e-01 4.173020000000000201e-02 -2.195199999999999929e-01 -2.344249999999999945e-01 -1.987730000000000052e-03 9.721319999999999961e-01 1.224579999999999974e-01
9.562589999999999701e-01 -1.683369999999999866e-01 2.392289999999999972e-01 -2.753309999999999924e-01 1.630639999999999867e-01 9.857289999999999663e-01 4.181569999999999732e-02 -2.227040000000000131e-01 -2.428539999999999865e-01 -9.769909999999999706e-04 9.700619999999999798e-01 1.275999999999999912e-01
9.542629999999999724e-01 -1.658260000000000012e-01 2.487659999999999871e-01 -2.750949999999999784e-01 1.597649999999999904e-01 9.861509999999999998e-01 4.450830000000000064e-02 -2.257679999999999965e-01 -2.527019999999999822e-01 -2.728470000000000201e-03 9.675399999999999556e-01 1.328680000000000139e-01
9.519830000000000236e-01 -1.664480000000000126e-01 2.569500000000000117e-01 -2.736410000000000231e-01 1.587969999999999937e-01 9.860240000000000116e-01 5.039919999999999817e-02 -2.293999999999999928e-01 -2.617470000000000074e-01 -7.176440000000000076e-03 9.651100000000000234e-01 1.384509999999999907e-01
9.492410000000000014e-01 -1.694249999999999923e-01 2.650230000000000086e-01 -2.743079999999999963e-01 1.607099999999999917e-01 9.855019999999999891e-01 5.439549999999999941e-02 -2.347249999999999892e-01 -2.703969999999999985e-01 -9.042559999999999834e-03 9.627069999999999794e-01 1.453149999999999997e-01
9.468419999999999614e-01 -1.743540000000000090e-01 2.703530000000000100e-01 -2.742680000000000118e-01 1.649470000000000103e-01 9.846350000000000380e-01 5.731870000000000021e-02 -2.403830000000000133e-01 -2.761930000000000218e-01 -9.677609999999999685e-03 9.610530000000000461e-01 1.502149999999999874e-01
9.440330000000000110e-01 -1.802680000000000116e-01 2.762319999999999776e-01 -2.748909999999999965e-01 1.705000000000000127e-01 9.835779999999999523e-01 5.919089999999999768e-02 -2.453049999999999953e-01 -2.823660000000000059e-01 -8.780659999999999160e-03 9.592659999999999521e-01 1.566809999999999869e-01
9.416360000000000285e-01 -1.864470000000000016e-01 2.802850000000000064e-01 -2.738539999999999863e-01 1.765960000000000030e-01 9.824380000000000335e-01 6.023740000000000344e-02 -2.503340000000000010e-01 -2.865940000000000154e-01 -7.224310000000000280e-03 9.580250000000000155e-01 1.612510000000000054e-01
9.395210000000000505e-01 -1.905719999999999914e-01 2.845739999999999936e-01 -2.750429999999999819e-01 1.807719999999999883e-01 9.816580000000000306e-01 6.057259999999999728e-02 -2.578139999999999876e-01 -2.908979999999999899e-01 -5.466320000000000207e-03 9.567379999999999773e-01 1.677279999999999882e-01
9.385630000000000361e-01 -1.896200000000000108e-01 2.883479999999999932e-01 -2.747550000000000270e-01 1.813309999999999922e-01 9.818580000000000085e-01 5.545089999999999741e-02 -2.624029999999999974e-01 -2.936309999999999754e-01 2.423550000000000064e-04 9.559189999999999632e-01 1.748339999999999894e-01
9.373510000000000453e-01 -1.894039999999999890e-01 2.924019999999999953e-01 -2.743929999999999980e-01 1.822719999999999896e-01 9.818869999999999543e-01 5.171160000000000340e-02 -2.694670000000000121e-01 -2.968999999999999972e-01 4.824619999999999950e-03 9.548959999999999670e-01 1.803059999999999941e-01
9.359760000000000302e-01 -1.889840000000000131e-01 2.970419999999999727e-01 -2.749610000000000110e-01 1.836099999999999954e-01 9.819149999999999823e-01 4.616019999999999845e-02 -2.735409999999999786e-01 -3.003930000000000211e-01 1.133499999999999959e-02 9.537480000000000402e-01 1.856869999999999910e-01
9.342279999999999474e-01 -1.913710000000000133e-01 3.009899999999999798e-01 -2.754489999999999994e-01 1.869649999999999923e-01 9.813960000000000461e-01 4.366479999999999667e-02 -2.785020000000000273e-01 -3.037469999999999892e-01 1.548180000000000042e-02 9.526270000000000016e-01 1.917609999999999870e-01
9.324569999999999803e-01 -1.939390000000000003e-01 3.048130000000000006e-01 -2.764570000000000083e-01 1.905540000000000012e-01 9.808149999999999924e-01 4.112509999999999777e-02 -2.842899999999999872e-01 -3.069410000000000194e-01 1.973600000000000007e-02 9.515240000000000364e-01 1.985470000000000013e-01
9.313770000000000104e-01 -1.941789999999999905e-01 3.079459999999999975e-01 -2.785529999999999951e-01 1.921599999999999975e-01 9.806589999999999474e-01 3.718199999999999977e-02 -2.882359999999999922e-01 -3.092099999999999849e-01 2.454430000000000153e-02 9.506769999999999943e-01 2.050730000000000053e-01
9.311160000000000547e-01 -1.946489999999999887e-01 3.084379999999999900e-01 -2.780159999999999854e-01 1.939269999999999883e-01 9.804500000000000437e-01 3.331019999999999814e-02 -2.951969999999999872e-01 -3.088919999999999999e-01 2.879900000000000168e-02 9.506609999999999783e-01 2.104709999999999914e-01
9.306499999999999773e-01 -1.936249999999999916e-01 3.104830000000000090e-01 -2.782800000000000273e-01 1.950240000000000029e-01 9.804310000000000525e-01 2.685090000000000046e-02 -2.948290000000000077e-01 -3.096059999999999923e-01 3.556299999999999739e-02 9.502000000000000446e-01 2.134060000000000124e-01
9.290960000000000329e-01 -1.971440000000000137e-01 3.129140000000000255e-01 -2.805610000000000048e-01 1.980999999999999983e-01 9.797500000000000098e-01 2.907459999999999906e-02 -2.981909999999999838e-01 -3.123099999999999765e-01 3.497539999999999677e-02 9.493359999999999577e-01 2.195400000000000129e-01
9.277269999999999683e-01 -2.032509999999999872e-01 3.130689999999999862e-01 -2.809280000000000110e-01 2.044009999999999994e-01 9.784420000000000339e-01 2.951650000000000107e-02 -3.024479999999999946e-01 -3.123190000000000133e-01 3.660839999999999927e-02 9.492720000000000047e-01 2.229690000000000005e-01
9.269410000000000149e-01 -2.070950000000000013e-01 3.128759999999999875e-01 -2.815880000000000050e-01 2.083069999999999922e-01 9.776049999999999462e-01 2.994170000000000165e-02 -3.059629999999999850e-01 -3.120700000000000141e-01 3.742020000000000068e-02 9.493219999999999992e-01 2.266330000000000011e-01
9.266039999999999832e-01 -2.099360000000000115e-01 3.119790000000000063e-01 -2.815030000000000032e-01 2.108559999999999879e-01 9.770189999999999708e-01 3.119260000000000088e-02 -3.099930000000000185e-01 -3.113580000000000236e-01 3.687939999999999968e-02 9.495770000000000044e-01 2.308530000000000026e-01
9.261580000000000368e-01 -2.120190000000000130e-01 3.118969999999999798e-01 -2.812089999999999868e-01 2.130799999999999916e-01 9.765399999999999636e-01 3.109740000000000074e-02 -3.145350000000000090e-01 -3.111729999999999774e-01 3.765790000000000110e-02 9.496069999999999789e-01 2.359980000000000133e-01
9.253510000000000346e-01 -2.142940000000000123e-01 3.127349999999999852e-01 -2.823869999999999991e-01 2.164739999999999998e-01 9.758820000000000272e-01 2.817590000000000025e-02 -3.192409999999999970e-01 -3.112300000000000066e-01 4.162620000000000209e-02 9.494219999999999882e-01 2.397940000000000071e-01
9.252669999999999506e-01 -2.149399999999999922e-01 3.125399999999999845e-01 -2.844490000000000074e-01 2.183400000000000063e-01 9.755650000000000155e-01 2.452319999999999847e-02 -3.218889999999999807e-01 -3.101729999999999765e-01 4.554949999999999971e-02 9.495879999999999876e-01 2.420549999999999924e-01
9.254069999999999796e-01 -2.152739999999999931e-01 3.118969999999999798e-01 -2.848510000000000209e-01 2.191549999999999887e-01 9.754190000000000360e-01 2.300489999999999827e-02 -3.261359999999999815e-01 -3.091820000000000124e-01 4.706479999999999692e-02 9.498370000000000424e-01 2.452439999999999898e-01
9.252209999999999601e-01 -2.148670000000000024e-01 3.127269999999999772e-01 -2.864789999999999837e-01 2.199299999999999866e-01 9.753220000000000223e-01 1.944480000000000167e-02 -3.280120000000000258e-01 -3.091869999999999896e-01 5.078730000000000050e-02 9.496440000000000436e-01 2.471889999999999921e-01
9.247370000000000312e-01 -2.129729999999999956e-01 3.154440000000000022e-01 -2.881360000000000032e-01 2.185940000000000105e-01 9.756519999999999637e-01 1.789560000000000109e-02 -3.280710000000000015e-01 -3.115740000000000176e-01 5.240550000000000069e-02 9.487759999999999527e-01 2.482099999999999862e-01
9.240530000000000133e-01 -2.117979999999999863e-01 3.182269999999999821e-01 -2.897239999999999815e-01 2.174530000000000074e-01 9.759029999999999649e-01 1.809010000000000132e-02 -3.300699999999999745e-01 -3.143900000000000028e-01 5.248300000000000187e-02 9.478419999999999623e-01 2.519719999999999738e-01
9.237130000000000063e-01 -2.095539999999999903e-01 3.206879999999999731e-01 -2.913430000000000186e-01 2.160259999999999958e-01 9.762610000000000454e-01 1.569469999999999893e-02 -3.299579999999999735e-01 -3.163639999999999786e-01 5.477959999999999774e-02 9.470549999999999802e-01 2.523239999999999927e-01
9.231030000000000069e-01 -2.064519999999999966e-01 3.244369999999999754e-01 -2.941960000000000131e-01 2.128110000000000002e-01 9.769600000000000506e-01 1.617769999999999972e-02 -3.307149999999999812e-01 -3.203010000000000024e-01 5.410990000000000244e-02 9.457689999999999708e-01 2.557599999999999874e-01
9.221319999999999517e-01 -2.050929999999999975e-01 3.280379999999999963e-01 -2.967049999999999965e-01 2.119659999999999878e-01 9.771609999999999463e-01 1.508349999999999969e-02 -3.330830000000000179e-01 -3.236399999999999832e-01 5.562410000000000271e-02 9.445440000000000502e-01 2.590759999999999730e-01
9.217760000000000398e-01 -2.008449999999999958e-01 3.316490000000000271e-01 -2.994530000000000247e-01 2.085180000000000089e-01 9.779360000000000275e-01 1.268440000000000019e-02 -3.331930000000000169e-01 -3.268789999999999751e-01 5.746260000000000256e-02 9.433179999999999898e-01 2.604290000000000216e-01
9.207899999999999974e-01 -1.969049999999999967e-01 3.367100000000000093e-01 -3.030829999999999913e-01 2.048230000000000051e-01 9.787230000000000096e-01 1.222400000000000049e-02 -3.323909999999999920e-01 -3.319529999999999981e-01 5.771029999999999910e-02 9.415289999999999493e-01 2.632340000000000235e-01
9.186140000000000416e-01 -1.974770000000000136e-01 3.422729999999999939e-01 -3.053319999999999923e-01 2.053820000000000090e-01 9.785899999999999599e-01 1.338890000000000045e-02 -3.355290000000000217e-01 -3.375889999999999724e-01 5.799730000000000163e-02 9.395050000000000345e-01 2.659150000000000125e-01
9.164499999999999869e-01 -1.960020000000000095e-01 3.488589999999999747e-01 -3.087309999999999777e-01 2.049610000000000043e-01 9.787029999999999896e-01 1.144109999999999919e-02 -3.350549999999999917e-01 -3.436719999999999775e-01 6.101700000000000179e-02 9.371059999999999945e-01 2.670980000000000021e-01
9.126619999999999733e-01 -1.985850000000000115e-01 3.572279999999999900e-01 -3.117360000000000131e-01 2.075089999999999990e-01 9.781389999999999807e-01 1.359800000000000071e-02 -3.347919999999999785e-01 -3.521190000000000153e-01 6.171750000000000153e-02 9.339180000000000259e-01 2.694559999999999733e-01
9.076429999999999776e-01 -2.033909999999999885e-01 3.671730000000000271e-01 -3.151490000000000125e-01 2.127789999999999959e-01 9.769820000000000171e-01 1.520299999999999950e-02 -3.374179999999999957e-01 -3.618129999999999957e-01 6.432780000000000442e-02 9.300279999999999658e-01 2.714059999999999806e-01
9.030820000000000514e-01 -2.043959999999999944e-01 3.777119999999999922e-01 -3.224310000000000231e-01 2.148760000000000114e-01 9.765310000000000379e-01 1.468900000000000067e-02 -3.353940000000000254e-01 -3.718489999999999851e-01 6.789589999999999514e-02 9.258070000000000466e-01 2.717860000000000276e-01
