1.000000000000000000e+00 5.208650000000000359e-24 3.068409999999999880e-24 3.665970000000000062e-23 -5.208650000000000359e-24 1.000000000000000000e+00 -7.296710000000000306e-24 -1.406809999999999883e-23 -3.068409999999999880e-24 7.296710000000000306e-24 1.000000000000000000e+00 2.002910000000000124e-23
9.999980000000000535e-01 -2.161039999999999923e-03 -2.493309999999999884e-04 -2.615950000000000133e-03 2.161100000000000000e-03 9.999980000000000535e-01 2.268109999999999940e-04 -1.982690000000000060e-03 2.488400000000000095e-04 -2.273499999999999968e-04 1.000000000000000000e+00 9.989199999999999295e-04
9.999970000000000248e-01 -2.379440000000000027e-03 6.168079999999999397e-05 -4.047829999999999658e-03 2.379399999999999831e-03 9.999970000000000248e-01 6.420269999999999840e-04 -4.833770000000000254e-03 -6.320819999999999564e-05 -6.418780000000000232e-04 1.000000000000000000e+00 1.507260000000000067e-03
9.999970000000000248e-01 -2.097970000000000217e-03 1.075020000000000099e-03 -4.457820000000000359e-03 2.098590000000000004e-03 9.999980000000000535e-01 -5.757229999999999900e-04 -4.165119999999999587e-03 -1.073809999999999912e-03 5.779770000000000263e-04 9.999989999999999712e-01 1.803020000000000013e-03
9.999989999999999712e-01 -1.017380000000000020e-03 9.733780000000000036e-04 -5.871249999999999733e-03 1.016640000000000078e-03 9.999989999999999712e-01 7.682099999999999649e-04 -4.914309999999999859e-03 -9.741580000000000334e-04 -7.672199999999999897e-04 9.999989999999999712e-01 2.131339999999999797e-03
1.000000000000000000e+00 -2.337279999999999923e-06 2.483629999999999801e-04 -5.746499999999999872e-03 1.847300000000000084e-06 9.999980000000000535e-01 1.972859999999999892e-03 -7.389149999999999711e-03 -2.483669999999999888e-04 -1.972859999999999892e-03 9.999980000000000535e-01 1.919710000000000036e-03
1.000000000000000000e+00 1.384400000000000094e-04 5.073470000000000063e-04 -5.130199999999999691e-03 -1.393289999999999937e-04 9.999980000000000535e-01 1.753769999999999982e-03 -8.343810000000000116e-03 -5.071039999999999749e-04 -1.753840000000000000e-03 9.999980000000000535e-01 1.280260000000000079e-03
9.999989999999999712e-01 5.311569999999999833e-04 1.552989999999999969e-03 -5.296020000000000241e-03 -5.372089999999999721e-04 9.999919999999999920e-01 3.898930000000000104e-03 -9.306729999999999170e-03 -1.550909999999999962e-03 -3.899759999999999945e-03 9.999909999999999632e-01 1.857509999999999934e-03
9.999860000000000415e-01 7.016900000000000394e-04 5.192640000000000103e-03 -8.204980000000000606e-03 -7.278259999999999938e-04 9.999869999999999592e-01 5.033179999999999946e-03 -9.438590000000000174e-03 -5.189039999999999798e-03 -5.036889999999999597e-03 9.999740000000000295e-01 2.139400000000000069e-03
9.999810000000000088e-01 5.498210000000000337e-04 6.084240000000000308e-03 -8.049979999999999983e-03 -5.873500000000000465e-04 9.999810000000000088e-01 6.168100000000000145e-03 -9.475759999999999739e-03 -6.080730000000000336e-03 -6.171560000000000414e-03 9.999620000000000175e-01 3.086540000000000030e-03
9.999839999999999840e-01 -4.422210000000000203e-04 5.721369999999999928e-03 -7.233790000000000359e-03 3.933620000000000194e-04 9.999630000000000463e-01 8.537970000000000628e-03 -1.253849999999999930e-02 -5.724929999999999602e-03 -8.535579999999999209e-03 9.999470000000000303e-01 1.361950000000000010e-03
9.999770000000000048e-01 -1.239679999999999949e-03 6.660169999999999979e-03 -1.112310000000000035e-02 1.173739999999999940e-03 9.999500000000000055e-01 9.895670000000000507e-03 -1.634520000000000070e-02 -6.672110000000000193e-03 -9.887619999999999743e-03 9.999289999999999567e-01 2.016599999999999903e-03
9.999759999999999760e-01 -2.462520000000000160e-03 6.496359999999999635e-03 -1.218299999999999939e-02 2.388739999999999874e-03 9.999329999999999607e-01 1.133989999999999998e-02 -2.013939999999999828e-02 -6.523850000000000308e-03 -1.132410000000000014e-02 9.999149999999999983e-01 2.986030000000000195e-03
9.999879999999999880e-01 -1.639810000000000009e-03 4.643940000000000047e-03 -1.304420000000000059e-02 1.589530000000000023e-03 9.999400000000000510e-01 1.081110000000000057e-02 -2.245660000000000017e-02 -4.661389999999999631e-03 -1.080360000000000001e-02 9.999310000000000143e-01 2.955029999999999983e-03
9.999869999999999592e-01 1.540240000000000012e-03 4.915909999999999898e-03 -1.606010000000000076e-02 -1.583399999999999998e-03 9.999599999999999600e-01 8.787190000000000278e-03 -2.306820000000000051e-02 -4.902179999999999906e-03 -8.794859999999999831e-03 9.999489999999999768e-01 3.869270000000000174e-03
9.999810000000000088e-01 3.984800000000000147e-03 4.613319999999999747e-03 -1.645900000000000141e-02 -4.020980000000000387e-03 9.999609999999999888e-01 7.860400000000000026e-03 -2.417980000000000129e-02 -4.581810000000000396e-03 -7.878800000000000039e-03 9.999580000000000135e-01 3.158069999999999801e-03
9.999780000000000335e-01 4.881639999999999591e-03 4.421519999999999964e-03 -1.875119999999999912e-02 -4.908299999999999989e-03 9.999700000000000255e-01 6.039329999999999872e-03 -2.531709999999999863e-02 -4.391909999999999738e-03 -6.060900000000000142e-03 9.999719999999999720e-01 4.648649999999999831e-03
9.999719999999999720e-01 7.173389999999999975e-03 2.192439999999999927e-03 -1.865939999999999960e-02 -7.187110000000000026e-03 9.999540000000000095e-01 6.312800000000000356e-03 -2.657110000000000027e-02 -2.147060000000000114e-03 -6.328379999999999769e-03 9.999780000000000335e-01 2.772909999999999958e-03
9.999519999999999520e-01 9.471059999999999895e-03 2.481870000000000170e-03 -1.895130000000000078e-02 -9.489730000000000040e-03 9.999259999999999815e-01 7.621069999999999754e-03 -2.609399999999999914e-02 -2.409510000000000124e-03 -7.644259999999999944e-03 9.999679999999999680e-01 3.867220000000000206e-03
9.999419999999999975e-01 9.596999999999999628e-03 4.843380000000000428e-03 -1.668959999999999888e-02 -9.639480000000000617e-03 9.999149999999999983e-01 8.824989999999999571e-03 -2.619420000000000082e-02 -4.758270000000000208e-03 -8.871159999999999463e-03 9.999489999999999768e-01 4.707620000000000034e-03
9.999179999999999735e-01 9.201269999999999241e-03 8.927730000000000041e-03 -1.579629999999999923e-02 -9.280880000000000032e-03 9.999169999999999447e-01 8.916300000000000267e-03 -2.873380000000000031e-02 -8.844950000000000728e-03 -8.998420000000000030e-03 9.999200000000000310e-01 7.173910000000000356e-03
9.998500000000000165e-01 7.362879999999999599e-03 1.569850000000000065e-02 -2.058540000000000023e-02 -7.516669999999999602e-03 9.999240000000000350e-01 9.759719999999999507e-03 -3.482609999999999872e-02 -1.562550000000000050e-02 -9.876259999999999553e-03 9.998289999999999678e-01 3.647070000000000086e-03
9.997960000000000180e-01 3.616980000000000108e-03 1.986399999999999971e-02 -2.353799999999999989e-02 -3.854910000000000021e-03 9.999209999999999487e-01 1.195279999999999954e-02 -3.943100000000000077e-02 -1.981919999999999862e-02 -1.202699999999999950e-02 9.997310000000000363e-01 3.219740000000000015e-03
9.997890000000000388e-01 1.815210000000000044e-03 2.044299999999999937e-02 -2.343349999999999947e-02 -2.063929999999999845e-03 9.999240000000000350e-01 1.215199999999999961e-02 -4.263940000000000091e-02 -2.041940000000000074e-02 -1.219160000000000035e-02 9.997169999999999668e-01 3.318460000000000073e-03
9.998019999999999685e-01 2.787219999999999975e-03 1.972449999999999898e-02 -2.356919999999999848e-02 -3.021869999999999851e-03 9.999249999999999527e-01 1.187659999999999931e-02 -4.526179999999999787e-02 -1.968989999999999976e-02 -1.193390000000000076e-02 9.997350000000000403e-01 3.276700000000000012e-03
9.997660000000000435e-01 6.635170000000000130e-03 2.059050000000000116e-02 -2.353339999999999946e-02 -6.876540000000000430e-03 9.999080000000000190e-01 1.167409999999999975e-02 -4.487870000000000054e-02 -2.051110000000000086e-02 -1.181300000000000058e-02 9.997200000000000530e-01 1.964179999999999832e-03
9.996789999999999843e-01 1.022750000000000048e-02 2.318850000000000078e-02 -2.478330000000000116e-02 -1.056700000000000000e-02 9.998380000000000045e-01 1.456919999999999916e-02 -4.602509999999999935e-02 -2.303569999999999923e-02 -1.480959999999999915e-02 9.996249999999999858e-01 3.226759999999999958e-03
9.996059999999999945e-01 9.920879999999999976e-03 2.627439999999999984e-02 -2.341170000000000057e-02 -1.032989999999999950e-02 9.998270000000000213e-01 1.547830000000000039e-02 -4.628970000000000307e-02 -2.611629999999999854e-02 -1.574359999999999996e-02 9.995349999999999513e-01 4.498549999999999598e-03
9.995089999999999808e-01 5.443220000000000350e-03 3.087169999999999845e-02 -2.381360000000000074e-02 -5.976069999999999993e-03 9.998340000000000005e-01 1.719429999999999917e-02 -4.830369999999999803e-02 -3.077299999999999827e-02 -1.737030000000000171e-02 9.993750000000000133e-01 3.995740000000000229e-03
9.993640000000000301e-01 5.240589999999999832e-03 3.527720000000000161e-02 -2.566210000000000019e-02 -5.938389999999999988e-03 9.997880000000000100e-01 1.970490000000000089e-02 -4.849230000000000207e-02 -3.516640000000000044e-02 -1.990190000000000015e-02 9.991830000000000434e-01 3.378369999999999897e-03
9.992600000000000371e-01 6.273629999999999658e-03 3.793649999999999800e-02 -2.575080000000000077e-02 -7.108480000000000354e-03 9.997350000000000403e-01 2.191190000000000151e-02 -4.956270000000000120e-02 -3.778900000000000314e-02 -2.216529999999999889e-02 9.990400000000000391e-01 5.113190000000000096e-03
9.991290000000000449e-01 5.851470000000000109e-03 4.131819999999999937e-02 -2.856459999999999902e-02 -6.748129999999999754e-03 9.997439999999999660e-01 2.159530000000000130e-02 -5.198309999999999736e-02 -4.118129999999999707e-02 -2.185530000000000111e-02 9.989130000000000509e-01 6.708200000000000100e-03
9.990569999999999729e-01 4.586999999999999932e-03 4.318609999999999810e-02 -2.936729999999999896e-02 -5.556519999999999689e-03 9.997350000000000403e-01 2.235639999999999850e-02 -5.215199999999999697e-02 -4.307210000000000205e-02 -2.257529999999999953e-02 9.988169999999999549e-01 6.422670000000000115e-03
9.989999999999999991e-01 2.521830000000000079e-03 4.464270000000000044e-02 -3.066709999999999922e-02 -3.664800000000000176e-03 9.996669999999999723e-01 2.553940000000000030e-02 -5.428369999999999723e-02 -4.456340000000000301e-02 -2.567749999999999894e-02 9.986770000000000369e-01 6.028999999999999637e-03
9.989810000000000079e-01 2.507090000000000013e-03 4.505830000000000252e-02 -3.220979999999999677e-02 -3.711129999999999984e-03 9.996380000000000265e-01 2.665819999999999995e-02 -5.463219999999999882e-02 -4.497509999999999702e-02 -2.679830000000000059e-02 9.986289999999999889e-01 6.471969999999999633e-03
9.989149999999999974e-01 2.181670000000000137e-03 4.652570000000000316e-02 -3.410660000000000081e-02 -3.528040000000000082e-03 9.995770000000000488e-01 2.887589999999999948e-02 -5.769090000000000329e-02 -4.644299999999999817e-02 -2.900869999999999838e-02 9.985000000000000542e-01 6.858150000000000357e-03
9.988449999999999829e-01 2.049259999999999797e-03 4.800129999999999675e-02 -3.692240000000000105e-02 -3.496570000000000060e-03 9.995410000000000128e-01 3.008689999999999976e-02 -5.795689999999999870e-02 -4.791759999999999770e-02 -3.022000000000000033e-02 9.983940000000000037e-01 7.108500000000000235e-03
9.987249999999999739e-01 4.391689999999999960e-04 5.047089999999999910e-02 -3.845389999999999919e-02 -2.076029999999999976e-03 9.994729999999999448e-01 3.238400000000000306e-02 -5.929689999999999961e-02 -5.043009999999999854e-02 -3.244749999999999718e-02 9.981999999999999762e-01 9.354789999999999980e-03
9.984960000000000502e-01 -2.865459999999999795e-03 5.474600000000000299e-02 -4.110799999999999871e-02 1.097509999999999892e-03 9.994779999999999776e-01 3.229640000000000288e-02 -6.266489999999999561e-02 -5.480999999999999761e-02 -3.218780000000000252e-02 9.979780000000000317e-01 1.275710000000000038e-02
9.983119999999999772e-01 -3.903900000000000078e-03 5.794440000000000007e-02 -4.319049999999999973e-02 2.133040000000000110e-03 9.995300000000000296e-01 3.059190000000000173e-02 -6.502130000000000409e-02 -5.803660000000000069e-02 -3.041659999999999850e-02 9.978510000000000435e-01 1.479809999999999980e-02
9.980329999999999480e-01 -4.932689999999999991e-03 6.249190000000000300e-02 -4.742989999999999706e-02 3.027049999999999880e-03 9.995290000000000008e-01 3.055230000000000098e-02 -6.795370000000000577e-02 -6.261310000000000486e-02 -3.030309999999999948e-02 9.975779999999999648e-01 1.603780000000000136e-02
9.977840000000000042e-01 -9.125140000000000334e-03 6.590769999999999962e-02 -5.122809999999999864e-02 7.128449999999999717e-03 9.995100000000000096e-01 3.046719999999999984e-02 -7.162570000000000048e-02 -6.615350000000000397e-02 -2.992979999999999946e-02 9.973600000000000243e-01 1.791430000000000106e-02
9.975380000000000358e-01 -1.192490000000000043e-02 6.910410000000000164e-02 -5.498719999999999997e-02 9.886779999999999527e-03 9.995079999999999520e-01 2.976080000000000045e-02 -7.324509999999999355e-02 -6.942500000000000060e-02 -2.900430000000000022e-02 9.971649999999999681e-01 1.882870000000000030e-02
9.972109999999999586e-01 -1.502619999999999997e-02 7.310039999999999594e-02 -5.862330000000000318e-02 1.269349999999999992e-02 9.993990000000000373e-01 3.227050000000000057e-02 -7.584190000000000376e-02 -7.354130000000000389e-02 -3.125259999999999844e-02 9.968019999999999659e-01 2.072989999999999902e-02
9.967690000000000161e-01 -1.755999999999999922e-02 7.838040000000000285e-02 -6.367359999999999687e-02 1.481069999999999956e-02 9.992590000000000083e-01 3.552140000000000158e-02 -7.813269999999999937e-02 -7.894610000000000516e-02 -3.424579999999999985e-02 9.962900000000000089e-01 2.276600000000000151e-02
9.961809999999999832e-01 -2.213570000000000121e-02 8.445850000000000579e-02 -6.869039999999999868e-02 1.897860000000000172e-02 9.990970000000000129e-01 3.800189999999999818e-02 -8.245320000000000427e-02 -8.522340000000000471e-02 -3.625389999999999863e-02 9.957019999999999760e-01 2.537810000000000066e-02
9.954370000000000163e-01 -2.802730000000000152e-02 9.121340000000000003e-02 -7.395409999999999484e-02 2.456550000000000053e-02 9.989430000000000254e-01 3.885630000000000334e-02 -8.639800000000000257e-02 -9.220599999999999630e-02 -3.643829999999999986e-02 9.950729999999999853e-01 2.732089999999999866e-02
9.947409999999999863e-01 -3.314330000000000054e-02 9.690899999999999515e-02 -7.826729999999999798e-02 2.940780000000000130e-02 9.987780000000000546e-01 3.972400000000000236e-02 -9.218830000000000080e-02 -9.810710000000000264e-02 -3.666520000000000196e-02 9.945000000000000506e-01 2.978120000000000073e-02
9.940620000000000012e-01 -3.768869999999999859e-02 1.020810000000000051e-01 -8.335080000000000267e-02 3.406549999999999856e-02 9.987340000000000106e-01 3.700819999999999804e-02 -9.742420000000000246e-02 -1.033459999999999934e-01 -3.331100000000000033e-02 9.940870000000000539e-01 3.203410000000000285e-02
9.933619999999999672e-01 -4.083509999999999918e-02 1.075350000000000056e-01 -9.161629999999999774e-02 3.741300000000000181e-02 9.987329999999999819e-01 3.365200000000000136e-02 -1.004649999999999987e-01 -1.087729999999999947e-01 -2.940540000000000168e-02 9.936319999999999597e-01 3.202850000000000141e-02
9.929409999999999625e-01 -4.402409999999999657e-02 1.101369999999999988e-01 -9.766120000000000356e-02 4.035180000000000017e-02 9.985600000000000032e-01 3.535409999999999942e-02 -1.027480000000000060e-01 -1.115339999999999943e-01 -3.066030000000000144e-02 9.932870000000000310e-01 3.153380000000000072e-02
9.925059999999999993e-01 -4.796870000000000300e-02 1.123829999999999968e-01 -1.031770000000000048e-01 4.390159999999999896e-02 9.982980000000000187e-01 3.839039999999999814e-02 -1.057560000000000028e-01 -1.140329999999999955e-01 -3.316890000000000116e-02 9.929230000000000000e-01 3.306909999999999711e-02
9.917650000000000077e-01 -5.161650000000000266e-02 1.172080000000000066e-01 -1.084289999999999976e-01 4.703689999999999954e-02 9.980299999999999727e-01 4.150940000000000185e-02 -1.074740000000000001e-01 -1.191200000000000037e-01 -3.565449999999999869e-02 9.922389999999999821e-01 3.377949999999999703e-02
9.904169999999999918e-01 -5.634630000000000194e-02 1.260900000000000076e-01 -1.154919999999999974e-01 5.072349999999999776e-02 9.975889999999999480e-01 4.737029999999999713e-02 -1.110840000000000022e-01 -1.284550000000000136e-01 -4.052069999999999977e-02 9.908869999999999623e-01 3.491179999999999978e-02
9.887399999999999523e-01 -6.231160000000000171e-02 1.360560000000000103e-01 -1.238090000000000024e-01 5.535960000000000186e-02 9.969890000000000141e-01 5.430009999999999698e-02 -1.140160000000000062e-01 -1.390290000000000137e-01 -4.615670000000000189e-02 9.892119999999999802e-01 3.604829999999999840e-02
9.873750000000000027e-01 -6.884850000000000692e-02 1.426560000000000050e-01 -1.304420000000000024e-01 6.075359999999999788e-02 9.963269999999999627e-01 6.034780000000000005e-02 -1.189729999999999954e-01 -1.462870000000000004e-01 -5.091899999999999898e-02 9.879310000000000036e-01 3.990609999999999991e-02
9.858130000000000503e-01 -7.604800000000000448e-02 1.496309999999999862e-01 -1.382990000000000053e-01 6.748700000000000532e-02 9.958240000000000425e-01 6.149000000000000299e-02 -1.234880000000000005e-01 -1.536829999999999863e-01 -5.051950000000000190e-02 9.868280000000000385e-01 4.233119999999999938e-02
9.841469999999999940e-01 -8.454860000000000153e-02 1.559049999999999880e-01 -1.452259999999999940e-01 7.565869999999999540e-02 9.951980000000000270e-01 6.211019999999999736e-02 -1.266690000000000038e-01 -1.604079999999999950e-01 -4.932990000000000291e-02 9.858170000000000543e-01 4.149959999999999760e-02
9.820429999999999993e-01 -9.308429999999999482e-02 1.640959999999999919e-01 -1.522229999999999972e-01 8.331099999999999617e-02 9.943699999999999761e-01 6.548099999999999754e-02 -1.294470000000000065e-01 -1.692680000000000018e-01 -5.063410000000000133e-02 9.842689999999999495e-01 4.336740000000000039e-02
9.798149999999999915e-01 -1.017450000000000021e-01 1.720750000000000057e-01 -1.586770000000000125e-01 9.145159999999999401e-02 9.935699999999999532e-01 6.674270000000000203e-02 -1.347559999999999869e-01 -1.777600000000000013e-01 -4.965900000000000175e-02 9.828200000000000269e-01 4.444069999999999965e-02
9.780699999999999950e-01 -1.076470000000000066e-01 1.782990000000000130e-01 -1.645169999999999966e-01 9.749430000000000596e-02 9.931250000000000355e-01 6.478209999999999524e-02 -1.379019999999999968e-01 -1.840469999999999884e-01 -4.597829999999999973e-02 9.818419999999999925e-01 4.488770000000000260e-02
9.765129999999999644e-01 -1.122800000000000048e-01 1.838919999999999999e-01 -1.700059999999999905e-01 1.024029999999999940e-01 9.927850000000000286e-01 6.238490000000000008e-02 -1.390079999999999927e-01 -1.895699999999999885e-01 -4.208859999999999685e-02 9.809649999999999759e-01 4.556999999999999940e-02
9.744420000000000304e-01 -1.169430000000000053e-01 1.917999999999999983e-01 -1.771399999999999919e-01 1.066799999999999971e-01 9.922940000000000094e-01 6.302480000000000582e-02 -1.408580000000000110e-01 -1.976930000000000076e-01 -4.095259999999999873e-02 9.794079999999999453e-01 4.547749999999999709e-02
9.719780000000000086e-01 -1.213560000000000055e-01 2.013260000000000050e-01 -1.844480000000000008e-01 1.107490000000000002e-01 9.918379999999999974e-01 6.318160000000000442e-02 -1.436870000000000092e-01 -2.073500000000000065e-01 -3.911450000000000343e-02 9.774850000000000483e-01 4.828260000000000191e-02
9.700100000000000389e-01 -1.253060000000000007e-01 2.082769999999999899e-01 -1.896839999999999915e-01 1.150299999999999934e-01 9.915000000000000480e-01 6.078540000000000332e-02 -1.466020000000000101e-01 -2.141240000000000088e-01 -3.500430000000000208e-02 9.761790000000000189e-01 4.805539999999999812e-02
9.681170000000000053e-01 -1.292550000000000088e-01 2.145769999999999900e-01 -1.953030000000000044e-01 1.191529999999999950e-01 9.910959999999999770e-01 5.942069999999999991e-02 -1.487729999999999886e-01 -2.203469999999999873e-01 -3.195869999999999961e-02 9.748980000000000423e-01 4.750560000000000199e-02
9.664719999999999978e-01 -1.329859999999999931e-01 2.196510000000000129e-01 -2.016110000000000124e-01 1.227820000000000022e-01 9.906470000000000553e-01 5.953139999999999821e-02 -1.509020000000000084e-01 -2.255139999999999922e-01 -3.056620000000000170e-02 9.737599999999999589e-01 4.730940000000000145e-02
9.647820000000000285e-01 -1.366020000000000012e-01 2.248020000000000018e-01 -2.094479999999999953e-01 1.263910000000000033e-01 9.902079999999999771e-01 5.927459999999999674e-02 -1.540690000000000115e-01 -2.306979999999999864e-01 -2.877410000000000037e-02 9.726000000000000201e-01 4.977360000000000118e-02
9.635899999999999466e-01 -1.411590000000000067e-01 2.270870000000000111e-01 -2.156430000000000013e-01 1.315639999999999865e-01 9.896719999999999962e-01 5.692769999999999775e-02 -1.574299999999999866e-01 -2.327780000000000127e-01 -2.497850000000000070e-02 9.722089999999999899e-01 4.834739999999999871e-02
9.625380000000000047e-01 -1.448579999999999868e-01 2.292079999999999951e-01 -2.231499999999999873e-01 1.356779999999999931e-01 9.892030000000000545e-01 5.540309999999999679e-02 -1.584540000000000115e-01 -2.347589999999999955e-01 -2.222910000000000164e-02 9.717989999999999684e-01 4.818800000000000167e-02
9.620069999999999455e-01 -1.468629999999999936e-01 2.301610000000000045e-01 -2.303590000000000082e-01 1.379549999999999943e-01 9.889419999999999877e-01 5.441939999999999972e-02 -1.608300000000000007e-01 -2.356080000000000119e-01 -2.059990000000000085e-02 9.716299999999999937e-01 4.892509999999999915e-02
9.617590000000000305e-01 -1.479489999999999972e-01 2.305030000000000134e-01 -2.365539999999999865e-01 1.395119999999999971e-01 9.888240000000000363e-01 5.257099999999999967e-02 -1.607530000000000070e-01 -2.357049999999999979e-01 -1.840260000000000160e-02 9.716500000000000137e-01 4.788800000000000001e-02
9.618330000000000490e-01 -1.478859999999999897e-01 2.302319999999999922e-01 -2.420940000000000036e-01 1.394009999999999971e-01 9.888280000000000403e-01 5.278759999999999702e-02 -1.626960000000000073e-01 -2.354660000000000086e-01 -1.867829999999999838e-02 9.717029999999999834e-01 4.764850000000000335e-02
9.617830000000000545e-01 -1.483109999999999984e-01 2.301680000000000115e-01 -2.482399999999999884e-01 1.395849999999999869e-01 9.887460000000000138e-01 5.383530000000000260e-02 -1.637929999999999942e-01 -2.355619999999999936e-01 -1.964979999999999852e-02 9.716609999999999969e-01 4.914820000000000300e-02
9.622829999999999995e-01 -1.486500000000000044e-01 2.278459999999999930e-01 -2.525530000000000275e-01 1.401199999999999946e-01 9.887010000000000520e-01 5.326020000000000060e-02 -1.653110000000000135e-01 -2.331890000000000074e-01 -1.932549999999999893e-02 9.722389999999999644e-01 5.187859999999999694e-02
9.626759999999999762e-01 -1.483359999999999956e-01 2.263880000000000059e-01 -2.586800000000000210e-01 1.404140000000000110e-01 9.887890000000000290e-01 5.079949999999999743e-02 -1.669059999999999988e-01 -2.313860000000000083e-01 -1.711539999999999936e-02 9.727120000000000211e-01 5.324770000000000197e-02
9.633920000000000261e-01 -1.491580000000000128e-01 2.227739999999999998e-01 -2.618179999999999952e-01 1.419159999999999866e-01 9.887010000000000520e-01 4.826629999999999809e-02 -1.680180000000000007e-01 -2.274569999999999925e-01 -1.488420000000000021e-02 9.736740000000000395e-01 5.448050000000000115e-02
9.640539999999999665e-01 -1.489659999999999873e-01 2.200189999999999924e-01 -2.648900000000000143e-01 1.421229999999999993e-01 9.887470000000000425e-01 4.670160000000000283e-02 -1.700609999999999900e-01 -2.245000000000000051e-01 -1.375299999999999960e-02 9.743770000000000486e-01 5.497380000000000322e-02
9.641880000000000450e-01 -1.482370000000000076e-01 2.199240000000000084e-01 -2.691839999999999788e-01 1.415250000000000119e-01 9.888630000000000475e-01 4.605780000000000290e-02 -1.708119999999999916e-01 -2.243020000000000014e-01 -1.328370000000000072e-02 9.744289999999999896e-01 5.738349999999999701e-02
9.648160000000000069e-01 -1.482040000000000024e-01 2.171780000000000099e-01 -2.726149999999999962e-01 1.420649999999999968e-01 9.888919999999999932e-01 4.370360000000000217e-02 -1.722930000000000017e-01 -2.212419999999999942e-01 -1.131260000000000078e-02 9.751530000000000475e-01 5.850439999999999807e-02
9.657970000000000166e-01 -1.486369999999999914e-01 2.124699999999999922e-01 -2.746439999999999992e-01 1.426749999999999963e-01 9.888259999999999827e-01 4.321049999999999891e-02 -1.742380000000000040e-01 -2.165179999999999882e-01 -1.141840000000000042e-02 9.762119999999999687e-01 6.009020000000000333e-02
9.661650000000000515e-01 -1.503520000000000134e-01 2.095710000000000073e-01 -2.777910000000000101e-01 1.441399999999999904e-01 9.885469999999999535e-01 4.469599999999999962e-02 -1.753589999999999871e-01 -2.138909999999999978e-01 -1.297620000000000023e-02 9.767709999999999448e-01 6.321519999999999917e-02
9.663829999999999920e-01 -1.519749999999999990e-01 2.073840000000000128e-01 -2.776569999999999871e-01 1.459110000000000129e-01 9.883039999999999603e-01 4.432049999999999879e-02 -1.780160000000000076e-01 -2.116949999999999943e-01 -1.257080000000000003e-02 9.772549999999999848e-01 6.877010000000000067e-02
9.663169999999999815e-01 -1.530700000000000116e-01 2.068850000000000133e-01 -2.791130000000000000e-01 1.472580000000000000e-01 9.881499999999999728e-01 4.330080000000000040e-02 -1.816889999999999894e-01 -2.110609999999999986e-01 -1.137690000000000055e-02 9.774070000000000258e-01 7.088070000000000481e-02
9.659170000000000256e-01 -1.552860000000000074e-01 2.071020000000000083e-01 -2.810130000000000128e-01 1.496689999999999965e-01 9.878169999999999451e-01 4.261840000000000073e-02 -1.853460000000000107e-01 -2.111969999999999958e-01 -1.016910000000000036e-02 9.773910000000000098e-01 7.516799999999999871e-02
9.654890000000000416e-01 -1.580699999999999883e-01 2.069900000000000073e-01 -2.815349999999999797e-01 1.528950000000000031e-01 9.873969999999999692e-01 4.086759999999999698e-02 -1.890670000000000128e-01 -2.108410000000000006e-01 -7.809510000000000410e-03 9.774890000000000523e-01 7.883669999999999567e-02
9.652560000000000029e-01 -1.605370000000000130e-01 2.061780000000000002e-01 -2.818129999999999802e-01 1.554750000000000021e-01 9.870039999999999925e-01 4.063230000000000314e-02 -1.923479999999999912e-01 -2.100210000000000132e-01 -7.165089999999999827e-03 9.776709999999999567e-01 8.140830000000000288e-02
9.647160000000000180e-01 -1.636090000000000044e-01 2.062869999999999981e-01 -2.825179999999999914e-01 1.586380000000000012e-01 9.865049999999999653e-01 4.052830000000000321e-02 -1.958050000000000068e-01 -2.101339999999999875e-01 -6.373329999999999967e-03 9.776519999999999655e-01 8.589750000000000163e-02
9.640910000000000313e-01 -1.666620000000000046e-01 2.067670000000000063e-01 -2.817649999999999877e-01 1.611980000000000079e-01 9.859799999999999676e-01 4.311770000000000186e-02 -1.994430000000000092e-01 -2.110539999999999916e-01 -8.238870000000000568e-03 9.774399999999999755e-01 9.058330000000000548e-02
9.631979999999999986e-01 -1.688000000000000056e-01 2.091810000000000058e-01 -2.812089999999999868e-01 1.629869999999999930e-01 9.856080000000000396e-01 4.485159999999999841e-02 -2.060309999999999919e-01 -2.137419999999999876e-01 -9.107229999999999145e-03 9.768480000000000496e-01 9.649699999999999944e-02
9.621119999999999672e-01 -1.697899999999999965e-01 2.133349999999999969e-01 -2.797250000000000014e-01 1.647200000000000053e-01 9.854690000000000394e-01 4.145839999999999942e-02 -2.097360000000000058e-01 -2.172739999999999949e-01 -4.747170000000000209e-03 9.760990000000000499e-01 1.032890000000000058e-01
9.611429999999999696e-01 -1.696610000000000062e-01 2.177600000000000091e-01 -2.787819999999999743e-01 1.648090000000000110e-01 9.854979999999999851e-01 4.039340000000000291e-02 -2.132070000000000076e-01 -2.214550000000000129e-01 -2.935080000000000067e-03 9.751659999999999773e-01 1.055880000000000013e-01
9.597649999999999793e-01 -1.694519999999999915e-01 2.239130000000000009e-01 -2.785480000000000178e-01 1.640349999999999864e-01 9.855289999999999884e-01 4.271830000000000072e-02 -2.179449999999999998e-01 -2.279120000000000035e-01 -4.269929999999999906e-03 9.736719999999999819e-01 1.116089999999999999e-01
9.584000000000000297e-01 -1.696719999999999895e-01 2.295220000000000038e-01 -2.750969999999999804e-01 1.639069999999999971e-01 9.854899999999999771e-01 4.410080000000000250e-02 -2.231609999999999983e-01 -2.336739999999999928e-01 -4.645920000000000431e-03 9.723039999999999461e-01 1.185189999999999994e-01
9.565329999999999666e-01 -1.674180000000000113e-01 2.387789999999999913e-01 -2.743860000000000188e-01 1.615219999999999989e-01 9.858789999999999498e-01 4.419519999999999699e-02 -2.262399999999999967e-01 -2.428059999999999941e-01 -3.706210000000000147e-03 9.700680000000000414e-01 1.240760000000000057e-01
9.545909999999999673e-01 -1.654700000000000060e-01 2.477419999999999900e-01 -2.735330000000000261e-01 1.587339999999999862e-01 9.861990000000000478e-01 4.706790000000000279e-02 -2.296870000000000023e-01 -2.521109999999999740e-01 -5.605490000000000299e-03 9.676820000000000421e-01 1.283489999999999909e-01
9.523070000000000146e-01 -1.654990000000000072e-01 2.563610000000000055e-01 -2.725090000000000012e-01 1.572340000000000126e-01 9.861619999999999830e-01 5.256129999999999830e-02 -2.326000000000000012e-01 -2.615129999999999955e-01 -9.745860000000000287e-03 9.651509999999999811e-01 1.343519999999999992e-01
9.495259999999999811e-01 -1.686709999999999876e-01 2.644799999999999929e-01 -2.731729999999999992e-01 1.592300000000000104e-01 9.856000000000000316e-01 5.690329999999999694e-02 -2.386079999999999868e-01 -2.702700000000000102e-01 -1.191809999999999918e-02 9.627109999999999834e-01 1.412579999999999947e-01
9.471039999999999459e-01 -1.736759999999999970e-01 2.698710000000000275e-01 -2.733070000000000221e-01 1.635939999999999894e-01 9.847259999999999902e-01 5.959359999999999657e-02 -2.438819999999999877e-01 -2.760989999999999833e-01 -1.229200000000000084e-02 9.610499999999999599e-01 1.462849999999999984e-01
9.442080000000000473e-01 -1.796290000000000109e-01 2.760509999999999908e-01 -2.741569999999999840e-01 1.691570000000000018e-01 9.836690000000000156e-01 6.149659999999999849e-02 -2.488090000000000024e-01 -2.825889999999999791e-01 -1.136969999999999995e-02 9.591739999999999711e-01 1.529899999999999871e-01
9.417550000000000088e-01 -1.853029999999999955e-01 2.806420000000000026e-01 -2.739249999999999741e-01 1.746439999999999937e-01 9.826300000000000034e-01 6.276009999999999922e-02 -2.540870000000000073e-01 -2.873970000000000136e-01 -1.009239999999999964e-02 9.577579999999999982e-01 1.583569999999999978e-01
9.398560000000000247e-01 -1.894639999999999935e-01 2.842069999999999874e-01 -2.742160000000000153e-01 1.788059999999999927e-01 9.818500000000000005e-01 6.323810000000000542e-02 -2.617229999999999834e-01 -2.910300000000000109e-01 -8.616789999999999172e-03 9.566750000000000531e-01 1.639619999999999966e-01
9.388539999999999663e-01 -1.886849999999999916e-01 2.880130000000000190e-01 -2.738579999999999903e-01 1.796329999999999871e-01 9.820339999999999625e-01 5.779800000000000215e-02 -2.659560000000000257e-01 -2.937440000000000051e-01 -2.527329999999999941e-03 9.558809999999999807e-01 1.711010000000000031e-01
9.377299999999999525e-01 -1.881670000000000009e-01 2.919840000000000213e-01 -2.735409999999999786e-01 1.802400000000000113e-01 9.821349999999999802e-01 5.407420000000000282e-02 -2.729460000000000219e-01 -2.969430000000000125e-01 1.920320000000000100e-03 9.548929999999999918e-01 1.762900000000000023e-01
9.361310000000000464e-01 -1.879220000000000057e-01 2.972270000000000190e-01 -2.744119999999999893e-01 1.818430000000000046e-01 9.821440000000000170e-01 4.823630000000000279e-02 -2.767390000000000128e-01 -3.009839999999999738e-01 8.893150000000000707e-03 9.535879999999999912e-01 1.823940000000000006e-01
9.344149999999999956e-01 -1.900419999999999887e-01 3.012520000000000198e-01 -2.750830000000000219e-01 1.850549999999999973e-01 9.816840000000000011e-01 4.528979999999999811e-02 -2.808499999999999885e-01 -3.043409999999999727e-01 1.342870000000000001e-02 9.524679999999999813e-01 1.892210000000000003e-01
9.328650000000000553e-01 -1.928739999999999899e-01 3.042400000000000104e-01 -2.751620000000000177e-01 1.888849999999999973e-01 9.810670000000000224e-01 4.278579999999999883e-02 -2.869689999999999741e-01 -3.067320000000000046e-01 1.755320000000000144e-02 9.516339999999999799e-01 1.949859999999999927e-01
9.316900000000000182e-01 -1.927010000000000112e-01 3.079270000000000063e-01 -2.778379999999999739e-01 1.901899999999999979e-01 9.809940000000000326e-01 3.845130000000000076e-02 -2.903870000000000062e-01 -3.094839999999999813e-01 2.274009999999999920e-02 9.506329999999999503e-01 2.024120000000000086e-01
9.315919999999999757e-01 -1.927679999999999949e-01 3.081840000000000135e-01 -2.769570000000000087e-01 1.914240000000000108e-01 9.808869999999999534e-01 3.489690000000000153e-02 -2.977429999999999799e-01 -3.090209999999999901e-01 2.648419999999999941e-02 9.506869999999999488e-01 2.077539999999999942e-01
9.311059999999999892e-01 -1.918090000000000073e-01 3.102440000000000198e-01 -2.773490000000000122e-01 1.925590000000000079e-01 9.808710000000000484e-01 2.851829999999999990e-02 -2.974890000000000034e-01 -3.097799999999999998e-01 3.318659999999999666e-02 9.502289999999999903e-01 2.104979999999999907e-01
9.294999999999999929e-01 -1.954919999999999991e-01 3.127489999999999992e-01 -2.800460000000000171e-01 1.958630000000000093e-01 9.801549999999999985e-01 3.055839999999999945e-02 -3.007329999999999726e-01 -3.125160000000000160e-01 3.285199999999999926e-02 9.493439999999999657e-01 2.165930000000000077e-01
9.279089999999999838e-01 -2.014849999999999974e-01 3.136700000000000044e-01 -2.809639999999999915e-01 2.019340000000000024e-01 9.788949999999999596e-01 3.142310000000000242e-02 -3.051380000000000203e-01 -3.133810000000000207e-01 3.418270000000000336e-02 9.490119999999999667e-01 2.211980000000000057e-01
9.270059999999999967e-01 -2.056330000000000102e-01 3.136470000000000091e-01 -2.813950000000000062e-01 2.061010000000000064e-01 9.780060000000000420e-01 3.205270000000000341e-02 -3.081479999999999775e-01 -3.133400000000000074e-01 3.492989999999999984e-02 9.489980000000000082e-01 2.255310000000000092e-01
9.268229999999999524e-01 -2.082960000000000089e-01 3.124279999999999835e-01 -2.809320000000000150e-01 2.085190000000000099e-01 9.774580000000000490e-01 3.309709999999999736e-02 -3.120919999999999805e-01 -3.122800000000000020e-01 3.447200000000000264e-02 9.493650000000000144e-01 2.292099999999999971e-01
9.260639999999999983e-01 -2.105400000000000049e-01 3.131740000000000079e-01 -2.813559999999999950e-01 2.107600000000000029e-01 9.769609999999999683e-01 3.356599999999999862e-02 -3.173099999999999810e-01 -3.130260000000000264e-01 3.492030000000000134e-02 9.491020000000000012e-01 2.348200000000000010e-01
9.256240000000000023e-01 -2.118450000000000055e-01 3.135939999999999839e-01 -2.821449999999999791e-01 2.132630000000000081e-01 9.765279999999999516e-01 3.020099999999999868e-02 -3.211289999999999978e-01 -3.126309999999999922e-01 3.892339999999999689e-02 9.490769999999999484e-01 2.393270000000000119e-01
9.254989999999999606e-01 -2.120470000000000133e-01 3.138279999999999959e-01 -2.852529999999999788e-01 2.145110000000000072e-01 9.763460000000000472e-01 2.709129999999999872e-02 -3.247260000000000146e-01 -3.121490000000000098e-01 4.224649999999999933e-02 9.490929999999999644e-01 2.407789999999999930e-01
9.254919999999999813e-01 -2.127610000000000057e-01 3.133650000000000047e-01 -2.857299999999999840e-01 2.157380000000000131e-01 9.761159999999999837e-01 2.557790000000000064e-02 -3.287229999999999874e-01 -3.113219999999999876e-01 4.393260000000000220e-02 9.492880000000000207e-01 2.452709999999999890e-01
9.256020000000000358e-01 -2.121629999999999905e-01 3.134449999999999736e-01 -2.855389999999999873e-01 2.164649999999999908e-01 9.760550000000000059e-01 2.144619999999999860e-02 -3.294810000000000239e-01 -3.104890000000000150e-01 4.799900000000000000e-02 9.493639999999999857e-01 2.471359999999999946e-01
9.250270000000000437e-01 -2.108430000000000026e-01 3.160229999999999984e-01 -2.873040000000000038e-01 2.157789999999999986e-01 9.762429999999999719e-01 1.972219999999999876e-02 -3.295520000000000116e-01 -3.126729999999999787e-01 4.994749999999999884e-02 9.485470000000000290e-01 2.480630000000000057e-01
9.243170000000000552e-01 -2.092729999999999868e-01 3.191280000000000228e-01 -2.895619999999999861e-01 2.141959999999999975e-01 9.765859999999999541e-01 2.001899999999999860e-02 -3.317689999999999806e-01 -3.158460000000000156e-01 4.985200000000000048e-02 9.475000000000000089e-01 2.515470000000000206e-01
9.238439999999999985e-01 -2.067819999999999936e-01 3.221069999999999767e-01 -2.916730000000000156e-01 2.124979999999999924e-01 9.770010000000000083e-01 1.773250000000000173e-02 -3.318300000000000138e-01 -3.183650000000000091e-01 5.206480000000000136e-02 9.465369999999999617e-01 2.521689999999999765e-01
9.231059999999999821e-01 -2.044670000000000099e-01 3.256820000000000270e-01 -2.943080000000000140e-01 2.099920000000000120e-01 9.775279999999999525e-01 1.850950000000000165e-02 -3.331990000000000229e-01 -3.221470000000000167e-01 5.130409999999999832e-02 9.452979999999999716e-01 2.550879999999999814e-01
9.223190000000000000e-01 -2.024739999999999873e-01 3.291379999999999861e-01 -2.967119999999999758e-01 2.084399999999999864e-01 9.778790000000000537e-01 1.746160000000000073e-02 -3.357280000000000264e-01 -3.253929999999999878e-01 5.250019999999999687e-02 9.441199999999999593e-01 2.583019999999999761e-01
9.218509999999999760e-01 -1.983389999999999875e-01 3.329449999999999910e-01 -2.997139999999999804e-01 2.050539999999999863e-01 9.786319999999999464e-01 1.523350000000000051e-02 -3.359739999999999949e-01 -3.288519999999999777e-01 5.422860000000000180e-02 9.428229999999999666e-01 2.597309999999999897e-01
9.208199999999999719e-01 -1.943489999999999940e-01 3.381120000000000236e-01 -3.036610000000000142e-01 2.012670000000000015e-01 9.794239999999999613e-01 1.484360000000000020e-02 -3.354730000000000212e-01 -3.340400000000000036e-01 5.438269999999999910e-02 9.409889999999999644e-01 2.622630000000000239e-01
9.186569999999999458e-01 -1.947909999999999919e-01 3.436939999999999995e-01 -3.058660000000000267e-01 2.018000000000000071e-01 9.793020000000000058e-01 1.563629999999999881e-02 -3.381739999999999746e-01 -3.396259999999999835e-01 5.499300000000000022e-02 9.389520000000000088e-01 2.648099999999999898e-01
9.162799999999999834e-01 -1.938979999999999870e-01 3.504780000000000117e-01 -3.096729999999999761e-01 2.018929999999999891e-01 9.793079999999999563e-01 1.396949999999999928e-02 -3.380090000000000039e-01 -3.459349999999999925e-01 5.795890000000000070e-02 9.364670000000000494e-01 2.657959999999999767e-01
9.124609999999999665e-01 -1.959569999999999923e-01 3.591880000000000073e-01 -3.130359999999999809e-01 2.038510000000000044e-01 9.788679999999999604e-01 1.617419999999999969e-02 -3.377310000000000034e-01 -3.547679999999999723e-01 5.846269999999999939e-02 9.331249999999999822e-01 2.684389999999999832e-01
9.075800000000000534e-01 -2.012960000000000027e-01 3.684799999999999742e-01 -3.165839999999999765e-01 2.094509999999999983e-01 9.776500000000000190e-01 1.819290000000000143e-02 -3.417370000000000130e-01 -3.639069999999999805e-01 6.066690000000000277e-02 9.294580000000000064e-01 2.686609999999999832e-01
9.031460000000000043e-01 -2.017140000000000044e-01 3.789969999999999728e-01 -3.227700000000000014e-01 2.111480000000000024e-01 9.773060000000000080e-01 1.698850000000000013e-02 -3.382049999999999779e-01 -3.738230000000000164e-01 6.468160000000000576e-02 9.252420000000000089e-01 2.706509999999999749e-01
