1.000000000000000000e+00 -1.420190000000000011e-22 1.281640000000000081e-22 1.164340000000000087e-22 1.420190000000000011e-22 1.000000000000000000e+00 -5.301380000000000143e-23 -5.506340000000000297e-23 -1.281640000000000081e-22 5.301380000000000143e-23 1.000000000000000000e+00 6.640029999999999925e-24
9.999989999999999712e-01 -9.614310000000000044e-04 8.951439999999999527e-04 -3.296419999999999993e-03 9.611659999999999518e-04 9.999989999999999712e-01 2.972420000000000249e-04 -7.873630000000000169e-04 -8.954289999999999949e-04 -2.963810000000000207e-04 1.000000000000000000e+00 -6.085400000000000358e-03
9.999980000000000535e-01 -1.318350000000000034e-03 1.361240000000000106e-03 -4.414620000000000176e-03 1.319159999999999994e-03 9.999989999999999712e-01 -5.985539999999999481e-04 -5.478640000000000116e-04 -1.360450000000000027e-03 6.003490000000000215e-04 9.999989999999999712e-01 -8.187659999999999383e-03
9.999980000000000535e-01 -3.920179999999999997e-04 1.879620000000000032e-03 -4.412519999999999637e-03 3.912310000000000223e-04 1.000000000000000000e+00 4.192609999999999826e-04 -2.507360000000000144e-03 -1.879779999999999949e-03 -4.185249999999999951e-04 9.999980000000000535e-01 -1.260290000000000021e-02
9.999989999999999712e-01 -1.568809999999999909e-04 1.720259999999999932e-03 -5.147689999999999905e-03 1.552199999999999945e-04 1.000000000000000000e+00 9.655440000000000376e-04 -1.995750000000000128e-03 -1.720409999999999908e-03 -9.652750000000000306e-04 9.999980000000000535e-01 -1.286559999999999961e-02
9.999970000000000248e-01 1.529170000000000052e-03 1.740800000000000030e-03 -5.721259999999999714e-03 -1.532369999999999913e-03 9.999970000000000248e-01 1.841900000000000048e-03 -3.602370000000000138e-03 -1.737969999999999923e-03 -1.844560000000000080e-03 9.999970000000000248e-01 -1.510159999999999975e-02
9.999930000000000208e-01 2.321249999999999963e-03 2.771239999999999901e-03 -6.106069999999999900e-03 -2.326509999999999950e-03 9.999949999999999672e-01 1.899040000000000060e-03 -4.654969999999999594e-03 -2.766820000000000130e-03 -1.905470000000000037e-03 9.999940000000000495e-01 -1.631389999999999924e-02
9.999890000000000168e-01 2.944210000000000056e-03 3.604870000000000036e-03 -5.829059999999999624e-03 -2.955600000000000067e-03 9.999909999999999632e-01 3.158400000000000010e-03 -3.392490000000000176e-03 -3.595529999999999993e-03 -3.169019999999999823e-03 9.999890000000000168e-01 -1.568759999999999946e-02
9.999770000000000048e-01 2.383989999999999894e-03 6.300609999999999891e-03 -6.882959999999999599e-03 -2.415580000000000071e-03 9.999850000000000128e-01 5.010459999999999567e-03 -4.530029999999999994e-03 -6.288570000000000271e-03 -5.025570000000000037e-03 9.999679999999999680e-01 -1.814489999999999853e-02
9.999749999999999472e-01 1.852370000000000102e-03 6.762630000000000377e-03 -5.945149999999999740e-03 -1.891749999999999985e-03 9.999810000000000088e-01 5.821139999999999821e-03 -4.495200000000000411e-03 -6.751720000000000117e-03 -5.833800000000000097e-03 9.999599999999999600e-01 -1.718079999999999954e-02
9.999730000000000008e-01 1.450069999999999918e-03 7.146869999999999612e-03 -7.327949999999999742e-03 -1.499979999999999933e-03 9.999740000000000295e-01 6.983379999999999969e-03 -4.838539999999999681e-03 -7.136570000000000066e-03 -6.993909999999999884e-03 9.999500000000000055e-01 -1.716650000000000120e-02
9.999630000000000463e-01 7.655859999999999575e-04 8.588550000000000351e-03 -1.048969999999999937e-02 -8.263059999999999589e-04 9.999749999999999472e-01 7.068500000000000130e-03 -4.801520000000000093e-03 -8.582920000000000826e-03 -7.075340000000000275e-03 9.999379999999999935e-01 -2.411179999999999921e-02
9.999590000000000423e-01 5.878300000000000284e-05 9.050249999999999267e-03 -1.258070000000000022e-02 -1.301730000000000020e-04 9.999689999999999968e-01 7.887810000000000307e-03 -6.672179999999999778e-03 -9.049500000000000252e-03 -7.888660000000000463e-03 9.999280000000000390e-01 -2.604770000000000002e-02
9.999679999999999680e-01 1.330379999999999931e-03 7.903469999999999246e-03 -1.367230000000000008e-02 -1.390390000000000029e-03 9.999700000000000255e-01 7.592119999999999945e-03 -9.039220000000000588e-03 -7.893129999999999938e-03 -7.602860000000000347e-03 9.999400000000000510e-01 -2.920530000000000001e-02
9.999649999999999928e-01 4.179399999999999782e-03 7.230509999999999889e-03 -1.521609999999999976e-02 -4.222550000000000262e-03 9.999730000000000008e-01 5.962979999999999670e-03 -9.734019999999999478e-03 -7.205389999999999885e-03 -5.993300000000000016e-03 9.999559999999999560e-01 -3.079700000000000146e-02
9.999609999999999888e-01 5.776260000000000075e-03 6.637820000000000005e-03 -1.531790000000000061e-02 -5.808530000000000117e-03 9.999710000000000543e-01 4.851860000000000374e-03 -9.717180000000000609e-03 -6.609600000000000197e-03 -4.890229999999999751e-03 9.999660000000000215e-01 -3.098329999999999834e-02
9.999540000000000095e-01 7.089419999999999923e-03 6.465460000000000131e-03 -1.650590000000000043e-02 -7.112819999999999733e-03 9.999679999999999680e-01 3.603780000000000004e-03 -1.158509999999999922e-02 -6.439699999999999591e-03 -3.649599999999999806e-03 9.999730000000000008e-01 -3.210129999999999928e-02
9.999470000000000303e-01 9.174659999999999413e-03 4.611070000000000099e-03 -1.692230000000000123e-02 -9.189549999999999455e-03 9.999529999999999808e-01 3.217799999999999827e-03 -1.210810000000000011e-02 -4.581329999999999777e-03 -3.260009999999999818e-03 9.999839999999999840e-01 -3.549229999999999746e-02
9.999179999999999735e-01 1.224380000000000086e-02 3.841209999999999850e-03 -1.650369999999999962e-02 -1.226059999999999997e-02 9.999149999999999983e-01 4.372759999999999841e-03 -1.121830000000000049e-02 -3.787350000000000091e-03 -4.419499999999999817e-03 9.999829999999999552e-01 -3.489049999999999790e-02
9.998979999999999535e-01 1.275190000000000004e-02 6.383820000000000119e-03 -1.442240000000000015e-02 -1.279300000000000055e-02 9.998970000000000358e-01 6.446789999999999986e-03 -1.247960000000000041e-02 -6.300949999999999607e-03 -6.527800000000000269e-03 9.999590000000000423e-01 -3.379839999999999928e-02
9.998780000000000445e-01 1.148380000000000060e-02 1.062319999999999931e-02 -1.391099999999999975e-02 -1.154980000000000069e-02 9.999139999999999695e-01 6.172669999999999893e-03 -1.409009999999999950e-02 -1.055140000000000071e-02 -6.294609999999999962e-03 9.999249999999999527e-01 -3.211109999999999659e-02
9.846840000000000037e-01 6.193950000000000150e-02 -1.629760000000000097e-01 2.020089999999999941e-01 -6.400609999999999633e-02 9.979219999999999757e-01 -7.455019999999999702e-03 2.284310000000000160e-02 1.621759999999999868e-01 1.777230000000000129e-02 9.866019999999999790e-01 -6.438399999999999679e-02
9.898369999999999669e-01 4.859709999999999724e-02 -1.336440000000000128e-01 1.749670000000000114e-01 -4.918879999999999780e-02 9.987890000000000379e-01 -1.127640000000000066e-03 -8.959450000000000747e-03 1.334269999999999901e-01 7.689950000000000084e-03 9.910290000000000488e-01 -4.620439999999999964e-02
9.913089999999999957e-01 4.460460000000000119e-02 -1.237609999999999960e-01 1.598130000000000106e-01 -4.646589999999999748e-02 9.988449999999999829e-01 -1.219300000000000071e-02 1.860660000000000092e-02 1.230740000000000028e-01 1.783770000000000147e-02 9.922370000000000356e-01 -5.195210000000000106e-02
9.913100000000000245e-01 3.958829999999999988e-02 -1.254460000000000020e-01 1.660719999999999974e-01 -4.028339999999999699e-02 9.991839999999999611e-01 -3.008320000000000091e-03 -5.447330000000000227e-03 1.252250000000000030e-01 8.035570000000000560e-03 9.920959999999999779e-01 -5.137860000000000343e-02
9.917300000000000004e-01 4.423250000000000098e-02 -1.204780000000000018e-01 1.576089999999999991e-01 -4.577439999999999981e-02 9.989010000000000389e-01 -1.005999999999999950e-02 9.208179999999999837e-03 1.199000000000000066e-01 1.549159999999999947e-02 9.926650000000000196e-01 -5.363239999999999674e-02
9.914870000000000072e-01 4.732349999999999751e-02 -1.212970000000000020e-01 1.633189999999999920e-01 -4.816000000000000142e-02 9.988320000000000531e-01 -3.972719999999999897e-03 1.977299999999999978e-03 1.209680000000000061e-01 9.780600000000000405e-03 9.926080000000000458e-01 -5.646299999999999930e-02
9.920809999999999906e-01 4.811479999999999924e-02 -1.160189999999999971e-01 1.603650000000000075e-01 -4.877179999999999710e-02 9.988059999999999716e-01 -2.829490000000000043e-03 1.700550000000000108e-03 1.157450000000000007e-01 8.465550000000000505e-03 9.932429999999999870e-01 -5.597010000000000179e-02
9.928409999999999735e-01 4.381270000000000303e-02 -1.111150000000000054e-01 1.609389999999999987e-01 -4.424829999999999736e-02 9.990200000000000191e-01 -1.455820000000000031e-03 -7.060170000000000540e-05 1.109419999999999989e-01 6.362060000000000111e-03 9.938059999999999672e-01 -5.922319999999999668e-02
9.931870000000000420e-01 4.422949999999999798e-02 -1.078159999999999952e-01 1.614919999999999967e-01 -4.422679999999999667e-02 9.990189999999999904e-01 2.417929999999999992e-03 -2.776639999999999924e-03 1.078169999999999962e-01 2.366899999999999907e-03 9.941680000000000517e-01 -6.215160000000000129e-02
9.934990000000000210e-01 4.611520000000000202e-02 -1.040810000000000068e-01 1.596750000000000114e-01 -4.579110000000000125e-02 9.989360000000000461e-01 5.502810000000000340e-03 -4.939769999999999578e-03 1.042239999999999972e-01 -7.010420000000000280e-04 9.945540000000000491e-01 -6.137639999999999763e-02
9.939459999999999962e-01 4.663149999999999934e-02 -9.948490000000000111e-02 1.565199999999999925e-01 -4.607490000000000197e-02 9.989069999999999894e-01 7.885970000000000826e-03 -1.028229999999999943e-02 9.974389999999999645e-02 -3.254459999999999818e-03 9.950080000000000036e-01 -6.551279999999999604e-02
9.942029999999999479e-01 4.573019999999999863e-02 -9.730890000000000373e-02 1.565040000000000042e-01 -4.497740000000000071e-02 9.989390000000000214e-01 9.917129999999999695e-03 -1.207339999999999976e-02 9.765909999999999869e-02 -5.482940000000000383e-03 9.952050000000000063e-01 -6.915209999999999413e-02
9.944330000000000114e-01 4.538919999999999760e-02 -9.509539999999999660e-02 1.536540000000000128e-01 -4.425910000000000261e-02 9.989230000000000054e-01 1.396050000000000069e-02 -1.522949999999999998e-02 9.562660000000000604e-02 -9.673920000000000782e-03 9.953699999999999770e-01 -7.156940000000000524e-02
9.944110000000000449e-01 4.517809999999999881e-02 -9.542050000000000531e-02 1.534220000000000028e-01 -4.385290000000000021e-02 9.989109999999999934e-01 1.594100000000000031e-02 -1.664099999999999954e-02 9.603670000000000262e-02 -1.166750000000000079e-02 9.953089999999999993e-01 -7.179689999999999683e-02
9.945310000000000539e-01 4.548169999999999991e-02 -9.401740000000000097e-02 1.523150000000000059e-01 -4.390879999999999783e-02 9.988599999999999701e-01 1.873249999999999915e-02 -2.047720000000000096e-02 9.476220000000000476e-02 -1.450189999999999986e-02 9.953940000000000010e-01 -7.340280000000000415e-02
9.947570000000000023e-01 4.545880000000000060e-02 -9.160300000000000387e-02 1.485990000000000089e-01 -4.374589999999999729e-02 9.988299999999999956e-01 2.062280000000000016e-02 -2.136769999999999989e-02 9.243329999999999602e-02 -1.650739999999999846e-02 9.955819999999999670e-01 -7.413799999999999557e-02
9.950769999999999893e-01 4.341430000000000289e-02 -8.909259999999999402e-02 1.467890000000000028e-01 -4.147939999999999960e-02 9.988639999999999741e-01 2.345670000000000047e-02 -2.342620000000000119e-02 9.000980000000000092e-02 -1.964569999999999858e-02 9.957470000000000487e-01 -7.188519999999999632e-02
9.955089999999999772e-01 4.109290000000000165e-02 -8.527890000000000470e-02 1.441820000000000046e-01 -3.928820000000000229e-02 9.989689999999999959e-01 2.273379999999999845e-02 -2.602250000000000049e-02 8.612519999999999898e-02 -1.928130000000000122e-02 9.960980000000000389e-01 -6.984390000000000043e-02
9.958839999999999915e-01 4.010869999999999713e-02 -8.128069999999999740e-02 1.405990000000000018e-01 -3.846890000000000032e-02 9.990250000000000519e-01 2.164220000000000033e-02 -2.939369999999999830e-02 8.206950000000000356e-02 -1.842629999999999962e-02 9.964560000000000084e-01 -6.990250000000000630e-02
9.962839999999999474e-01 3.918300000000000255e-02 -7.670159999999999478e-02 1.362440000000000040e-01 -3.770140000000000297e-02 9.990750000000000464e-01 2.067099999999999840e-02 -3.131380000000000274e-02 7.744059999999999833e-02 -1.770240000000000008e-02 9.968399999999999483e-01 -6.995279999999999554e-02
9.965209999999999901e-01 3.577120000000000299e-02 -7.527179999999999982e-02 1.353640000000000121e-01 -3.407310000000000200e-02 9.991379999999999706e-01 2.372519999999999837e-02 -3.813670000000000254e-02 7.605560000000000098e-02 -2.107799999999999951e-02 9.968810000000000171e-01 -7.144459999999999700e-02
9.968960000000000043e-01 3.375609999999999722e-02 -7.112770000000000203e-02 1.304150000000000031e-01 -3.209340000000000109e-02 9.991870000000000474e-01 2.439140000000000058e-02 -4.139940000000000286e-02 7.189329999999999332e-02 -2.203300000000000050e-02 9.971689999999999721e-01 -7.336280000000000578e-02
9.972870000000000346e-01 3.120890000000000122e-02 -6.667299999999999616e-02 1.262800000000000034e-01 -2.945769999999999986e-02 9.991989999999999483e-01 2.708860000000000087e-02 -4.464510000000000006e-02 6.746499999999999719e-02 -2.505100000000000035e-02 9.974070000000000435e-01 -7.468239999999999601e-02
9.976369999999999960e-01 2.930610000000000159e-02 -6.214220000000000160e-02 1.225679999999999964e-01 -2.741909999999999833e-02 9.991430000000000033e-01 3.100510000000000072e-02 -4.760179999999999967e-02 6.299760000000000082e-02 -2.922800000000000051e-02 9.975859999999999728e-01 -7.389260000000000272e-02
9.981039999999999912e-01 2.444299999999999945e-02 -5.649320000000000036e-02 1.178970000000000018e-01 -2.253700000000000148e-02 9.991630000000000233e-01 3.413220000000000143e-02 -5.269240000000000035e-02 5.728020000000000334e-02 -3.279429999999999845e-02 9.978190000000000115e-01 -7.159519999999999773e-02
9.985610000000000319e-01 1.957959999999999909e-02 -4.991849999999999760e-02 1.123579999999999995e-01 -1.788609999999999853e-02 9.992569999999999508e-01 3.414910000000000168e-02 -5.529420000000000168e-02 5.055010000000000059e-02 -3.320710000000000328e-02 9.981689999999999729e-01 -7.056610000000000660e-02
9.989510000000000334e-01 1.423070000000000064e-02 -4.352120000000000294e-02 1.066160000000000024e-01 -1.273159999999999917e-02 9.993220000000000436e-01 3.453200000000000019e-02 -6.092639999999999861e-02 4.398320000000000007e-02 -3.394169999999999826e-02 9.984560000000000102e-01 -6.791590000000000127e-02
9.992229999999999723e-01 8.471559999999999507e-03 -3.849799999999999750e-02 1.014899999999999969e-01 -7.227980000000000169e-03 9.994509999999999783e-01 3.232759999999999800e-02 -6.693129999999999913e-02 3.875069999999999903e-02 -3.202420000000000266e-02 9.987359999999999571e-01 -6.663810000000000566e-02
9.994210000000000038e-01 5.981669999999999696e-03 -3.350399999999999906e-02 9.389300000000000423e-02 -5.004070000000000219e-03 9.995610000000000328e-01 2.918669999999999945e-02 -7.012980000000000602e-02 3.366389999999999660e-02 -2.900219999999999881e-02 9.990120000000000111e-01 -7.011879999999999502e-02
9.995199999999999640e-01 2.965010000000000128e-03 -3.082179999999999989e-02 8.826499999999999624e-02 -2.012710000000000020e-03 9.995209999999999928e-01 3.088199999999999973e-02 -7.245540000000000314e-02 3.089859999999999829e-02 -3.080520000000000133e-02 9.990480000000000471e-01 -7.282310000000000172e-02
9.995770000000000488e-01 3.511160000000000041e-04 -2.907869999999999899e-02 8.331890000000000129e-02 6.701899999999999785e-04 9.993830000000000213e-01 3.510499999999999732e-02 -7.582329999999999626e-02 2.907310000000000103e-02 -3.510959999999999775e-02 9.989599999999999591e-01 -7.347270000000000190e-02
9.996890000000000498e-01 -2.167010000000000030e-03 -2.482859999999999928e-02 7.893219999999999403e-02 3.141070000000000147e-03 9.992240000000000011e-01 3.925959999999999867e-02 -7.870219999999999994e-02 2.472430000000000114e-02 -3.932540000000000341e-02 9.989209999999999479e-01 -7.372599999999999987e-02
9.998439999999999550e-01 -5.449479999999999602e-03 -1.682459999999999858e-02 7.307829999999999881e-02 6.203740000000000122e-03 9.989630000000000454e-01 4.510929999999999801e-02 -8.217660000000000242e-02 1.656130000000000102e-02 -4.520659999999999956e-02 9.988399999999999501e-01 -7.278959999999999597e-02
9.999139999999999695e-01 -1.017870000000000059e-02 -8.300619999999999873e-03 6.720429999999999460e-02 1.059700000000000052e-02 9.985899999999999777e-01 5.201979999999999799e-02 -8.534790000000000432e-02 7.759420000000000379e-03 -5.210329999999999823e-02 9.986120000000000552e-01 -7.352300000000000502e-02
9.998500000000000165e-01 -1.732840000000000075e-02 7.424880000000000238e-04 5.740399999999999670e-02 1.725550000000000000e-02 9.981440000000000312e-01 5.841049999999999714e-02 -9.065979999999999872e-02 -1.753269999999999915e-03 -5.838890000000000052e-02 9.982919999999999572e-01 -7.094889999999999530e-02
9.996509999999999563e-01 -2.488169999999999965e-02 8.898599999999999566e-03 4.797219999999999956e-02 2.431080000000000046e-02 9.979409999999999670e-01 5.935510000000000091e-02 -9.465790000000000315e-02 -1.035709999999999929e-02 -5.911799999999999694e-02 9.981970000000000010e-01 -7.055920000000000247e-02
9.993889999999999718e-01 -3.241979999999999862e-02 1.308830000000000063e-02 4.395639999999999964e-02 3.157229999999999759e-02 9.976709999999999745e-01 6.045659999999999923e-02 -9.869590000000000307e-02 -1.501779999999999955e-02 -6.000640000000000140e-02 9.980850000000000000e-01 -7.418320000000000469e-02
9.989200000000000301e-01 -4.121129999999999932e-02 2.147210000000000091e-02 3.675189999999999707e-02 3.976869999999999711e-02 9.971719999999999473e-01 6.376149999999999873e-02 -1.015490000000000004e-01 -2.403910000000000075e-02 -6.283869999999999734e-02 9.977340000000000098e-01 -7.301589999999999470e-02
9.983009999999999939e-01 -4.978869999999999824e-02 3.028219999999999870e-02 2.895729999999999832e-02 4.776369999999999921e-02 9.967890000000000361e-01 6.427239999999999343e-02 -1.057469999999999938e-01 -3.338499999999999801e-02 -6.271680000000000310e-02 9.974730000000000540e-01 -7.192199999999999982e-02
9.977840000000000042e-01 -5.562140000000000140e-02 3.651299999999999685e-02 2.314429999999999960e-02 5.327860000000000235e-02 9.966359999999999664e-01 6.227400000000000296e-02 -1.091229999999999978e-01 -3.985400000000000054e-02 -6.019059999999999688e-02 9.973910000000000275e-01 -7.333520000000000316e-02
9.971970000000000001e-01 -6.135979999999999907e-02 4.281349999999999739e-02 1.667039999999999841e-02 5.867159999999999737e-02 9.963840000000000474e-01 6.144689999999999874e-02 -1.120349999999999957e-01 -4.642910000000000093e-02 -5.876279999999999698e-02 9.971919999999999673e-01 -7.682590000000000252e-02
9.966129999999999711e-01 -6.600250000000000561e-02 4.904970000000000163e-02 1.179089999999999999e-02 6.287460000000000271e-02 9.960440000000000405e-01 6.278920000000000334e-02 -1.145830000000000043e-01 -5.299990000000000256e-02 -5.949249999999999677e-02 9.968209999999999571e-01 -7.807450000000000501e-02
9.957559999999999745e-01 -7.122789999999999677e-02 5.828660000000000091e-02 4.470580000000000040e-03 6.754119999999999568e-02 9.957289999999999752e-01 6.295069999999999832e-02 -1.176600000000000007e-01 -6.252149999999999375e-02 -5.874669999999999892e-02 9.963130000000000042e-01 -7.656549999999999467e-02
9.949069999999999858e-01 -7.570469999999999977e-02 6.655339999999999867e-02 -2.320220000000000008e-03 7.171270000000000422e-02 9.955920000000000325e-01 6.045509999999999773e-02 -1.206570000000000004e-01 -7.083680000000000532e-02 -5.537450000000000011e-02 9.959500000000000020e-01 -7.787669999999999315e-02
9.942339999999999511e-01 -7.977190000000000669e-02 7.165610000000000035e-02 -6.059450000000000079e-03 7.560619999999999841e-02 9.953859999999999930e-01 5.908089999999999870e-02 -1.230060000000000042e-01 -7.603849999999999498e-02 -5.332259999999999778e-02 9.956779999999999520e-01 -8.089119999999999644e-02
9.933910000000000240e-01 -8.385729999999999573e-02 7.837860000000000660e-02 -1.479590000000000072e-02 7.934309999999999974e-02 9.950970000000000093e-01 5.904029999999999695e-02 -1.250400000000000122e-01 -8.294529999999999959e-02 -5.243130000000000013e-02 9.951740000000000030e-01 -8.298629999999999896e-02
9.925159999999999538e-01 -8.863939999999999320e-02 8.399669999999999359e-02 -2.302229999999999902e-02 8.394089999999999885e-02 9.947859999999999481e-01 5.791369999999999851e-02 -1.270529999999999993e-01 -8.869219999999999882e-02 -5.042950000000000210e-02 9.947820000000000551e-01 -8.091859999999999331e-02
9.919799999999999729e-01 -9.317789999999999406e-02 8.539660000000000306e-02 -2.790760000000000116e-02 8.859380000000000033e-02 9.944929999999999604e-01 5.599040000000000267e-02 -1.309470000000000078e-01 -9.014339999999999853e-02 -4.797579999999999900e-02 9.947730000000000183e-01 -8.487119999999999387e-02
9.914230000000000542e-01 -9.707749999999999713e-02 8.749969999999999970e-02 -3.543509999999999716e-02 9.246469999999999689e-02 9.941780000000000062e-01 5.532179999999999737e-02 -1.327190000000000036e-01 -9.236080000000000678e-02 -4.675669999999999826e-02 9.946270000000000389e-01 -8.650030000000000219e-02
9.911550000000000082e-01 -9.985109999999999819e-02 8.741709999999999758e-02 -4.134700000000000181e-02 9.532999999999999807e-02 9.939550000000000329e-01 5.446000000000000146e-02 -1.348030000000000062e-01 -9.232650000000000579e-02 -4.564479999999999926e-02 9.946819999999999551e-01 -8.748590000000000533e-02
9.910750000000000393e-01 -1.011620000000000019e-01 8.681270000000000653e-02 -4.657159999999999772e-02 9.671409999999999729e-02 9.938460000000000072e-01 5.400220000000000020e-02 -1.358360000000000123e-01 -9.174140000000000073e-02 -4.512420000000000320e-02 9.947599999999999776e-01 -9.036149999999999738e-02
9.910900000000000265e-01 -1.009769999999999973e-01 8.686170000000000002e-02 -5.259919999999999873e-02 9.656900000000000206e-02 9.938850000000000184e-01 5.354659999999999975e-02 -1.363479999999999970e-01 -9.173749999999999960e-02 -4.468140000000000306e-02 9.947799999999999976e-01 -9.274709999999999899e-02
9.907129999999999548e-01 -1.014390000000000014e-01 9.054260000000000086e-02 -6.232359999999999983e-02 9.692760000000000264e-02 9.938839999999999897e-01 5.291350000000000220e-02 -1.347849999999999882e-01 -9.535630000000000495e-02 -4.364599999999999730e-02 9.944859999999999811e-01 -8.736510000000000109e-02
9.905760000000000121e-01 -1.008440000000000031e-01 9.268220000000000625e-02 -7.178439999999999821e-02 9.658509999999999318e-02 9.941010000000000124e-01 4.934949999999999753e-02 -1.322879999999999889e-01 -9.711200000000000387e-02 -3.993270000000000153e-02 9.944720000000000226e-01 -7.948059999999999847e-02
9.907949999999999813e-01 -1.006429999999999964e-01 9.053170000000000661e-02 -7.690859999999999363e-02 9.674589999999999579e-02 9.942239999999999966e-01 4.646340000000000192e-02 -1.327079999999999926e-01 -9.468509999999999427e-02 -3.727710000000000051e-02 9.948090000000000543e-01 -7.908990000000000464e-02
9.909949999999999593e-01 -1.010979999999999934e-01 8.779339999999999367e-02 -8.323569999999999580e-02 9.748999999999999333e-02 9.942419999999999591e-01 4.447070000000000189e-02 -1.346690000000000109e-01 -9.178390000000000160e-02 -3.551130000000000259e-02 9.951459999999999750e-01 -8.033049999999999913e-02
9.912649999999999517e-01 -1.017050000000000037e-01 8.395869999999999722e-02 -8.396599999999999897e-02 9.826659999999999562e-02 9.941809999999999814e-01 4.412780000000000175e-02 -1.376499999999999946e-01 -8.795809999999999740e-02 -3.549200000000000271e-02 9.954920000000000435e-01 -8.161590000000000511e-02
9.915950000000000042e-01 -1.000439999999999940e-01 8.204459999999999531e-02 -8.754779999999999507e-02 9.667580000000000617e-02 9.943400000000000016e-01 4.405830000000000163e-02 -1.392710000000000059e-01 -8.598799999999999499e-02 -3.575629999999999781e-02 9.956540000000000390e-01 -8.116299999999999903e-02
9.918200000000000349e-01 -1.002989999999999993e-01 7.895309999999999828e-02 -9.061479999999999535e-02 9.722999999999999698e-02 9.943840000000000456e-01 4.180480000000000307e-02 -1.405210000000000070e-01 -8.270260000000000111e-02 -3.378620000000000234e-02 9.960010000000000252e-01 -8.072440000000000171e-02
9.922149999999999581e-01 -1.005080000000000001e-01 7.353859999999999564e-02 -9.209069999999999756e-02 9.763779999999999681e-02 9.943509999999999849e-01 4.163979999999999765e-02 -1.425770000000000093e-01 -7.730829999999999647e-02 -3.413540000000000324e-02 9.964229999999999476e-01 -8.073429999999999496e-02
9.923049999999999926e-01 -1.022089999999999943e-01 6.988719999999999655e-02 -9.492549999999999599e-02 9.932459999999999900e-02 9.941010000000000124e-01 4.357409999999999756e-02 -1.437720000000000109e-01 -7.392849999999999422e-02 -3.629729999999999762e-02 9.966030000000000166e-01 -7.801410000000000289e-02
9.923260000000000414e-01 -1.036880000000000024e-01 6.736749999999999683e-02 -9.530039999999999345e-02 1.008349999999999941e-01 9.939090000000000424e-01 4.446869999999999989e-02 -1.476880000000000137e-01 -7.156809999999999561e-02 -3.733449999999999963e-02 9.967369999999999841e-01 -7.351240000000000552e-02
9.922250000000000236e-01 -1.051549999999999985e-01 6.658050000000000079e-02 -9.706620000000000525e-02 1.023949999999999999e-01 9.937880000000000047e-01 4.360479999999999912e-02 -1.514469999999999983e-01 -7.075220000000000120e-02 -3.644820000000000004e-02 9.968280000000000474e-01 -7.177749999999999408e-02
9.919559999999999489e-01 -1.075089999999999935e-01 6.681600000000000039e-02 -9.971309999999999896e-02 1.047820000000000001e-01 9.935619999999999452e-01 4.306870000000000143e-02 -1.556150000000000033e-01 -7.101620000000000155e-02 -3.572109999999999869e-02 9.968350000000000266e-01 -6.901509999999999589e-02
9.916650000000000187e-01 -1.100580000000000030e-01 6.699259999999999937e-02 -1.016709999999999975e-01 1.074490000000000028e-01 9.933490000000000375e-01 4.138970000000000149e-02 -1.595979999999999899e-01 -7.110220000000000429e-02 -3.384639999999999871e-02 9.968949999999999756e-01 -6.656159999999999854e-02
9.913790000000000102e-01 -1.131599999999999967e-01 6.604219999999999535e-02 -1.021200000000000024e-01 1.105880000000000057e-01 9.930039999999999978e-01 4.139589999999999936e-02 -1.630550000000000055e-01 -7.026449999999999363e-02 -3.373559999999999753e-02 9.969580000000000108e-01 -6.365030000000000687e-02
9.911020000000000385e-01 -1.156070000000000014e-01 6.596820000000000461e-02 -1.035090000000000038e-01 1.130390000000000006e-01 9.927270000000000261e-01 4.142269999999999980e-02 -1.662430000000000019e-01 -7.027709999999999513e-02 -3.359709999999999780e-02 9.969620000000000148e-01 -6.020360000000000295e-02
9.907460000000000155e-01 -1.183320000000000066e-01 6.647730000000000306e-02 -1.034670000000000034e-01 1.155530000000000029e-01 9.923170000000000046e-01 4.421479999999999855e-02 -1.703340000000000132e-01 -7.119860000000000078e-02 -3.612400000000000333e-02 9.968080000000000274e-01 -5.567079999999999945e-02
9.902630000000000043e-01 -1.208420000000000050e-01 6.911730000000000651e-02 -1.040299999999999975e-01 1.179189999999999960e-01 9.920069999999999721e-01 4.491690000000000266e-02 -1.755549999999999888e-01 -7.399269999999999459e-02 -3.632930000000000187e-02 9.965969999999999551e-01 -4.771109999999999934e-02
9.898040000000000171e-01 -1.218199999999999977e-01 7.381429999999999936e-02 -1.051959999999999978e-01 1.189370000000000011e-01 9.920010000000000217e-01 4.228139999999999676e-02 -1.809959999999999902e-01 -7.837460000000000260e-02 -3.307100000000000317e-02 9.963750000000000107e-01 -4.312010000000000148e-02
9.893440000000000012e-01 -1.227209999999999968e-01 7.834839999999999860e-02 -1.045500000000000040e-01 1.197529999999999983e-01 9.919339999999999824e-01 4.154479999999999978e-02 -1.848400000000000043e-01 -8.281479999999999397e-02 -3.171970000000000345e-02 9.960599999999999454e-01 -3.968200000000000199e-02
9.888829999999999565e-01 -1.227639999999999981e-01 8.390200000000000435e-02 -1.031870000000000009e-01 1.195449999999999985e-01 9.919229999999999992e-01 4.238959999999999950e-02 -1.876440000000000052e-01 -8.842830000000000135e-02 -3.188830000000000137e-02 9.955720000000000125e-01 -3.184970000000000162e-02
9.881510000000000016e-01 -1.229699999999999960e-01 9.184680000000000621e-02 -1.036190000000000028e-01 1.193810000000000010e-01 9.918900000000000494e-01 4.361330000000000068e-02 -1.929849999999999899e-01 -9.646499999999999519e-02 -3.213169999999999915e-02 9.948179999999999801e-01 -2.403829999999999856e-02
9.877139999999999809e-01 -1.205880000000000007e-01 9.939989999999999937e-02 -1.016839999999999966e-01 1.168170000000000042e-01 9.922250000000000236e-01 4.293600000000000194e-02 -1.956489999999999896e-01 -1.038049999999999945e-01 -3.079679999999999918e-02 9.941210000000000324e-01 -1.879310000000000008e-02
9.870499999999999829e-01 -1.185869999999999980e-01 1.080279999999999990e-01 -1.009400000000000019e-01 1.142880000000000007e-01 9.924199999999999688e-01 4.517970000000000319e-02 -1.988300000000000067e-01 -1.125670000000000004e-01 -3.224830000000000058e-02 9.931210000000000315e-01 -1.429279999999999960e-02
9.859609999999999763e-01 -1.189159999999999939e-01 1.172210000000000057e-01 -1.007580000000000003e-01 1.136049999999999977e-01 9.922149999999999581e-01 5.102009999999999879e-02 -2.028800000000000048e-01 -1.223759999999999987e-01 -3.698690000000000311e-02 9.917939999999999534e-01 -8.018529999999999408e-03
9.845340000000000202e-01 -1.214380000000000043e-01 1.262729999999999964e-01 -1.034579999999999944e-01 1.152719999999999995e-01 9.918059999999999654e-01 5.506980000000000208e-02 -2.090470000000000106e-01 -1.319259999999999877e-01 -3.966240000000000043e-02 9.904659999999999576e-01 -2.280250000000000159e-03
9.829210000000000447e-01 -1.264309999999999878e-01 1.337240000000000095e-01 -1.062089999999999979e-01 1.197280000000000011e-01 9.911649999999999627e-01 5.706510000000000055e-02 -2.134099999999999886e-01 -1.397579999999999933e-01 -4.007990000000000164e-02 9.893739999999999757e-01 3.867370000000000183e-03
9.814599999999999991e-01 -1.327840000000000131e-01 1.382230000000000125e-01 -1.063049999999999967e-01 1.255999999999999894e-01 9.902950000000000363e-01 5.949549999999999977e-02 -2.197679999999999911e-01 -1.447819999999999940e-01 -4.103160000000000140e-02 9.886120000000000463e-01 8.202489999999999781e-03
9.797730000000000050e-01 -1.392460000000000087e-01 1.437180000000000124e-01 -1.077390000000000014e-01 1.317419999999999980e-01 9.894349999999999534e-01 6.051379999999999953e-02 -2.249369999999999981e-01 -1.506260000000000099e-01 -4.035609999999999892e-02 9.877669999999999506e-01 1.383640000000000043e-02
9.785500000000000309e-01 -1.441870000000000096e-01 1.471359999999999890e-01 -1.094330000000000025e-01 1.367339999999999944e-01 9.888120000000000243e-01 5.962640000000000301e-02 -2.313530000000000031e-01 -1.540870000000000017e-01 -3.822899999999999909e-02 9.873170000000000002e-01 1.915160000000000126e-02
9.779710000000000347e-01 -1.448019999999999863e-01 1.503500000000000114e-01 -1.100450000000000039e-01 1.379950000000000065e-01 9.889149999999999885e-01 5.481509999999999855e-02 -2.362390000000000045e-01 -1.566210000000000102e-01 -3.285989999999999744e-02 9.871119999999999894e-01 2.700620000000000104e-02
9.772250000000000103e-01 -1.453180000000000027e-01 1.546399999999999997e-01 -1.110069999999999946e-01 1.391340000000000077e-01 9.890029999999999655e-01 5.014829999999999982e-02 -2.422980000000000134e-01 -1.602270000000000083e-01 -2.749050000000000105e-02 9.866970000000000462e-01 3.323199999999999765e-02
9.765080000000000426e-01 -1.459550000000000014e-01 1.585229999999999972e-01 -1.113729999999999998e-01 1.406250000000000000e-01 9.890670000000000295e-01 4.439839999999999759e-02 -2.462999999999999912e-01 -1.632709999999999995e-01 -2.106299999999999839e-02 9.863560000000000105e-01 3.818180000000000185e-02
9.752349999999999630e-01 -1.503440000000000054e-01 1.622139999999999971e-01 -1.127810000000000062e-01 1.452499999999999902e-01 9.884650000000000380e-01 4.288929999999999826e-02 -2.526430000000000065e-01 -1.667909999999999948e-01 -1.826569999999999930e-02 9.858230000000000048e-01 4.315329999999999860e-02
9.742870000000000141e-01 -1.534490000000000021e-01 1.649789999999999868e-01 -1.140349999999999975e-01 1.488319999999999921e-01 9.880510000000000126e-01 4.006590000000000151e-02 -2.582760000000000056e-01 -1.691560000000000008e-01 -1.448160000000000072e-02 9.854829999999999979e-01 4.876840000000000341e-02
9.735439999999999650e-01 -1.543769999999999865e-01 1.684599999999999986e-01 -1.180749999999999994e-01 1.504810000000000036e-01 9.879670000000000396e-01 3.573140000000000344e-02 -2.615899999999999892e-01 -1.719489999999999907e-01 -9.435980000000000062e-03 9.850609999999999644e-01 5.626140000000000307e-02
9.731969999999999787e-01 -1.560459999999999903e-01 1.689279999999999948e-01 -1.184879999999999961e-01 1.529369999999999896e-01 9.877390000000000336e-01 3.134379999999999805e-02 -2.682709999999999817e-01 -1.717480000000000118e-01 -4.668199999999999954e-03 9.851299999999999502e-01 6.134400000000000269e-02
9.729470000000000063e-01 -1.552479999999999971e-01 1.710919999999999941e-01 -1.201409999999999978e-01 1.531730000000000036e-01 9.878740000000000299e-01 2.534799999999999900e-02 -2.687559999999999949e-01 -1.729529999999999956e-01 1.544419999999999907e-03 9.849290000000000544e-01 6.386769999999999947e-02
9.717839999999999812e-01 -1.586869999999999947e-01 1.745140000000000025e-01 -1.236680000000000001e-01 1.564000000000000112e-01 9.873279999999999834e-01 2.687000000000000152e-02 -2.710130000000000039e-01 -1.765660000000000007e-01 1.182190000000000064e-03 9.842880000000000518e-01 7.047000000000000486e-02
9.708499999999999908e-01 -1.643419999999999881e-01 1.744789999999999952e-01 -1.251629999999999965e-01 1.620530000000000026e-01 9.864020000000000010e-01 2.738610000000000003e-02 -2.743940000000000268e-01 -1.766069999999999862e-01 1.687029999999999953e-03 9.842800000000000438e-01 7.166730000000000322e-02
9.704429999999999445e-01 -1.675180000000000002e-01 1.737190000000000123e-01 -1.264180000000000026e-01 1.652379999999999960e-01 9.858670000000000488e-01 2.761260000000000103e-02 -2.769760000000000000e-01 -1.758889999999999898e-01 1.908399999999999984e-03 9.844079999999999497e-01 7.404660000000000408e-02
9.699100000000000499e-01 -1.707009999999999916e-01 1.735949999999999993e-01 -1.282189999999999996e-01 1.681519999999999959e-01 9.853229999999999489e-01 2.939850000000000102e-02 -2.814240000000000075e-01 -1.760660000000000003e-01 6.764810000000000441e-04 9.843779999999999752e-01 7.736139999999999683e-02
9.694019999999999859e-01 -1.728820000000000079e-01 1.742720000000000102e-01 -1.299609999999999932e-01 1.702799999999999869e-01 9.849419999999999842e-01 2.989210000000000131e-02 -2.869990000000000041e-01 -1.768149999999999999e-01 6.975240000000000390e-04 9.842440000000000078e-01 8.186400000000000621e-02
9.689670000000000227e-01 -1.750859999999999916e-01 1.744950000000000112e-01 -1.318499999999999950e-01 1.730760000000000076e-01 9.845439999999999747e-01 2.678780000000000050e-02 -2.914149999999999796e-01 -1.764880000000000060e-01 4.244409999999999676e-03 9.842940000000000023e-01 8.437509999999999455e-02
9.687200000000000255e-01 -1.762910000000000033e-01 1.746479999999999977e-01 -1.348910000000000109e-01 1.749890000000000057e-01 9.843030000000000390e-01 2.295020000000000046e-02 -2.933299999999999796e-01 -1.759529999999999983e-01 8.329239999999999908e-03 9.843629999999999880e-01 8.622370000000000034e-02
9.685770000000000213e-01 -1.771820000000000062e-01 1.745410000000000017e-01 -1.373679999999999901e-01 1.762120000000000075e-01 9.841250000000000275e-01 2.116499999999999979e-02 -2.969040000000000012e-01 -1.755200000000000093e-01 1.025620000000000004e-02 9.844220000000000192e-01 8.912430000000000352e-02
9.686209999999999543e-01 -1.769370000000000109e-01 1.745480000000000087e-01 -1.376870000000000038e-01 1.765889999999999960e-01 9.841259999999999453e-01 1.764790000000000109e-02 -2.986500000000000266e-01 -1.748999999999999999e-01 1.372920000000000043e-02 9.844899999999999762e-01 9.068089999999999484e-02
9.685439999999999605e-01 -1.746300000000000074e-01 1.772759999999999891e-01 -1.398880000000000123e-01 1.744930000000000092e-01 9.845199999999999507e-01 1.648720000000000047e-02 -2.993859999999999855e-01 -1.774110000000000131e-01 1.496489999999999973e-02 9.840229999999999810e-01 9.118869999999999754e-02
9.680750000000000188e-01 -1.738800000000000068e-01 1.805450000000000110e-01 -1.427869999999999973e-01 1.736600000000000088e-01 9.846559999999999757e-01 1.715070000000000136e-02 -3.025390000000000024e-01 -1.807570000000000010e-01 1.475029999999999918e-02 9.834169999999999856e-01 9.466299999999999715e-02
9.681659999999999711e-01 -1.700399999999999967e-01 1.836849999999999872e-01 -1.469650000000000123e-01 1.702859999999999929e-01 9.852870000000000239e-01 1.455550000000000073e-02 -3.019140000000000157e-01 -1.834580000000000100e-01 1.718679999999999861e-02 9.828770000000000007e-01 9.165260000000000074e-02
9.680400000000000116e-01 -1.675639999999999907e-01 1.866029999999999911e-01 -1.491919999999999913e-01 1.676449999999999885e-01 9.857259999999999911e-01 1.546329999999999927e-02 -3.035140000000000060e-01 -1.865300000000000014e-01 1.631379999999999983e-02 9.823140000000000205e-01 9.273380000000000511e-02
9.677200000000000246e-01 -1.653679999999999872e-01 1.901879999999999959e-01 -1.522540000000000004e-01 1.656479999999999897e-01 9.860780000000000101e-01 1.453459999999999995e-02 -3.060399999999999787e-01 -1.899430000000000007e-01 1.743880000000000083e-02 9.816399999999999570e-01 9.416199999999999570e-02
9.676040000000000196e-01 -1.618340000000000056e-01 1.937820000000000098e-01 -1.554820000000000091e-01 1.625469999999999970e-01 9.866239999999999455e-01 1.232160000000000026e-02 -3.063719999999999777e-01 -1.931839999999999946e-01 1.957630000000000134e-02 9.809670000000000334e-01 9.385060000000000624e-02
9.672030000000000349e-01 -1.585709999999999897e-01 1.984289999999999943e-01 -1.584109999999999963e-01 1.593789999999999929e-01 9.871450000000000502e-01 1.199779999999999944e-02 -3.062830000000000275e-01 -1.977810000000000124e-01 2.002100000000000060e-02 9.800419999999999687e-01 9.438019999999999743e-02
9.659550000000000081e-01 -1.589569999999999872e-01 2.041159999999999919e-01 -1.617329999999999879e-01 1.597540000000000071e-01 9.870759999999999534e-01 1.267620000000000031e-02 -3.087090000000000112e-01 -2.034930000000000072e-01 2.036369999999999847e-02 9.788649999999999851e-01 9.651490000000000069e-02
9.647339999999999804e-01 -1.578849999999999976e-01 2.106200000000000017e-01 -1.650250000000000050e-01 1.592500000000000027e-01 9.871820000000000039e-01 1.057400000000000007e-02 -3.084939999999999904e-01 -2.095899999999999985e-01 2.334009999999999904e-02 9.775110000000000188e-01 9.689200000000000590e-02
9.624369999999999870e-01 -1.610469999999999957e-01 2.185840000000000005e-01 -1.675820000000000087e-01 1.624490000000000101e-01 9.866479999999999695e-01 1.166140000000000058e-02 -3.071349999999999913e-01 -2.175429999999999864e-01 2.428550000000000153e-02 9.757479999999999487e-01 9.835539999999999561e-02
9.594639999999999835e-01 -1.651829999999999965e-01 2.283509999999999984e-01 -1.710210000000000063e-01 1.665919999999999901e-01 9.859369999999999523e-01 1.323099999999999971e-02 -3.100979999999999848e-01 -2.273249999999999993e-01 2.534669999999999979e-02 9.734890000000000487e-01 9.940820000000000212e-02
9.564049999999999496e-01 -1.670820000000000083e-01 2.395279999999999909e-01 -1.779330000000000078e-01 1.692619999999999958e-01 9.855030000000000179e-01 1.159190000000000047e-02 -3.068210000000000104e-01 -2.379930000000000101e-01 2.945650000000000004e-02 9.708200000000000163e-01 9.915780000000000427e-02
