1.000000000000000000e+00 -2.287330000000000072e-23 4.366210000000000210e-23 1.238089999999999993e-23 2.287330000000000072e-23 1.000000000000000000e+00 2.754380000000000220e-22 9.589540000000000491e-23 -4.366210000000000210e-23 -2.754380000000000220e-22 1.000000000000000000e+00 -1.313030000000000057e-23
9.999989999999999712e-01 -1.379460000000000105e-03 7.175970000000000482e-04 -2.964009999999999995e-03 1.379030000000000056e-03 9.999989999999999712e-01 5.948249999999999978e-04 -1.271769999999999975e-03 -7.184169999999999489e-04 -5.938350000000000226e-04 1.000000000000000000e+00 -4.783410000000000092e-03
9.999980000000000535e-01 -1.890050000000000107e-03 5.597570000000000280e-04 -3.552039999999999798e-03 1.889899999999999913e-03 9.999980000000000535e-01 2.685860000000000200e-04 -2.110170000000000188e-03 -5.602639999999999877e-04 -2.675280000000000041e-04 1.000000000000000000e+00 -5.400109999999999633e-03
9.999959999999999960e-01 -1.677510000000000004e-04 2.823340000000000138e-03 -5.722020000000000405e-03 1.652199999999999936e-04 1.000000000000000000e+00 8.965540000000000358e-04 -3.531970000000000161e-03 -2.823490000000000114e-03 -8.960840000000000081e-04 9.999959999999999960e-01 -8.930109999999999784e-03
9.999959999999999960e-01 8.243499999999999526e-04 2.811769999999999894e-03 -6.853500000000000217e-03 -8.283000000000000215e-04 9.999989999999999712e-01 1.404059999999999944e-03 -3.187349999999999819e-03 -2.810609999999999845e-03 -1.406380000000000043e-03 9.999949999999999672e-01 -8.517030000000000087e-03
9.999940000000000495e-01 2.178160000000000165e-03 2.818129999999999854e-03 -7.293530000000000325e-03 -2.185879999999999854e-03 9.999940000000000495e-01 2.737770000000000047e-03 -5.385540000000000292e-03 -2.812149999999999806e-03 -2.743910000000000012e-03 9.999919999999999920e-01 -1.112740000000000083e-02
9.999919999999999920e-01 1.978440000000000146e-03 3.505889999999999788e-03 -7.039740000000000060e-03 -1.987500000000000117e-03 9.999949999999999672e-01 2.582179999999999892e-03 -6.120310000000000333e-03 -3.500759999999999896e-03 -2.589129999999999817e-03 9.999909999999999632e-01 -1.308400000000000014e-02
9.999839999999999840e-01 3.096520000000000175e-03 4.795299999999999736e-03 -7.510619999999999970e-03 -3.114500000000000081e-03 9.999879999999999880e-01 3.746290000000000210e-03 -4.952599999999999711e-03 -4.783639999999999594e-03 -3.761169999999999878e-03 9.999810000000000088e-01 -1.343349999999999926e-02
9.999679999999999680e-01 3.112670000000000107e-03 7.391290000000000013e-03 -8.554330000000000614e-03 -3.150060000000000100e-03 9.999820000000000375e-01 5.052079999999999592e-03 -5.593390000000000167e-03 -7.375429999999999660e-03 -5.075200000000000197e-03 9.999599999999999600e-01 -1.257029999999999953e-02
9.999639999999999640e-01 2.268889999999999969e-03 8.163220000000000545e-03 -8.363960000000000145e-03 -2.323340000000000127e-03 9.999749999999999472e-01 6.667010000000000124e-03 -5.846109999999999848e-03 -8.147889999999999647e-03 -6.685739999999999912e-03 9.999440000000000550e-01 -1.338259999999999970e-02
9.999569999999999848e-01 1.447289999999999948e-03 9.197359999999999911e-03 -9.756920000000000523e-03 -1.521570000000000084e-03 9.999660000000000215e-01 8.074549999999999783e-03 -7.405899999999999983e-03 -9.185360000000000053e-03 -8.088190000000000310e-03 9.999249999999999527e-01 -1.330289999999999945e-02
9.999390000000000223e-01 1.416069999999999959e-03 1.091310000000000023e-02 -1.359239999999999927e-02 -1.513940000000000077e-03 9.999590000000000423e-01 8.965719999999999940e-03 -9.054950000000000845e-03 -1.089990000000000056e-02 -8.981700000000000447e-03 9.999000000000000110e-01 -1.826799999999999952e-02
9.999379999999999935e-01 7.547940000000000378e-04 1.109880000000000068e-02 -1.518150000000000055e-02 -8.550670000000000449e-04 9.999590000000000423e-01 9.032560000000000242e-03 -1.009529999999999976e-02 -1.109150000000000066e-02 -9.041489999999999250e-03 9.998979999999999535e-01 -1.888309999999999989e-02
9.999489999999999768e-01 1.878890000000000031e-03 9.964169999999999625e-03 -1.630469999999999836e-02 -1.968940000000000187e-03 9.999569999999999848e-01 9.034979999999999747e-03 -1.273479999999999925e-02 -9.946770000000000611e-03 -9.054130000000000511e-03 9.999099999999999655e-01 -2.206719999999999862e-02
9.999500000000000055e-01 4.537280000000000306e-03 8.878169999999999465e-03 -1.699849999999999972e-02 -4.603150000000000297e-03 9.999620000000000175e-01 7.413979999999999702e-03 -1.343229999999999945e-02 -8.844190000000000038e-03 -7.454480000000000307e-03 9.999329999999999607e-01 -2.256439999999999835e-02
9.999440000000000550e-01 6.437469999999999824e-03 8.383140000000000730e-03 -1.726170000000000135e-02 -6.489489999999999668e-03 9.999599999999999600e-01 6.192679999999999886e-03 -1.337119999999999975e-02 -8.342940000000000078e-03 -6.246739999999999758e-03 9.999460000000000015e-01 -2.260360000000000147e-02
9.999289999999999567e-01 8.263219999999999940e-03 8.597860000000000572e-03 -1.921890000000000057e-02 -8.308519999999999794e-03 9.999519999999999520e-01 5.247220000000000356e-03 -1.567920000000000078e-02 -8.554080000000000364e-03 -5.318279999999999882e-03 9.999489999999999768e-01 -2.298129999999999964e-02
9.999280000000000390e-01 1.004870000000000069e-02 6.556829999999999603e-03 -1.938329999999999914e-02 -1.007770000000000020e-02 9.999400000000000510e-01 4.404429999999999977e-03 -1.564580000000000137e-02 -6.512180000000000225e-03 -4.470189999999999754e-03 9.999689999999999968e-01 -2.639280000000000098e-02
9.999040000000000150e-01 1.274920000000000046e-02 5.454600000000000420e-03 -1.820949999999999999e-02 -1.278110000000000010e-02 9.999010000000000398e-01 5.856450000000000024e-03 -1.518740000000000021e-02 -5.379390000000000387e-03 -5.925610000000000425e-03 9.999679999999999680e-01 -2.551710000000000089e-02
9.998810000000000198e-01 1.316709999999999929e-02 8.045689999999999439e-03 -1.624120000000000077e-02 -1.322770000000000022e-02 9.998839999999999950e-01 7.535840000000000247e-03 -1.562039999999999956e-02 -7.945539999999999201e-03 -7.641369999999999760e-03 9.999390000000000223e-01 -2.492859999999999868e-02
9.998550000000000493e-01 1.214830000000000076e-02 1.196720000000000075e-02 -1.502009999999999977e-02 -1.223950000000000038e-02 9.998960000000000070e-01 7.578750000000000417e-03 -1.802940000000000098e-02 -1.187389999999999973e-02 -7.724120000000000118e-03 9.999000000000000110e-01 -2.212889999999999996e-02
9.783610000000000362e-01 3.055830000000000005e-02 -2.046379999999999866e-01 2.449969999999999926e-01 -5.247389999999999693e-02 9.933440000000000047e-01 -1.025400000000000061e-01 2.135880000000000001e-01 2.001419999999999866e-01 1.110590000000000049e-01 9.734519999999999840e-01 2.118770000000000028e-02
9.786139999999999839e-01 -5.238689999999999840e-03 -2.056360000000000132e-01 2.856150000000000078e-01 -2.146990000000000010e-02 9.916139999999999954e-01 -1.274359999999999937e-01 2.390819999999999890e-01 2.045790000000000108e-01 1.291259999999999908e-01 9.702960000000000473e-01 -1.457220000000000043e-02
9.769210000000000393e-01 2.184149999999999980e-02 -2.124790000000000012e-01 2.624429999999999819e-01 -4.537859999999999810e-02 9.932729999999999615e-01 -1.065360000000000057e-01 2.152209999999999956e-01 2.087229999999999919e-01 1.137190000000000006e-01 9.713410000000000100e-01 2.190920000000000020e-02
9.774639999999999995e-01 2.141699999999999854e-02 -2.100120000000000042e-01 2.618219999999999992e-01 -4.492580000000000184e-02 9.931550000000000100e-01 -1.078179999999999972e-01 2.150420000000000109e-01 2.062650000000000039e-01 1.148229999999999945e-01 9.717360000000000442e-01 1.695450000000000082e-02
9.777860000000000440e-01 2.459590000000000040e-02 -2.081570000000000087e-01 2.604770000000000141e-01 -4.782999999999999752e-02 9.930719999999999548e-01 -1.073319999999999969e-01 2.155199999999999894e-01 2.040750000000000064e-01 1.149040000000000061e-01 9.721889999999999699e-01 1.500070000000000049e-02
9.781360000000000054e-01 2.973009999999999889e-02 -2.058319999999999872e-01 2.598019999999999774e-01 -5.232520000000000227e-02 9.930719999999999548e-01 -1.052170000000000050e-01 2.155259999999999954e-01 2.012780000000000125e-01 1.136859999999999954e-01 9.729139999999999455e-01 1.447629999999999924e-02
9.788350000000000106e-01 2.943029999999999952e-02 -2.025260000000000116e-01 2.606069999999999776e-01 -5.148729999999999973e-02 9.931889999999999885e-01 -1.045179999999999998e-01 2.153500000000000136e-01 1.980709999999999971e-01 1.127329999999999999e-01 9.736829999999999652e-01 1.565019999999999953e-02
9.798519999999999452e-01 2.621069999999999997e-02 -1.979960000000000053e-01 2.606330000000000036e-01 -4.749380000000000268e-02 9.934929999999999595e-01 -1.035210000000000019e-01 2.148299999999999932e-01 1.939939999999999998e-01 1.108389999999999931e-01 9.747209999999999486e-01 1.465810000000000030e-02
9.806350000000000344e-01 2.649960000000000163e-02 -1.940459999999999963e-01 2.603980000000000183e-01 -4.680850000000000288e-02 9.938010000000000455e-01 -1.008359999999999951e-01 2.147620000000000084e-01 1.901710000000000067e-01 1.079660000000000064e-01 9.757959999999999967e-01 1.239700000000000003e-02
9.809689999999999799e-01 2.758870000000000072e-02 -1.921920000000000017e-01 2.609690000000000065e-01 -4.723999999999999727e-02 9.940219999999999612e-01 -9.842910000000000548e-02 2.131770000000000054e-01 1.883279999999999954e-01 1.056350000000000067e-01 9.764089999999999714e-01 1.496510000000000028e-02
9.736979999999999524e-01 5.135409999999999975e-02 -2.219780000000000086e-01 3.071229999999999793e-01 -7.494570000000000398e-02 9.922419999999999574e-01 -9.919319999999999526e-02 2.125720000000000109e-01 2.151619999999999922e-01 1.132210000000000022e-01 9.699929999999999941e-01 1.597499999999999962e-02
9.741670000000000051e-01 4.906520000000000326e-02 -2.204339999999999911e-01 3.079819999999999780e-01 -7.165710000000000135e-02 9.928289999999999615e-01 -9.568699999999999428e-02 2.094389999999999863e-01 2.141579999999999873e-01 1.090109999999999968e-01 9.706970000000000320e-01 1.191039999999999981e-02
9.743270000000000541e-01 4.969930000000000181e-02 -2.195850000000000024e-01 3.072360000000000091e-01 -7.133780000000000676e-02 9.932250000000000245e-01 -9.173530000000000573e-02 2.066320000000000101e-01 2.135380000000000056e-01 1.050449999999999995e-01 9.712709999999999955e-01 9.147920000000000357e-03
9.743030000000000301e-01 4.958900000000000113e-02 -2.197139999999999926e-01 3.064339999999999842e-01 -7.094390000000000418e-02 9.933760000000000367e-01 -9.039179999999999437e-02 2.059370000000000089e-01 2.137759999999999938e-01 1.036559999999999981e-01 9.713680000000000092e-01 1.005960000000000014e-02
9.744930000000000536e-01 5.018600000000000144e-02 -2.187340000000000118e-01 3.055240000000000178e-01 -7.108449999999999491e-02 9.935150000000000370e-01 -8.874170000000000669e-02 2.048169999999999991e-01 2.128619999999999957e-01 1.020270000000000066e-01 9.717409999999999659e-01 8.654139999999999402e-03
9.748719999999999608e-01 5.031200000000000255e-02 -2.170080000000000064e-01 3.029299999999999771e-01 -7.077799999999999370e-02 9.936390000000000500e-01 -8.758929999999999494e-02 2.047559999999999936e-01 2.112209999999999921e-01 1.007480000000000042e-01 9.722319999999999851e-01 7.214189999999999665e-03
9.755369999999999875e-01 4.918480000000000074e-02 -2.142620000000000080e-01 3.005499999999999838e-01 -6.854499999999999482e-02 9.941149999999999709e-01 -8.388270000000000448e-02 2.011590000000000045e-01 2.088760000000000061e-01 9.651730000000000032e-02 9.731680000000000330e-01 8.925699999999999953e-03
9.764439999999999786e-01 4.722269999999999940e-02 -2.105410000000000059e-01 2.973029999999999839e-01 -6.621080000000000021e-02 9.942579999999999751e-01 -8.406700000000000284e-02 1.977690000000000003e-01 2.053619999999999890e-01 9.602679999999999549e-02 9.739640000000000519e-01 1.054339999999999965e-02
9.773410000000000153e-01 4.518280000000000213e-02 -2.067930000000000046e-01 2.942899999999999960e-01 -6.417299999999999394e-02 9.942210000000000214e-01 -8.606300000000000061e-02 1.960260000000000058e-01 2.017089999999999994e-01 9.738339999999999497e-02 9.745920000000000138e-01 1.092330000000000037e-02
9.783929999999999572e-01 4.393060000000000020e-02 -2.020329999999999904e-01 2.896360000000000046e-01 -6.253390000000000337e-02 9.942750000000000199e-01 -8.663730000000000042e-02 1.932619999999999894e-01 1.970709999999999962e-01 9.739929999999999422e-02 9.755390000000000450e-01 9.927590000000000026e-03
9.791579999999999728e-01 4.097279999999999672e-02 -1.989219999999999877e-01 2.859129999999999727e-01 -5.904480000000000145e-02 9.945629999999999749e-01 -8.578289999999999527e-02 1.895280000000000020e-01 1.943259999999999987e-01 9.574040000000000328e-02 9.762539999999999552e-01 8.128019999999999690e-03
9.800179999999999447e-01 3.832089999999999802e-02 -1.951819999999999944e-01 2.818300000000000249e-01 -5.582410000000000150e-02 9.948179999999999801e-01 -8.497830000000000661e-02 1.864550000000000096e-01 1.909140000000000004e-01 9.417620000000000158e-02 9.770790000000000308e-01 5.888420000000000112e-03
9.808409999999999629e-01 3.598799999999999916e-02 -1.914549999999999863e-01 2.787510000000000265e-01 -5.260349999999999748e-02 9.952079999999999815e-01 -8.242259999999999864e-02 1.837070000000000092e-01 1.875709999999999877e-01 9.091470000000000107e-02 9.780349999999999877e-01 5.324409999999999907e-03
9.818459999999999965e-01 3.490340000000000109e-02 -1.864429999999999976e-01 2.739690000000000181e-01 -5.039450000000000179e-02 9.956000000000000405e-01 -7.900419999999999665e-02 1.811949999999999950e-01 1.828649999999999998e-01 8.696570000000000689e-02 9.792840000000000433e-01 5.177499999999999811e-03
9.831029999999999491e-01 3.069809999999999900e-02 -1.804600000000000093e-01 2.684480000000000199e-01 -4.504910000000000164e-02 9.960919999999999774e-01 -7.597149999999999737e-02 1.760450000000000070e-01 1.774219999999999964e-01 8.281739999999999935e-02 9.806439999999999602e-01 6.375259999999999781e-03
9.842140000000000333e-01 2.582769999999999858e-02 -1.750869999999999926e-01 2.643840000000000079e-01 -3.963789999999999675e-02 9.963319999999999954e-01 -7.584380000000000288e-02 1.725510000000000099e-01 1.724860000000000004e-01 8.158669999999999811e-02 9.816270000000000273e-01 6.356340000000000254e-03
9.854819999999999691e-01 2.055890000000000148e-02 -1.685280000000000111e-01 2.582059999999999911e-01 -3.370460000000000123e-02 9.965749999999999886e-01 -7.551720000000000654e-02 1.669069999999999998e-01 1.663979999999999904e-01 8.010100000000000553e-02 9.828000000000000069e-01 7.125529999999999711e-03
9.865399999999999725e-01 1.477179999999999986e-02 -1.628529999999999978e-01 2.516519999999999868e-01 -2.782480000000000023e-02 9.965519999999999934e-01 -7.816460000000000075e-02 1.615360000000000129e-01 1.611370000000000025e-01 8.164380000000000248e-02 9.835490000000000066e-01 7.303450000000000393e-03
9.873849999999999572e-01 1.133029999999999975e-02 -1.579309999999999881e-01 2.444369999999999876e-01 -2.446289999999999923e-02 9.963760000000000394e-01 -8.145990000000000175e-02 1.591549999999999909e-01 1.564359999999999917e-01 8.429580000000000406e-02 9.840839999999999588e-01 3.221659999999999888e-03
9.879090000000000371e-01 8.903400000000000550e-03 -1.547779999999999989e-01 2.383180000000000021e-01 -2.156430000000000152e-02 9.965359999999999774e-01 -8.031480000000000563e-02 1.578430000000000111e-01 1.535269999999999968e-01 8.268140000000000212e-02 9.846789999999999710e-01 -2.039769999999999886e-04
9.879850000000000021e-01 7.783240000000000297e-03 -1.543519999999999892e-01 2.347889999999999977e-01 -1.981000000000000122e-02 9.968700000000000339e-01 -7.653379999999999905e-02 1.547769999999999979e-01 1.532729999999999926e-01 7.867200000000000581e-02 9.850470000000000059e-01 -7.885779999999999569e-04
9.885099999999999998e-01 6.171570000000000354e-03 -1.510279999999999956e-01 2.316620000000000068e-01 -1.733209999999999959e-02 9.972039999999999793e-01 -7.269330000000000236e-02 1.521639999999999937e-01 1.501570000000000127e-01 7.447570000000000578e-02 9.858529999999999793e-01 -1.202699999999999906e-03
9.896770000000000289e-01 3.639009999999999814e-03 -1.432730000000000115e-01 2.260139999999999927e-01 -1.343279999999999995e-02 9.976319999999999633e-01 -6.745009999999999895e-02 1.495950000000000057e-01 1.426880000000000093e-01 6.867829999999999768e-02 9.873819999999999819e-01 -9.288319999999999866e-04
9.908449999999999758e-01 2.929909999999999871e-04 -1.350030000000000119e-01 2.201420000000000043e-01 -8.585999999999999882e-03 9.981100000000000527e-01 -6.085009999999999725e-02 1.466999999999999971e-01 1.347299999999999887e-01 6.145210000000000256e-02 9.889750000000000485e-01 -1.998690000000000015e-03
9.919080000000000119e-01 -5.597200000000000092e-03 -1.268380000000000063e-01 2.111560000000000104e-01 -1.375059999999999998e-03 9.984960000000000502e-01 -5.481570000000000192e-02 1.414839999999999987e-01 1.269540000000000113e-01 5.454660000000000064e-02 9.904079999999999551e-01 -1.271149999999999971e-03
9.928059999999999663e-01 -1.273239999999999962e-02 -1.190549999999999942e-01 2.019910000000000039e-01 6.403070000000000289e-03 9.985530000000000239e-01 -5.339569999999999733e-02 1.368260000000000032e-01 1.195620000000000016e-01 5.224929999999999852e-02 9.914509999999999712e-01 -3.145999999999999925e-03
9.933410000000000295e-01 -1.999160000000000173e-02 -1.134619999999999934e-01 1.964879999999999960e-01 1.411699999999999934e-02 9.985289999999999999e-01 -5.234579999999999789e-02 1.334849999999999925e-01 1.143409999999999982e-01 5.039550000000000279e-02 9.921619999999999884e-01 -6.493009999999999581e-03
9.940670000000000339e-01 -2.850159999999999846e-02 -1.049729999999999969e-01 1.891569999999999918e-01 2.346639999999999837e-02 9.985279999999999712e-01 -4.889349999999999946e-02 1.303050000000000042e-01 1.062120000000000009e-01 4.614010000000000333e-02 9.932720000000000438e-01 -6.916910000000000072e-03
9.945230000000000459e-01 -3.676530000000000076e-02 -9.783409999999999329e-02 1.835130000000000094e-01 3.213610000000000078e-02 9.983070000000000555e-01 -4.847959999999999769e-02 1.261279999999999901e-01 9.945080000000000586e-02 4.507010000000000183e-02 9.940210000000000434e-01 -7.020470000000000009e-03
9.950280000000000236e-01 -4.277929999999999927e-02 -8.994549999999999768e-02 1.753619999999999901e-01 3.826199999999999740e-02 9.979470000000000285e-01 -5.136120000000000269e-02 1.237000000000000044e-01 9.195810000000000095e-02 4.766429999999999972e-02 9.946209999999999773e-01 -9.636830000000000743e-03
9.952520000000000255e-01 -4.763850000000000029e-02 -8.488229999999999387e-02 1.714199999999999890e-01 4.326920000000000072e-02 9.976779999999999538e-01 -5.259169999999999817e-02 1.217089999999999977e-01 8.719059999999999311e-02 4.866909999999999986e-02 9.950020000000000531e-01 -1.359050000000000015e-02
9.957709999999999617e-01 -5.099730000000000235e-02 -7.641119999999999857e-02 1.636430000000000107e-01 4.690169999999999756e-02 9.974129999999999940e-01 -5.446850000000000303e-02 1.236160000000000037e-01 7.899130000000000040e-02 5.065440000000000220e-02 9.955880000000000285e-01 -1.827319999999999986e-02
9.961179999999999479e-01 -5.589979999999999949e-02 -6.800130000000000063e-02 1.573859999999999981e-01 5.227219999999999783e-02 9.971710000000000296e-01 -5.400579999999999964e-02 1.199729999999999963e-01 7.082789999999999919e-02 5.024159999999999737e-02 9.962220000000000519e-01 -1.913600000000000023e-02
9.963659999999999739e-01 -6.043889999999999679e-02 -6.002160000000000134e-02 1.509300000000000086e-01 5.704370000000000274e-02 9.967570000000000041e-01 -5.675449999999999939e-02 1.175960000000000061e-01 6.325719999999999954e-02 5.312429999999999930e-02 9.965819999999999679e-01 -2.134700000000000139e-02
9.965129999999999821e-01 -6.450849999999999640e-02 -5.291649999999999826e-02 1.449709999999999888e-01 6.136010000000000075e-02 9.963640000000000274e-01 -5.910880000000000301e-02 1.169430000000000053e-01 5.653709999999999986e-02 5.565570000000000239e-02 9.968479999999999563e-01 -2.538330000000000100e-02
9.965230000000000476e-01 -6.874049999999999605e-02 -4.709080000000000210e-02 1.378830000000000056e-01 6.591539999999999899e-02 9.960719999999999574e-01 -5.912590000000000207e-02 1.154530000000000001e-01 5.097020000000000023e-02 5.581629999999999925e-02 9.971389999999999976e-01 -2.859309999999999977e-02
9.964260000000000339e-01 -7.301829999999999432e-02 -4.246269999999999906e-02 1.304710000000000036e-01 7.041619999999999824e-02 9.957209999999999672e-01 -5.984749999999999792e-02 1.127780000000000032e-01 4.665090000000000209e-02 5.664360000000000228e-02 9.973039999999999683e-01 -3.000819999999999876e-02
9.961940000000000239e-01 -7.785160000000000691e-02 -3.919170000000000292e-02 1.234240000000000059e-01 7.527380000000000182e-02 9.951429999999999998e-01 -6.343590000000000340e-02 1.121619999999999978e-01 4.393989999999999702e-02 6.024439999999999656e-02 9.972159999999999913e-01 -3.328930000000000083e-02
9.959689999999999932e-01 -8.166289999999999660e-02 -3.710990000000000122e-02 1.165899999999999992e-01 7.917200000000000626e-02 9.947880000000000056e-01 -6.425219999999999543e-02 1.106710000000000055e-01 4.216349999999999959e-02 6.105510000000000104e-02 9.972429999999999906e-01 -3.677199999999999913e-02
9.957589999999999497e-01 -8.474619999999999376e-02 -3.581960000000000005e-02 1.088230000000000031e-01 8.228430000000000466e-02 9.944619999999999571e-01 -6.537350000000000105e-02 1.090300000000000019e-01 4.116149999999999670e-02 6.214889999999999998e-02 9.972180000000000488e-01 -3.914949999999999680e-02
9.956669999999999687e-01 -8.591509999999999425e-02 -3.558479999999999976e-02 1.031279999999999974e-01 8.344899999999999540e-02 9.943380000000000551e-01 -6.579160000000000563e-02 1.083630000000000010e-01 4.103579999999999728e-02 6.253699999999999537e-02 9.971989999999999466e-01 -4.390940000000000121e-02
9.956890000000000462e-01 -8.568549999999999778e-02 -3.552460000000000340e-02 9.734020000000000172e-02 8.324199999999999655e-02 9.943849999999999634e-01 -6.534170000000000256e-02 1.067020000000000052e-01 4.092400000000000204e-02 6.210290000000000254e-02 9.972299999999999498e-01 -4.735509999999999720e-02
9.956909999999999927e-01 -8.552840000000000442e-02 -3.584819999999999673e-02 9.159269999999999912e-02 8.311369999999999869e-02 9.944720000000000226e-01 -6.416370000000000406e-02 1.056350000000000067e-01 4.113789999999999808e-02 6.090770000000000212e-02 9.972950000000000426e-01 -4.847429999999999795e-02
9.956319999999999615e-01 -8.548959999999999892e-02 -3.751949999999999730e-02 8.506740000000000135e-02 8.295719999999999483e-02 9.944610000000000394e-01 -6.453290000000000415e-02 1.039859999999999951e-01 4.282860000000000139e-02 6.113860000000000128e-02 9.972100000000000408e-01 -4.842180000000000095e-02
9.954410000000000203e-01 -8.647539999999999394e-02 -4.024180000000000118e-02 8.012429999999999553e-02 8.368430000000000313e-02 9.942689999999999584e-01 -6.652280000000000693e-02 1.029240000000000016e-01 4.576380000000000031e-02 6.285200000000000509e-02 9.969729999999999981e-01 -5.037849999999999967e-02
9.952579999999999760e-01 -8.697100000000000664e-02 -4.356669999999999987e-02 7.608529999999999460e-02 8.388779999999999848e-02 9.941389999999999949e-01 -6.819840000000000624e-02 1.006129999999999941e-01 4.924259999999999748e-02 6.422029999999999406e-02 9.967200000000000504e-01 -5.011619999999999964e-02
9.952220000000000510e-01 -8.622589999999999422e-02 -4.581149999999999806e-02 7.273019999999999485e-02 8.285140000000000560e-02 9.940250000000000474e-01 -7.105670000000000042e-02 1.018059999999999937e-01 5.166470000000000090e-02 6.692170000000000063e-02 9.964199999999999724e-01 -5.275189999999999740e-02
9.951619999999999910e-01 -8.627340000000000009e-02 -4.699629999999999780e-02 6.854760000000000020e-02 8.283000000000000085e-02 9.940419999999999812e-01 -7.085619999999999419e-02 9.977429999999999632e-02 5.282930000000000265e-02 6.662070000000000491e-02 9.963790000000000147e-01 -5.174979999999999858e-02
9.949799999999999756e-01 -8.654509999999999981e-02 -5.023860000000000131e-02 6.526360000000000494e-02 8.275689999999999436e-02 9.938829999999999609e-01 -7.313409999999999356e-02 9.843730000000000535e-02 5.626060000000000089e-02 6.860940000000000094e-02 9.960560000000000525e-01 -5.156340000000000229e-02
9.948249999999999593e-01 -8.643099999999999394e-02 -5.340439999999999771e-02 6.065220000000000333e-02 8.240329999999999877e-02 9.938850000000000184e-01 -7.350669999999999427e-02 9.675690000000000679e-02 5.943110000000000059e-02 6.872559999999999780e-02 9.958639999999999715e-01 -5.155490000000000073e-02
9.944870000000000099e-01 -8.822240000000000637e-02 -5.667380000000000334e-02 5.750419999999999837e-02 8.411920000000000508e-02 9.939149999999999929e-01 -7.110959999999999503e-02 9.475279999999999814e-02 6.260240000000000249e-02 6.595030000000000336e-02 9.958569999999999922e-01 -4.949830000000000202e-02
9.942520000000000246e-01 -8.977449999999999319e-02 -5.834369999999999834e-02 5.530990000000000212e-02 8.562419999999999753e-02 9.938569999999999904e-01 -7.011870000000000602e-02 9.039200000000000013e-02 6.428019999999999567e-02 6.471999999999999975e-02 9.958310000000000217e-01 -4.567589999999999845e-02
9.941389999999999949e-01 -9.105929999999999580e-02 -5.827500000000000041e-02 5.224039999999999934e-02 8.683380000000000265e-02 9.936650000000000205e-01 -7.134400000000000464e-02 8.693770000000000664e-02 6.440229999999999566e-02 6.586559999999999637e-02 9.957479999999999665e-01 -4.462139999999999856e-02
9.939310000000000089e-01 -9.343490000000000129e-02 -5.805389999999999856e-02 4.918480000000000074e-02 8.916830000000000589e-02 9.933969999999999745e-01 -7.218689999999999829e-02 8.321539999999999493e-02 6.441539999999999766e-02 6.657230000000000092e-02 9.957000000000000295e-01 -4.172809999999999714e-02
9.936230000000000340e-01 -9.619529999999999748e-02 -5.881449999999999873e-02 4.834519999999999790e-02 9.179139999999999522e-02 9.930630000000000290e-01 -7.348449999999999427e-02 7.860040000000000082e-02 6.547540000000000304e-02 6.761720000000000230e-02 9.955610000000000293e-01 -3.983889999999999654e-02
9.932830000000000270e-01 -9.926369999999999638e-02 -5.945299999999999890e-02 4.707490000000000285e-02 9.481249999999999400e-02 9.927770000000000206e-01 -7.352069999999999439e-02 7.474229999999999763e-02 6.632150000000000545e-02 6.739000000000000545e-02 9.955199999999999605e-01 -3.672999999999999876e-02
9.930790000000000450e-01 -1.016220000000000040e-01 -5.887749999999999928e-02 4.429489999999999816e-02 9.716329999999999412e-02 9.924979999999999913e-01 -7.420880000000000531e-02 7.218310000000000004e-02 6.597709999999999686e-02 6.797449999999999326e-02 9.955030000000000268e-01 -3.522650000000000087e-02
9.928500000000000103e-01 -1.041539999999999966e-01 -5.831379999999999897e-02 4.379149999999999709e-02 9.992750000000000243e-02 9.924420000000000464e-01 -7.122560000000000002e-02 6.740480000000000083e-02 6.529139999999999944e-02 6.488919999999999411e-02 9.957540000000000280e-01 -3.093910000000000063e-02
9.926760000000000028e-01 -1.055490000000000039e-01 -5.876850000000000129e-02 4.593839999999999729e-02 1.014390000000000014e-01 9.924450000000000216e-01 -6.901200000000000390e-02 5.925369999999999943e-02 6.560870000000000590e-02 6.254519999999999524e-02 9.958829999999999627e-01 -2.379049999999999915e-02
9.927690000000000126e-01 -1.076050000000000062e-01 -5.321390000000000148e-02 4.342689999999999745e-02 1.036839999999999984e-01 9.920269999999999921e-01 -7.163450000000000373e-02 5.343919999999999920e-02 6.049779999999999741e-02 6.559900000000000453e-02 9.960099999999999509e-01 -1.993959999999999830e-02
9.930219999999999603e-01 -1.078159999999999952e-01 -4.778659999999999852e-02 4.212599999999999678e-02 1.041699999999999987e-01 9.918649999999999967e-01 -7.315549999999999831e-02 4.986310000000000048e-02 5.528519999999999962e-02 6.766709999999999392e-02 9.961750000000000327e-01 -1.759940000000000115e-02
9.932860000000000023e-01 -1.078120000000000051e-01 -4.193500000000000005e-02 4.152410000000000129e-02 1.045859999999999984e-01 9.918519999999999559e-01 -7.274339999999999973e-02 4.645450000000000274e-02 4.943589999999999790e-02 6.786920000000000452e-02 9.964690000000000492e-01 -1.179799999999999946e-02
9.935920000000000307e-01 -1.069869999999999988e-01 -3.645400000000000029e-02 4.287470000000000170e-02 1.041870000000000018e-01 9.919780000000000264e-01 -7.158340000000000536e-02 3.998050000000000215e-02 4.382010000000000072e-02 6.732670000000000321e-02 9.967679999999999874e-01 -4.221950000000000355e-03
9.939609999999999834e-01 -1.058510000000000006e-01 -2.894089999999999857e-02 4.440609999999999696e-02 1.035660000000000053e-01 9.920489999999999586e-01 -7.150479999999999337e-02 3.556469999999999770e-02 3.627969999999999806e-02 6.807570000000000288e-02 9.970200000000000173e-01 -9.444440000000000127e-04
9.944520000000000026e-01 -1.033590000000000064e-01 -1.957120000000000040e-02 4.379410000000000247e-02 1.017789999999999945e-01 9.923849999999999616e-01 -6.937820000000000098e-02 3.230460000000000276e-02 2.659299999999999858e-02 6.700129999999999975e-02 9.973980000000000068e-01 4.211030000000000155e-03
9.946829999999999838e-01 -1.023840000000000028e-01 -1.106700000000000045e-02 4.379630000000000328e-02 1.014840000000000048e-01 9.928069999999999951e-01 -6.352929999999999688e-02 2.714569999999999830e-02 1.749179999999999832e-02 6.206840000000000274e-02 9.979190000000000005e-01 9.487340000000000356e-03
9.945249999999999924e-01 -1.044709999999999944e-01 -2.239039999999999867e-03 4.107729999999999715e-02 1.041490000000000055e-01 9.927439999999999598e-01 -6.009590000000000071e-02 2.153400000000000106e-02 8.501079999999999401e-03 5.953370000000000190e-02 9.981900000000000217e-01 1.436229999999999972e-02
9.941159999999999997e-01 -1.083120000000000055e-01 1.077190000000000005e-03 4.232810000000000045e-02 1.081960000000000005e-01 9.924920000000000408e-01 -5.703190000000000343e-02 1.476530000000000030e-02 5.108119999999999848e-03 5.681289999999999951e-02 9.983720000000000372e-01 1.802789999999999948e-02
9.932469999999999910e-01 -1.156530000000000058e-01 9.214870000000000005e-03 3.773010000000000252e-02 1.159879999999999939e-01 9.916800000000000059e-01 -5.582909999999999956e-02 9.451869999999999369e-03 -2.681440000000000212e-03 5.652089999999999892e-02 9.983980000000000077e-01 2.467899999999999955e-02
9.924239999999999728e-01 -1.219630000000000020e-01 1.478649999999999930e-02 3.547589999999999771e-02 1.226000000000000006e-01 9.909280000000000310e-01 -5.505310000000000065e-02 3.933490000000000424e-03 -7.937869999999999648e-03 5.644890000000000324e-02 9.983739999999999837e-01 2.894690000000000110e-02
9.917139999999999844e-01 -1.269280000000000130e-01 1.980130000000000084e-02 3.132809999999999762e-02 1.278449999999999864e-01 9.902469999999999883e-01 -5.537210000000000049e-02 -3.596359999999999835e-03 -1.257999999999999917e-02 5.744479999999999725e-02 9.982689999999999619e-01 3.461480000000000112e-02
9.914739999999999664e-01 -1.278219999999999912e-01 2.532119999999999857e-02 2.644840000000000038e-02 1.291410000000000058e-01 9.898029999999999884e-01 -6.010309999999999958e-02 -1.003590000000000038e-02 -1.738050000000000012e-02 6.286060000000000259e-02 9.978709999999999525e-01 3.589389999999999942e-02
9.911849999999999827e-01 -1.292800000000000060e-01 2.895970000000000141e-02 2.514169999999999947e-02 1.309309999999999918e-01 9.892499999999999627e-01 -6.512759999999999383e-02 -1.611680000000000057e-02 -2.022869999999999877e-02 6.834529999999999772e-02 9.974570000000000380e-01 3.969170000000000337e-02
9.909160000000000190e-01 -1.304810000000000136e-01 3.255009999999999848e-02 2.431919999999999915e-02 1.324980000000000047e-01 9.886810000000000320e-01 -7.038510000000000599e-02 -2.133370000000000058e-02 -2.299779999999999880e-02 7.405860000000000221e-02 9.969890000000000141e-01 4.293349999999999944e-02
9.902370000000000339e-01 -1.341620000000000035e-01 3.782420000000000226e-02 2.025920000000000151e-02 1.366509999999999947e-01 9.878890000000000171e-01 -7.349759999999999627e-02 -2.625869999999999940e-02 -2.750560000000000158e-02 7.794879999999999864e-02 9.965779999999999639e-01 4.701120000000000299e-02
9.894770000000000509e-01 -1.387259999999999882e-01 4.110790000000000277e-02 1.782850000000000060e-02 1.415730000000000044e-01 9.869160000000000155e-01 -7.716689999999999661e-02 -3.177689999999999682e-02 -2.986489999999999978e-02 8.217470000000000330e-02 9.961699999999999999e-01 5.169859999999999733e-02
9.890759999999999552e-01 -1.408369999999999900e-01 4.351959999999999856e-02 1.443140000000000048e-02 1.439789999999999959e-01 9.863140000000000240e-01 -8.034109999999999863e-02 -3.711140000000000272e-02 -3.160899999999999821e-02 8.572929999999999440e-02 9.958169999999999522e-01 5.608679999999999916e-02
9.888280000000000403e-01 -1.424970000000000125e-01 4.373559999999999948e-02 1.343160000000000014e-02 1.458059999999999912e-01 9.856369999999999854e-01 -8.520640000000000158e-02 -4.356789999999999968e-02 -3.096569999999999878e-02 9.063140000000000085e-02 9.954030000000000378e-01 6.094399999999999817e-02
9.887080000000000313e-01 -1.424340000000000050e-01 4.657250000000000278e-02 1.059260000000000063e-02 1.462120000000000086e-01 9.850100000000000522e-01 -9.153179999999999650e-02 -4.364880000000000149e-02 -3.283710000000000101e-02 9.730769999999999698e-02 9.947120000000000406e-01 6.144940000000000124e-02
9.880550000000000166e-01 -1.459769999999999956e-01 4.938189999999999941e-02 6.766509999999999886e-03 1.499389999999999890e-01 9.846510000000000540e-01 -8.933820000000000650e-02 -4.752350000000000324e-02 -3.558259999999999895e-02 9.567520000000000191e-02 9.947759999999999936e-01 6.670220000000000315e-02
9.869390000000000107e-01 -1.531639999999999946e-01 4.992189999999999822e-02 5.253970000000000168e-03 1.571670000000000011e-01 9.834859999999999713e-01 -8.974060000000000370e-02 -5.078909999999999675e-02 -3.535250000000000198e-02 9.641460000000000308e-02 9.947129999999999583e-01 6.977849999999999331e-02
9.863420000000000520e-01 -1.568529999999999924e-01 5.026909999999999712e-02 2.518890000000000191e-03 1.608610000000000040e-01 9.829290000000000527e-01 -8.930150000000000587e-02 -5.426860000000000017e-02 -3.540379999999999916e-02 9.616819999999999535e-02 9.947350000000000358e-01 7.338229999999999753e-02
9.858649999999999913e-01 -1.597719999999999974e-01 5.041840000000000210e-02 1.564020000000000113e-04 1.637490000000000057e-01 9.825430000000000552e-01 -8.828919999999999824e-02 -5.821590000000000098e-02 -3.543210000000000109e-02 9.529730000000000145e-02 9.948179999999999801e-01 7.818959999999999799e-02
9.855739999999999501e-01 -1.616440000000000099e-01 5.014860000000000151e-02 -6.863560000000000537e-04 1.655709999999999960e-01 9.822809999999999597e-01 -8.780670000000000142e-02 -6.413330000000000419e-02 -3.506660000000000332e-02 9.484320000000000250e-02 9.948740000000000361e-01 8.251659999999999551e-02
9.849809999999999954e-01 -1.647419999999999995e-01 5.170550000000000146e-02 -4.245549999999999845e-03 1.689160000000000106e-01 9.814380000000000326e-01 -9.081100000000000283e-02 -6.932309999999999861e-02 -3.578540000000000193e-02 9.818100000000000438e-02 9.945249999999999924e-01 8.509519999999999584e-02
9.847350000000000270e-01 -1.662770000000000081e-01 5.146549999999999736e-02 -7.132440000000000307e-03 1.705669999999999964e-01 9.807660000000000267e-01 -9.489319999999999700e-02 -7.116809999999999803e-02 -3.469710000000000155e-02 1.022229999999999944e-01 9.941560000000000397e-01 8.723290000000000211e-02
9.844009999999999705e-01 -1.681340000000000057e-01 5.182649999999999757e-02 -1.023710000000000071e-02 1.725109999999999977e-01 9.802640000000000242e-01 -9.655289999999999706e-02 -7.542799999999999505e-02 -3.456990000000000063e-02 1.039869999999999961e-01 9.939780000000000282e-01 8.961159999999999959e-02
9.844420000000000393e-01 -1.681189999999999907e-01 5.109099999999999753e-02 -1.020420000000000008e-02 1.725440000000000029e-01 9.798879999999999812e-01 -1.002429999999999988e-01 -7.713770000000000349e-02 -3.321059999999999984e-02 1.074989999999999973e-01 9.936500000000000332e-01 9.107439999999999980e-02
9.845369999999999955e-01 -1.665339999999999876e-01 5.435079999999999772e-02 -1.277370000000000068e-02 1.713590000000000113e-01 9.799809999999999910e-01 -1.013550000000000006e-01 -7.821960000000000024e-02 -3.638369999999999799e-02 1.091020000000000045e-01 9.933650000000000535e-01 9.124329999999999941e-02
9.844509999999999650e-01 -1.658989999999999909e-01 5.774739999999999734e-02 -1.621059999999999862e-02 1.710869999999999891e-01 9.800600000000000422e-01 -1.010560000000000069e-01 -8.117969999999999353e-02 -3.983069999999999666e-02 1.093650000000000039e-01 9.932029999999999470e-01 9.479200000000000126e-02
9.848430000000000240e-01 -1.623630000000000073e-01 6.101589999999999792e-02 -1.920279999999999904e-02 1.680310000000000137e-01 9.803359999999999852e-01 -1.034709999999999935e-01 -8.073550000000000171e-02 -4.301619999999999749e-02 1.121550000000000047e-01 9.927589999999999471e-01 9.463480000000000503e-02
9.849719999999999587e-01 -1.601960000000000051e-01 6.456340000000000690e-02 -2.227169999999999844e-02 1.662500000000000089e-01 9.806899999999999507e-01 -1.029909999999999992e-01 -8.220990000000000242e-02 -4.681799999999999851e-02 1.121769999999999989e-01 9.925850000000000506e-01 9.663829999999999643e-02
9.849919999999999787e-01 -1.584359999999999935e-01 6.847799999999999720e-02 -2.601420000000000121e-02 1.649869999999999948e-01 9.808050000000000379e-01 -1.039289999999999936e-01 -8.500320000000000098e-02 -5.069749999999999951e-02 1.136670000000000041e-01 9.922250000000000236e-01 9.841370000000000673e-02
9.852800000000000447e-01 -1.549369999999999914e-01 7.223069999999999491e-02 -2.904469999999999968e-02 1.620699999999999918e-01 9.810229999999999784e-01 -1.064289999999999958e-01 -8.529190000000000382e-02 -5.437009999999999760e-02 1.165690000000000059e-01 9.916930000000000467e-01 9.867339999999999445e-02
9.854309999999999459e-01 -1.516849999999999865e-01 7.693089999999999651e-02 -3.231060000000000182e-02 1.594160000000000021e-01 9.813979999999999926e-01 -1.069750000000000006e-01 -8.532599999999999907e-02 -5.927339999999999692e-02 1.176809999999999939e-01 9.912809999999999677e-01 1.003200000000000064e-01
9.850719999999999477e-01 -1.511339999999999906e-01 8.241500000000000214e-02 -3.540940000000000060e-02 1.594770000000000076e-01 9.814559999999999951e-01 -1.063569999999999932e-01 -8.779499999999999804e-02 -6.481259999999999799e-02 1.179120000000000029e-01 9.909069999999999823e-01 1.015859999999999957e-01
9.845199999999999507e-01 -1.507850000000000024e-01 8.935669999999999724e-02 -3.883319999999999828e-02 1.601390000000000036e-01 9.810720000000000551e-01 -1.088749999999999996e-01 -8.664719999999999367e-02 -7.124859999999999527e-02 1.214989999999999959e-01 9.900309999999999944e-01 1.027629999999999932e-01
9.831520000000000259e-01 -1.544460000000000000e-01 9.776659999999999517e-02 -4.189989999999999687e-02 1.647659999999999958e-01 9.803849999999999509e-01 -1.081499999999999961e-01 -8.543199999999999406e-02 -7.914559999999999651e-02 1.224370000000000042e-01 9.893159999999999732e-01 1.038820000000000021e-01
9.814460000000000406e-01 -1.585320000000000062e-01 1.078520000000000034e-01 -4.543080000000000035e-02 1.699720000000000120e-01 9.796500000000000208e-01 -1.067479999999999957e-01 -8.833939999999999848e-02 -8.873440000000000494e-02 1.230990000000000001e-01 9.884190000000000476e-01 1.044230000000000019e-01
9.796829999999999705e-01 -1.608640000000000070e-01 1.197690000000000005e-01 -5.294530000000000070e-02 1.739040000000000030e-01 9.788449999999999651e-01 -1.077929999999999999e-01 -8.549980000000000080e-02 -9.989480000000000581e-02 1.264319999999999888e-01 9.869329999999999492e-01 1.035189999999999999e-01
