1.000000000000000000e+00 -5.103919999999999875e-23 1.362849999999999927e-22 2.335720000000000036e-23 5.103919999999999875e-23 1.000000000000000000e+00 -7.359879999999999476e-23 1.538379999999999997e-24 -1.362849999999999927e-22 7.359879999999999476e-23 1.000000000000000000e+00 -4.199800000000000121e-23
9.999989999999999712e-01 -1.374790000000000083e-03 6.903389999999999917e-04 -2.926250000000000032e-03 1.374400000000000014e-03 9.999989999999999712e-01 5.669110000000000208e-04 -1.223509999999999919e-03 -6.911180000000000058e-04 -5.659620000000000406e-04 1.000000000000000000e+00 -4.759059999999999853e-03
9.999989999999999712e-01 -1.374329999999999996e-03 5.507570000000000261e-04 -3.521429999999999873e-03 1.374020000000000102e-03 9.999989999999999712e-01 5.664100000000000471e-04 -2.670619999999999852e-03 -5.515350000000000244e-04 -5.656530000000000542e-04 1.000000000000000000e+00 -4.808050000000000344e-03
9.999959999999999960e-01 -4.337990000000000118e-04 2.747470000000000120e-03 -5.853180000000000362e-03 4.306959999999999977e-04 9.999989999999999712e-01 1.129959999999999949e-03 -3.992840000000000104e-03 -2.747959999999999813e-03 -1.128770000000000077e-03 9.999959999999999960e-01 -9.179299999999999612e-03
9.999980000000000535e-01 -1.917780000000000060e-04 2.048690000000000146e-03 -5.783810000000000340e-03 1.867449999999999883e-04 9.999970000000000248e-01 2.456499999999999916e-03 -4.729350000000000220e-03 -2.049159999999999957e-03 -2.456120000000000005e-03 9.999949999999999672e-01 -9.978390000000000176e-03
9.999930000000000208e-01 2.318329999999999957e-03 2.882469999999999824e-03 -7.475179999999999672e-03 -2.325189999999999983e-03 9.999940000000000495e-01 2.382229999999999938e-03 -4.891620000000000169e-03 -2.876930000000000199e-03 -2.388910000000000165e-03 9.999930000000000208e-01 -9.811920000000000017e-03
9.999930000000000208e-01 2.361300000000000204e-03 2.908019999999999876e-03 -6.444459999999999945e-03 -2.366539999999999876e-03 9.999959999999999960e-01 1.801249999999999900e-03 -5.223730000000000213e-03 -2.903750000000000081e-03 -1.808120000000000083e-03 9.999940000000000495e-01 -1.109399999999999969e-02
9.999869999999999592e-01 2.967220000000000014e-03 4.238160000000000364e-03 -7.199289999999999683e-03 -2.985119999999999961e-03 9.999869999999999592e-01 4.222469999999999869e-03 -5.266080000000000240e-03 -4.225569999999999674e-03 -4.235069999999999633e-03 9.999820000000000375e-01 -1.237130000000000001e-02
9.999730000000000008e-01 2.966260000000000077e-03 6.750319999999999758e-03 -7.474810000000000135e-03 -3.001579999999999786e-03 9.999820000000000375e-01 5.228430000000000057e-03 -5.241779999999999703e-03 -6.734689999999999774e-03 -5.248550000000000264e-03 9.999639999999999640e-01 -1.256960000000000022e-02
9.999670000000000503e-01 2.212640000000000093e-03 7.795149999999999822e-03 -7.576799999999999854e-03 -2.268050000000000187e-03 9.999719999999999720e-01 7.107070000000000054e-03 -6.385520000000000432e-03 -7.779200000000000004e-03 -7.124519999999999638e-03 9.999440000000000550e-01 -1.358099999999999932e-02
9.999719999999999720e-01 9.288439999999999587e-04 7.396289999999999809e-03 -7.659509999999999583e-03 -9.907130000000000537e-04 9.999649999999999928e-01 8.365549999999999375e-03 -8.449329999999999688e-03 -7.388259999999999793e-03 -8.372650000000000578e-03 9.999379999999999935e-01 -1.288440000000000071e-02
9.999590000000000423e-01 8.981419999999999942e-04 9.043670000000000181e-03 -1.116690000000000044e-02 -9.821389999999999287e-04 9.999559999999999560e-01 9.287820000000000450e-03 -1.021110000000000073e-02 -9.034930000000000044e-03 -9.296320000000000278e-03 9.999160000000000270e-01 -1.819020000000000012e-02
9.999559999999999560e-01 2.836219999999999757e-04 9.418350000000000680e-03 -1.300190000000000026e-02 -3.702600000000000227e-04 9.999580000000000135e-01 9.198430000000000495e-03 -1.095340000000000029e-02 -9.415339999999999474e-03 -9.201509999999999551e-03 9.999130000000000518e-01 -1.889350000000000057e-02
9.999649999999999928e-01 1.604629999999999902e-03 8.183839999999999518e-03 -1.405439999999999988e-02 -1.678779999999999942e-03 9.999580000000000135e-01 9.061810000000000004e-03 -1.351370000000000002e-02 -8.168949999999999476e-03 -9.075230000000000102e-03 9.999249999999999527e-01 -2.202609999999999985e-02
9.999620000000000175e-01 4.734060000000000004e-03 7.269440000000000277e-03 -1.530489999999999975e-02 -4.787050000000000159e-03 9.999620000000000175e-01 7.288130000000000303e-03 -1.412869999999999925e-02 -7.234660000000000396e-03 -7.322659999999999933e-03 9.999470000000000303e-01 -2.236640000000000156e-02
9.999590000000000423e-01 6.067119999999999631e-03 6.673850000000000268e-03 -1.538600000000000037e-02 -6.108620000000000369e-03 9.999620000000000175e-01 6.215649999999999648e-03 -1.418709999999999936e-02 -6.635890000000000191e-03 -6.256160000000000193e-03 9.999580000000000135e-01 -2.253480000000000066e-02
9.999479999999999480e-01 7.923909999999999287e-03 6.455729999999999802e-03 -1.685769999999999977e-02 -7.958780000000000368e-03 9.999540000000000095e-01 5.394709999999999610e-03 -1.659410000000000052e-02 -6.412679999999999596e-03 -5.445809999999999713e-03 9.999649999999999928e-01 -2.313679999999999903e-02
9.999449999999999728e-01 9.454840000000000813e-03 4.647270000000000220e-03 -1.699029999999999985e-02 -9.477209999999999801e-03 9.999430000000000263e-01 4.816550000000000172e-03 -1.691099999999999895e-02 -4.601469999999999866e-03 -4.860330000000000379e-03 9.999780000000000335e-01 -2.665309999999999901e-02
9.999190000000000023e-01 1.227319999999999973e-02 3.464029999999999887e-03 -1.576620000000000105e-02 -1.229459999999999928e-02 9.999050000000000438e-01 6.236099999999999630e-03 -1.649219999999999853e-02 -3.387160000000000171e-03 -6.278180000000000392e-03 9.999749999999999472e-01 -2.589529999999999957e-02
9.998960000000000070e-01 1.306170000000000074e-02 6.069190000000000348e-03 -1.391779999999999927e-02 -1.311030000000000008e-02 9.998820000000000485e-01 8.041259999999999727e-03 -1.745410000000000017e-02 -5.963440000000000407e-03 -8.120000000000000481e-03 9.999489999999999768e-01 -2.417069999999999982e-02
9.998759999999999870e-01 1.171039999999999928e-02 1.053420000000000051e-02 -1.350220000000000066e-02 -1.179149999999999990e-02 9.999010000000000398e-01 7.673819999999999600e-03 -1.881559999999999830e-02 -1.044330000000000085e-02 -7.797089999999999577e-03 9.999149999999999983e-01 -2.261360000000000106e-02
9.998249999999999638e-01 9.673340000000000757e-03 1.600920000000000121e-02 -1.511760000000000013e-02 -9.798380000000000631e-03 9.999219999999999775e-01 7.750410000000000112e-03 -2.145820000000000019e-02 -1.593299999999999925e-02 -7.905920000000000308e-03 9.998420000000000085e-01 -2.907150000000000012e-02
9.997890000000000388e-01 6.059969999999999593e-03 1.964760000000000117e-02 -1.707530000000000159e-02 -6.212699999999999820e-03 9.999510000000000343e-01 7.721480000000000184e-03 -2.025189999999999976e-02 -1.959980000000000055e-02 -7.841920000000000487e-03 9.997770000000000268e-01 -3.022050000000000083e-02
9.997700000000000475e-01 3.866450000000000008e-03 2.109729999999999939e-02 -1.817670000000000050e-02 -4.025579999999999957e-03 9.999639999999999640e-01 7.505239999999999828e-03 -2.265719999999999887e-02 -2.106759999999999883e-02 -7.588440000000000116e-03 9.997489999999999988e-01 -3.329479999999999940e-02
9.997679999999999900e-01 5.497039999999999912e-03 2.081020000000000092e-02 -1.752070000000000016e-02 -5.619179999999999661e-03 9.999670000000000503e-01 5.815279999999999928e-03 -2.215369999999999839e-02 -2.077760000000000024e-02 -5.930870000000000412e-03 9.997669999999999613e-01 -3.513890000000000069e-02
9.997179999999999955e-01 9.453210000000000085e-03 2.179379999999999859e-02 -1.782600000000000157e-02 -9.578329999999999483e-03 9.999379999999999935e-01 5.643829999999999854e-03 -2.167550000000000032e-02 -2.173910000000000078e-02 -5.850990000000000357e-03 9.997470000000000523e-01 -3.784499999999999670e-02
9.996359999999999690e-01 1.334579999999999968e-02 2.342709999999999931e-02 -1.745150000000000173e-02 -1.354490000000000034e-02 9.998730000000000118e-01 8.358400000000000205e-03 -2.215100000000000055e-02 -2.331249999999999989e-02 -8.672680000000000319e-03 9.996909999999999963e-01 -3.753719999999999973e-02
9.995709999999999873e-01 1.275689999999999984e-02 2.636060000000000139e-02 -1.582750000000000129e-02 -1.300819999999999928e-02 9.998709999999999543e-01 9.385080000000000505e-03 -2.237820000000000087e-02 -2.623750000000000041e-02 -9.723960000000000242e-03 9.996080000000000521e-01 -3.706199999999999772e-02
9.994899999999999896e-01 9.024940000000000392e-03 3.063499999999999904e-02 -1.580700000000000160e-02 -9.346729999999999275e-03 9.999019999999999575e-01 1.037710000000000021e-02 -2.295399999999999871e-02 -3.053830000000000086e-02 -1.065810000000000021e-02 9.994769999999999488e-01 -3.734040000000000276e-02
9.993649999999999478e-01 8.855039999999999786e-03 3.451069999999999832e-02 -1.656010000000000121e-02 -9.318659999999999444e-03 9.998679999999999790e-01 1.329649999999999929e-02 -2.338780000000000026e-02 -3.438839999999999952e-02 -1.360959999999999948e-02 9.993159999999999821e-01 -3.905399999999999844e-02
9.992529999999999468e-01 9.325579999999999981e-03 3.749940000000000218e-02 -1.679970000000000074e-02 -9.915699999999999514e-03 9.998289999999999678e-01 1.558159999999999927e-02 -2.440020000000000036e-02 -3.734769999999999757e-02 -1.594179999999999903e-02 9.991750000000000353e-01 -3.859529999999999905e-02
9.991079999999999961e-01 9.706940000000000707e-03 4.108939999999999815e-02 -1.913700000000000123e-02 -1.039029999999999988e-02 9.998110000000000053e-01 1.645150000000000085e-02 -2.838109999999999938e-02 -4.092189999999999717e-02 -1.686380000000000171e-02 9.990200000000000191e-01 -4.327160000000000034e-02
9.990149999999999864e-01 9.128419999999999937e-03 4.342050000000000076e-02 -2.030480000000000132e-02 -9.901170000000000804e-03 9.997960000000000180e-01 1.761530000000000040e-02 -2.867569999999999841e-02 -4.325079999999999897e-02 -1.802789999999999948e-02 9.989019999999999566e-01 -4.558620000000000033e-02
9.989900000000000446e-01 7.039189999999999857e-03 4.438290000000000290e-02 -2.109789999999999929e-02 -7.943570000000000492e-03 9.997639999999999860e-01 2.023339999999999861e-02 -2.930380000000000137e-02 -4.422999999999999848e-02 -2.056550000000000045e-02 9.988099999999999756e-01 -4.702900000000000136e-02
9.989780000000000326e-01 7.478499999999999905e-03 4.456979999999999970e-02 -2.247000000000000039e-02 -8.437160000000000840e-03 9.997359999999999580e-01 2.136000000000000051e-02 -2.987060000000000062e-02 -4.439830000000000165e-02 -2.171419999999999947e-02 9.987780000000000546e-01 -4.622450000000000170e-02
9.988860000000000516e-01 7.739329999999999994e-03 4.654690000000000216e-02 -2.521790000000000143e-02 -8.866129999999999844e-03 9.996709999999999763e-01 2.405030000000000015e-02 -3.315110000000000279e-02 -4.634549999999999781e-02 -2.443620000000000167e-02 9.986270000000000424e-01 -4.863830000000000237e-02
9.988439999999999541e-01 7.014629999999999997e-03 4.756529999999999786e-02 -2.598479999999999887e-02 -8.221050000000000579e-03 9.996479999999999810e-01 2.521549999999999833e-02 -3.326919999999999877e-02 -4.737170000000000269e-02 -2.557740000000000014e-02 9.985500000000000487e-01 -4.904990000000000044e-02
9.987190000000000234e-01 5.095699999999999882e-03 5.034820000000000267e-02 -2.847569999999999962e-02 -6.526610000000000397e-03 9.995779999999999665e-01 2.829699999999999924e-02 -3.536210000000000048e-02 -5.018279999999999963e-02 -2.858940000000000092e-02 9.983309999999999684e-01 -4.676280000000000020e-02
9.985530000000000239e-01 2.613610000000000152e-03 5.371080000000000298e-02 -3.006090000000000151e-02 -4.125529999999999649e-03 9.995979999999999865e-01 2.805770000000000139e-02 -3.833779999999999827e-02 -5.361579999999999818e-02 -2.823859999999999912e-02 9.981619999999999937e-01 -4.395280000000000020e-02
9.983549999999999924e-01 1.382519999999999930e-03 5.731939999999999952e-02 -3.260119999999999685e-02 -2.889710000000000195e-03 9.996519999999999850e-01 2.621990000000000084e-02 -4.039269999999999666e-02 -5.726320000000000021e-02 -2.634239999999999846e-02 9.980120000000000102e-01 -4.263970000000000260e-02
9.980529999999999680e-01 7.126469999999999550e-04 6.235979999999999995e-02 -3.748669999999999780e-02 -2.300860000000000058e-03 9.996749999999999803e-01 2.540040000000000006e-02 -4.243770000000000181e-02 -6.232139999999999902e-02 -2.549440000000000039e-02 9.977300000000000058e-01 -4.239770000000000344e-02
9.977219999999999978e-01 -2.668989999999999991e-03 6.741030000000000633e-02 -4.431249999999999772e-02 9.103580000000000005e-04 9.996589999999999643e-01 2.610569999999999904e-02 -4.748310000000000031e-02 -6.745690000000000019e-02 -2.598479999999999887e-02 9.973840000000000483e-01 -4.602599999999999747e-02
9.976059999999999928e-01 -5.834240000000000086e-03 6.890689999999999316e-02 -4.509470000000000145e-02 3.972960000000000207e-03 9.996239999999999570e-01 2.711770000000000153e-02 -5.007389999999999758e-02 -6.903919999999999502e-02 -2.677900000000000072e-02 9.972539999999999738e-01 -4.491969999999999991e-02
9.973370000000000291e-01 -7.894309999999999869e-03 7.249750000000000638e-02 -4.819160000000000110e-02 5.773209999999999974e-03 9.995500000000000496e-01 2.942060000000000161e-02 -5.282499999999999696e-02 -7.269720000000000348e-02 -2.892379999999999951e-02 9.969350000000000156e-01 -4.478320000000000217e-02
9.969639999999999613e-01 -1.075070000000000019e-02 7.711949999999999361e-02 -5.203909999999999786e-02 8.230470000000000147e-03 9.994239999999999791e-01 3.292339999999999850e-02 -5.506479999999999708e-02 -7.742899999999999783e-02 -3.218870000000000064e-02 9.964779999999999749e-01 -4.340820000000000095e-02
9.964619999999999589e-01 -1.576460000000000014e-02 8.254789999999999350e-02 -5.622859999999999664e-02 1.282070000000000085e-02 9.992670000000000163e-01 3.607250000000000040e-02 -5.974510000000000237e-02 -8.305609999999999382e-02 -3.488659999999999678e-02 9.959339999999999860e-01 -4.007050000000000195e-02
9.959209999999999452e-01 -2.051089999999999858e-02 8.787079999999999891e-02 -5.976669999999999899e-02 1.737570000000000087e-02 9.991900000000000226e-01 3.629659999999999831e-02 -6.295779999999999432e-02 -8.854410000000000058e-02 -3.462169999999999831e-02 9.954699999999999660e-01 -3.829570000000000196e-02
9.951759999999999495e-01 -2.604259999999999908e-02 9.458170000000000466e-02 -6.527260000000000006e-02 2.262190000000000034e-02 9.990569999999999729e-01 3.706109999999999960e-02 -6.877120000000000455e-02 -9.545760000000000356e-02 -3.474270000000000136e-02 9.948270000000000168e-01 -3.543349999999999972e-02
9.944490000000000274e-01 -3.101879999999999915e-02 1.005429999999999935e-01 -7.143190000000000650e-02 2.766590000000000021e-02 9.990189999999999904e-01 3.457249999999999907e-02 -7.433240000000000680e-02 -1.015169999999999961e-01 -3.159900000000000209e-02 9.943319999999999936e-01 -3.318829999999999697e-02
9.938029999999999919e-01 -3.395279999999999826e-02 1.058449999999999946e-01 -7.944569999999999410e-02 3.077970000000000012e-02 9.990310000000000024e-01 3.147019999999999679e-02 -7.737960000000000671e-02 -1.068110000000000032e-01 -2.801729999999999846e-02 9.938850000000000184e-01 -3.501350000000000295e-02
9.934389999999999610e-01 -3.619449999999999751e-02 1.084859999999999991e-01 -8.537889999999999369e-02 3.281610000000000082e-02 9.989240000000000341e-01 3.276699999999999752e-02 -7.947310000000000485e-02 -1.095560000000000006e-01 -2.899190000000000100e-02 9.935580000000000522e-01 -3.631809999999999899e-02
9.932910000000000350e-01 -3.893300000000000233e-02 1.088889999999999997e-01 -8.878850000000000631e-02 3.518940000000000262e-02 9.987289999999999779e-01 3.609400000000000108e-02 -8.197580000000000144e-02 -1.101560000000000039e-01 -3.202010000000000273e-02 9.933980000000000032e-01 -3.621449999999999669e-02
9.926180000000000003e-01 -4.224769999999999914e-02 1.136910000000000004e-01 -9.390400000000000136e-02 3.788509999999999794e-02 9.984709999999999974e-01 4.026400000000000118e-02 -8.479219999999999813e-02 -1.152180000000000010e-01 -3.565959999999999963e-02 9.927000000000000268e-01 -3.590100000000000235e-02
9.915770000000000417e-01 -4.590120000000000311e-02 1.211079999999999934e-01 -9.895089999999999442e-02 4.064750000000000307e-02 9.981370000000000520e-01 4.550119999999999859e-02 -8.702930000000000388e-02 -1.229709999999999970e-01 -4.019520000000000037e-02 9.915960000000000329e-01 -3.369719999999999660e-02
9.901839999999999531e-01 -5.149100000000000205e-02 1.299420000000000019e-01 -1.056779999999999942e-01 4.497600000000000209e-02 9.976030000000000175e-01 5.258550000000000030e-02 -9.032510000000000538e-02 -1.323380000000000112e-01 -4.622500000000000220e-02 9.901259999999999506e-01 -3.307569999999999955e-02
9.888040000000000163e-01 -5.890949999999999659e-02 1.371020000000000016e-01 -1.128320000000000017e-01 5.118589999999999945e-02 9.969329999999999581e-01 5.919719999999999843e-02 -9.585390000000000577e-02 -1.401689999999999880e-01 -5.151669999999999860e-02 9.887860000000000538e-01 -2.933759999999999840e-02
9.873480000000000034e-01 -6.605410000000000448e-02 1.441530000000000034e-01 -1.210070000000000034e-01 5.780949999999999978e-02 9.964830000000000076e-01 6.065559999999999702e-02 -1.006200000000000011e-01 -1.476530000000000065e-01 -5.155479999999999785e-02 9.876949999999999896e-01 -2.839560000000000001e-02
9.860539999999999861e-01 -7.360899999999999388e-02 1.492630000000000068e-01 -1.262540000000000051e-01 6.509689999999999921e-02 9.960040000000000004e-01 6.113960000000000228e-02 -1.036890000000000034e-01 -1.531669999999999976e-01 -5.057040000000000146e-02 9.869059999999999500e-01 -3.011919999999999875e-02
9.840020000000000433e-01 -8.247949999999999726e-02 1.579139999999999988e-01 -1.340330000000000132e-01 7.309290000000000231e-02 9.952459999999999640e-01 6.436279999999999779e-02 -1.063569999999999932e-01 -1.624720000000000053e-01 -5.179070000000000201e-02 9.853530000000000344e-01 -2.807590000000000086e-02
9.818740000000000245e-01 -9.133410000000000140e-02 1.660770000000000024e-01 -1.405869999999999898e-01 8.141890000000000238e-02 9.945199999999999596e-01 6.557509999999999728e-02 -1.112900000000000000e-01 -1.711560000000000026e-01 -5.086460000000000287e-02 9.839299999999999713e-01 -2.607639999999999958e-02
9.800999999999999712e-01 -9.703730000000000688e-02 1.731679999999999886e-01 -1.476480000000000015e-01 8.716569999999999874e-02 9.941520000000000357e-01 6.374520000000000186e-02 -1.148099999999999954e-01 -1.783409999999999995e-01 -4.738239999999999813e-02 9.828270000000000062e-01 -2.613849999999999854e-02
9.782690000000000552e-01 -1.017389999999999961e-01 1.806639999999999913e-01 -1.566960000000000020e-01 9.190120000000000233e-02 9.938339999999999952e-01 6.203829999999999761e-02 -1.182649999999999951e-01 -1.858619999999999994e-01 -4.408689999999999831e-02 9.815859999999999586e-01 -3.218370000000000258e-02
9.765850000000000364e-01 -1.054749999999999993e-01 1.875030000000000030e-01 -1.626920000000000033e-01 9.547150000000000081e-02 9.935230000000000450e-01 6.162850000000000272e-02 -1.173479999999999940e-01 -1.927889999999999882e-01 -4.228429999999999689e-02 9.803290000000000060e-01 -3.258119999999999766e-02
9.743849999999999456e-01 -1.101980000000000043e-01 1.960349999999999870e-01 -1.695649999999999935e-01 9.966909999999999659e-02 9.930360000000000298e-01 6.281589999999999396e-02 -1.221480000000000066e-01 -2.015919999999999934e-01 -4.166820000000000246e-02 9.785829999999999806e-01 -3.288810000000000344e-02
9.722739999999999716e-01 -1.143340000000000051e-01 2.039880000000000027e-01 -1.758780000000000066e-01 1.040699999999999958e-01 9.927350000000000341e-01 6.038749999999999674e-02 -1.249279999999999974e-01 -2.094100000000000128e-01 -3.748409999999999936e-02 9.771090000000000053e-01 -3.340789999999999732e-02
9.704789999999999806e-01 -1.177519999999999956e-01 2.104860000000000064e-01 -1.819729999999999959e-01 1.076899999999999941e-01 9.924509999999999721e-01 5.868670000000000136e-02 -1.267620000000000136e-01 -2.158069999999999988e-01 -3.428699999999999803e-02 9.758339999999999792e-01 -3.582790000000000280e-02
9.686719999999999775e-01 -1.217099999999999987e-01 2.164739999999999998e-01 -1.897610000000000130e-01 1.114890000000000048e-01 9.920210000000000417e-01 5.886349999999999916e-02 -1.288360000000000061e-01 -2.219109999999999971e-01 -3.288510000000000044e-02 9.745120000000000449e-01 -3.679029999999999800e-02
9.671380000000000532e-01 -1.257939999999999892e-01 2.209510000000000085e-01 -1.968640000000000112e-01 1.155830000000000052e-01 9.915669999999999762e-01 5.860449999999999687e-02 -1.322869999999999879e-01 -2.264599999999999946e-01 -3.114039999999999864e-02 9.735230000000000272e-01 -3.630150000000000043e-02
9.659370000000000456e-01 -1.293670000000000098e-01 2.241180000000000117e-01 -2.043530000000000069e-01 1.199619999999999992e-01 9.912459999999999605e-01 5.514329999999999926e-02 -1.336970000000000103e-01 -2.292899999999999938e-01 -2.637919999999999848e-02 9.730010000000000048e-01 -3.747360000000000274e-02
9.649309999999999832e-01 -1.332150000000000001e-01 2.261890000000000012e-01 -2.119360000000000133e-01 1.239320000000000005e-01 9.907749999999999613e-01 5.482050000000000117e-02 -1.362939999999999985e-01 -2.314049999999999996e-01 -2.486589999999999981e-02 9.725399999999999601e-01 -3.850669999999999787e-02
9.644500000000000295e-01 -1.360780000000000045e-01 2.265389999999999904e-01 -2.182810000000000028e-01 1.271380000000000010e-01 9.904319999999999791e-01 5.366699999999999943e-02 -1.383359999999999868e-01 -2.316739999999999911e-01 -2.295749999999999874e-02 9.725219999999999976e-01 -3.901029999999999776e-02
9.641990000000000283e-01 -1.372919999999999974e-01 2.268739999999999923e-01 -2.255850000000000077e-01 1.284520000000000106e-01 9.902800000000000491e-01 5.335310000000000052e-02 -1.400750000000000051e-01 -2.319940000000000058e-01 -2.230069999999999969e-02 9.724620000000000486e-01 -4.239559999999999856e-02
9.642720000000000180e-01 -1.374219999999999886e-01 2.264849999999999919e-01 -2.311479999999999924e-01 1.286529999999999896e-01 9.902670000000000083e-01 5.310750000000000193e-02 -1.413889999999999869e-01 -2.315790000000000071e-01 -2.207220000000000015e-02 9.725660000000000416e-01 -4.434590000000000060e-02
9.643019999999999925e-01 -1.375379999999999936e-01 2.262849999999999862e-01 -2.373609999999999887e-01 1.285109999999999864e-01 9.902250000000000218e-01 5.422529999999999711e-02 -1.425619999999999943e-01 -2.315309999999999868e-01 -2.320950000000000096e-02 9.725510000000000543e-01 -4.394599999999999895e-02
9.647980000000000445e-01 -1.377089999999999981e-01 2.240580000000000072e-01 -2.424840000000000051e-01 1.289069999999999938e-01 9.902109999999999523e-01 5.352439999999999976e-02 -1.437650000000000039e-01 -2.292349999999999943e-01 -2.275759999999999936e-02 9.731049999999999978e-01 -4.265109999999999735e-02
9.654239999999999489e-01 -1.375860000000000138e-01 2.214210000000000067e-01 -2.474590000000000123e-01 1.293370000000000075e-01 9.902670000000000083e-01 5.140290000000000137e-02 -1.456620000000000137e-01 -2.263380000000000114e-01 -2.098759999999999862e-02 9.738229999999999942e-01 -4.212840000000000334e-02
9.658780000000000143e-01 -1.386000000000000010e-01 2.187900000000000122e-01 -2.524159999999999737e-01 1.307899999999999896e-01 9.901560000000000361e-01 4.985730000000000023e-02 -1.480130000000000057e-01 -2.235469999999999957e-01 -1.954039999999999944e-02 9.744969999999999466e-01 -4.079399999999999693e-02
9.667529999999999735e-01 -1.368300000000000072e-01 2.160249999999999948e-01 -2.552650000000000197e-01 1.294089999999999963e-01 9.904190000000000493e-01 4.820039999999999741e-02 -1.498039999999999927e-01 -2.205499999999999960e-01 -1.864220000000000113e-02 9.751969999999999805e-01 -4.270070000000000116e-02
9.669330000000000425e-01 -1.370500000000000052e-01 2.150759999999999894e-01 -2.590109999999999912e-01 1.297919999999999907e-01 9.903990000000000293e-01 4.758140000000000286e-02 -1.508500000000000119e-01 -2.195320000000000049e-01 -1.809289999999999857e-02 9.754369999999999985e-01 -4.085570000000000174e-02
9.676439999999999486e-01 -1.369700000000000084e-01 2.119080000000000130e-01 -2.618900000000000117e-01 1.302369999999999917e-01 9.904389999999999583e-01 4.547910000000000147e-02 -1.526319999999999899e-01 -2.161109999999999975e-01 -1.640940000000000107e-02 9.762309999999999599e-01 -3.965300000000000075e-02
9.684160000000000545e-01 -1.366700000000000137e-01 2.085450000000000081e-01 -2.658050000000000135e-01 1.302679999999999949e-01 9.904929999999999568e-01 4.419850000000000168e-02 -1.531240000000000101e-01 -2.126029999999999864e-01 -1.563579999999999831e-02 9.770140000000000491e-01 -3.766019999999999784e-02
9.688590000000000257e-01 -1.388600000000000112e-01 2.050140000000000018e-01 -2.683409999999999962e-01 1.321630000000000027e-01 9.901569999999999538e-01 4.607630000000000059e-02 -1.546410000000000007e-01 -2.093939999999999968e-01 -1.754620000000000138e-02 9.776740000000000430e-01 -3.534400000000000042e-02
9.689290000000000402e-01 -1.414700000000000124e-01 2.028860000000000108e-01 -2.682780000000000165e-01 1.344849999999999934e-01 9.897580000000000267e-01 4.788180000000000214e-02 -1.602200000000000013e-01 -2.075819999999999887e-01 -1.910900000000000098e-02 9.780309999999999837e-01 -3.100429999999999853e-02
9.688809999999999922e-01 -1.422480000000000133e-01 2.025710000000000011e-01 -2.703059999999999907e-01 1.355830000000000091e-01 9.896749999999999714e-01 4.648109999999999742e-02 -1.633689999999999864e-01 -2.070909999999999973e-01 -1.756949999999999831e-02 9.781640000000000335e-01 -2.878069999999999934e-02
9.684810000000000363e-01 -1.446770000000000000e-01 2.027629999999999988e-01 -2.721509999999999763e-01 1.381989999999999885e-01 9.893440000000000012e-01 4.582859999999999712e-02 -1.670629999999999893e-01 -2.072330000000000005e-01 -1.636260000000000145e-02 9.781549999999999967e-01 -2.522680000000000061e-02
9.681440000000000046e-01 -1.470110000000000028e-01 2.026949999999999863e-01 -2.727600000000000025e-01 1.409459999999999880e-01 9.890339999999999687e-01 4.411829999999999918e-02 -1.709070000000000034e-01 -2.069580000000000031e-01 -1.414379999999999978e-02 9.782480000000000064e-01 -2.231939999999999966e-02
9.677519999999999456e-01 -1.499999999999999944e-01 2.023770000000000013e-01 -2.737240000000000228e-01 1.439809999999999979e-01 9.885920000000000263e-01 4.422659999999999786e-02 -1.749400000000000122e-01 -2.067019999999999968e-01 -1.366200000000000053e-02 9.783089999999999842e-01 -1.927359999999999837e-02
9.674160000000000537e-01 -1.522809999999999997e-01 2.022789999999999866e-01 -2.745460000000000123e-01 1.464350000000000096e-01 9.882570000000000521e-01 4.365120000000000111e-02 -1.773830000000000129e-01 -2.065510000000000124e-01 -1.260819999999999996e-02 9.783549999999999747e-01 -1.623739999999999906e-02
9.668799999999999617e-01 -1.552209999999999979e-01 2.026090000000000113e-01 -2.737439999999999873e-01 1.488079999999999958e-01 9.877669999999999506e-01 4.660729999999999734e-02 -1.817789999999999961e-01 -2.073649999999999938e-01 -1.491379999999999963e-02 9.781499999999999639e-01 -1.200569999999999936e-02
9.660900000000000043e-01 -1.581259999999999888e-01 2.041229999999999989e-01 -2.717700000000000116e-01 1.513740000000000085e-01 9.872919999999999474e-01 4.838130000000000208e-02 -1.886099999999999999e-01 -2.091790000000000038e-01 -1.584179999999999963e-02 9.777489999999999792e-01 -4.942969999999999656e-03
9.653650000000000286e-01 -1.577890000000000126e-01 2.077809999999999935e-01 -2.704400000000000137e-01 1.515559999999999963e-01 9.873920000000000474e-01 4.568710000000000132e-02 -1.934049999999999936e-01 -2.123710000000000042e-01 -1.261420000000000076e-02 9.771079999999999766e-01 4.902599999999999580e-04
9.642129999999999868e-01 -1.579710000000000003e-01 2.129290000000000072e-01 -2.706140000000000212e-01 1.519469999999999987e-01 9.873880000000000434e-01 4.447279999999999983e-02 -1.969690000000000052e-01 -2.172689999999999899e-01 -1.052729999999999985e-02 9.760550000000000059e-01 3.057869999999999859e-03
9.627820000000000267e-01 -1.589379999999999959e-01 2.186069999999999958e-01 -2.691250000000000031e-01 1.525990000000000124e-01 9.872309999999999697e-01 4.569630000000000219e-02 -2.003070000000000128e-01 -2.230779999999999985e-01 -1.063650000000000012e-02 9.747430000000000261e-01 9.219750000000000514e-03
9.616409999999999680e-01 -1.586780000000000135e-01 2.237580000000000124e-01 -2.653789999999999760e-01 1.518780000000000130e-01 9.872619999999999729e-01 4.739199999999999663e-02 -2.059459999999999902e-01 -2.284279999999999922e-01 -1.159020000000000016e-02 9.734920000000000240e-01 1.668810000000000085e-02
9.602049999999999752e-01 -1.569240000000000079e-01 2.310439999999999994e-01 -2.625040000000000151e-01 1.499659999999999882e-01 9.875500000000000389e-01 4.749189999999999662e-02 -2.093260000000000121e-01 -2.356209999999999971e-01 -1.095319999999999974e-02 9.717829999999999524e-01 2.066569999999999865e-02
9.583700000000000552e-01 -1.548920000000000019e-01 2.398649999999999949e-01 -2.610620000000000163e-01 1.473049999999999915e-01 9.878590000000000426e-01 4.935860000000000247e-02 -2.109520000000000006e-01 -2.445980000000000099e-01 -1.197059999999999964e-02 9.695510000000000517e-01 2.644010000000000110e-02
9.559680000000000399e-01 -1.555219999999999936e-01 2.488720000000000099e-01 -2.605370000000000186e-01 1.462289999999999979e-01 9.876909999999999856e-01 5.551999999999999991e-02 -2.154719999999999969e-01 -2.544429999999999747e-01 -1.668290000000000051e-02 9.669440000000000257e-01 3.226169999999999732e-02
9.536160000000000192e-01 -1.581069999999999975e-01 2.561599999999999988e-01 -2.604069999999999996e-01 1.476329999999999865e-01 9.872360000000000024e-01 5.974299999999999750e-02 -2.211680000000000035e-01 -2.623369999999999869e-01 -1.915419999999999970e-02 9.647860000000000325e-01 3.747860000000000080e-02
9.512140000000000040e-01 -1.633259999999999990e-01 2.617579999999999907e-01 -2.608739999999999948e-01 1.519870000000000110e-01 9.863640000000000185e-01 6.313720000000000443e-02 -2.274009999999999920e-01 -2.685000000000000164e-01 -2.027340000000000045e-02 9.630659999999999776e-01 4.258789999999999798e-02
9.485190000000000010e-01 -1.697720000000000062e-01 2.673730000000000273e-01 -2.607999999999999763e-01 1.580080000000000096e-01 9.852910000000000279e-01 6.508020000000000471e-02 -2.327470000000000094e-01 -2.744889999999999830e-01 -1.948269999999999863e-02 9.613930000000000531e-01 4.917479999999999768e-02
9.460840000000000360e-01 -1.758339999999999903e-01 2.720449999999999813e-01 -2.606550000000000256e-01 1.638340000000000074e-01 9.842509999999999870e-01 6.640039999999999831e-02 -2.380919999999999981e-01 -2.794360000000000177e-01 -1.825009999999999827e-02 9.599910000000000387e-01 5.428439999999999654e-02
9.439130000000000020e-01 -1.803579999999999905e-01 2.765859999999999985e-01 -2.629750000000000143e-01 1.684289999999999954e-01 9.834680000000000089e-01 6.650530000000000330e-02 -2.469480000000000008e-01 -2.840079999999999827e-01 -1.619009999999999894e-02 9.586850000000000094e-01 5.706270000000000092e-02
9.425189999999999957e-01 -1.811619999999999897e-01 2.807799999999999740e-01 -2.654159999999999853e-01 1.702039999999999942e-01 9.833830000000000071e-01 6.315139999999999643e-02 -2.542860000000000120e-01 -2.875550000000000050e-01 -1.173160000000000001e-02 9.576919999999999877e-01 6.026820000000000094e-02
9.416069999999999718e-01 -1.811089999999999922e-01 2.838600000000000012e-01 -2.643719999999999959e-01 1.714610000000000023e-01 9.834410000000000096e-01 5.869520000000000293e-02 -2.607010000000000161e-01 -2.897899999999999920e-01 -6.596819999999999767e-03 9.570680000000000298e-01 6.354880000000000251e-02
9.398919999999999497e-01 -1.816349999999999909e-01 2.891569999999999974e-01 -2.658470000000000000e-01 1.734680000000000111e-01 9.833659999999999624e-01 5.385530000000000178e-02 -2.660190000000000055e-01 -2.941300000000000026e-01 -4.586349999999999889e-04 9.557649999999999757e-01 6.773949999999999416e-02
9.383230000000000182e-01 -1.840229999999999921e-01 2.927210000000000090e-01 -2.667490000000000139e-01 1.766770000000000007e-01 9.829160000000000119e-01 5.158189999999999997e-02 -2.719380000000000130e-01 -2.972130000000000050e-01 3.316570000000000022e-03 9.548060000000000436e-01 7.128270000000000439e-02
9.366689999999999738e-01 -1.865199999999999914e-01 2.964149999999999840e-01 -2.681109999999999882e-01 1.801290000000000113e-01 9.824220000000000175e-01 4.898659999999999820e-02 -2.776770000000000072e-01 -3.003419999999999979e-01 7.508769999999999681e-03 9.538020000000000387e-01 7.694829999999999726e-02
9.355719999999999592e-01 -1.875040000000000040e-01 2.992449999999999832e-01 -2.705279999999999907e-01 1.823519999999999863e-01 9.821879999999999500e-01 4.531650000000000261e-02 -2.827930000000000166e-01 -3.024120000000000141e-01 1.217120000000000007e-02 9.530999999999999472e-01 8.212640000000000218e-02
9.354139999999999677e-01 -1.875999999999999890e-01 2.996770000000000267e-01 -2.700319999999999943e-01 1.836240000000000094e-01 9.821140000000000425e-01 4.164310000000000234e-02 -2.899059999999999970e-01 -3.021289999999999809e-01 1.607429999999999970e-02 9.531319999999999792e-01 8.715019999999999711e-02
9.348619999999999708e-01 -1.866909999999999958e-01 3.019600000000000062e-01 -2.709679999999999866e-01 1.850310000000000010e-01 9.821320000000000050e-01 3.436299999999999771e-02 -2.885530000000000039e-01 -3.029800000000000271e-01 2.374739999999999837e-02 9.527010000000000201e-01 8.977459999999999607e-02
9.334639999999999604e-01 -1.902050000000000129e-01 3.040840000000000209e-01 -2.732660000000000089e-01 1.879750000000000032e-01 9.814810000000000478e-01 3.688190000000000218e-02 -2.926369999999999805e-01 -3.054680000000000173e-01 2.273210000000000161e-02 9.519309999999999716e-01 9.422429999999999695e-02
9.323010000000000463e-01 -1.957000000000000128e-01 3.041659999999999919e-01 -2.732660000000000089e-01 1.927939999999999932e-01 9.804289999999999949e-01 3.987340000000000328e-02 -3.018839999999999857e-01 -3.060160000000000102e-01 2.146730000000000166e-02 9.517839999999999634e-01 9.611540000000000361e-02
9.313230000000000119e-01 -1.991130000000000122e-01 3.049459999999999948e-01 -2.752740000000000187e-01 1.967460000000000042e-01 9.796859999999999458e-01 3.880750000000000172e-02 -3.009490000000000220e-01 -3.064779999999999727e-01 2.385460000000000011e-02 9.515789999999999527e-01 1.023189999999999933e-01
9.307180000000000453e-01 -2.023060000000000136e-01 3.046909999999999896e-01 -2.759369999999999878e-01 1.996950000000000114e-01 9.790389999999999926e-01 4.005770000000000164e-02 -3.050689999999999791e-01 -3.064080000000000137e-01 2.356300000000000061e-02 9.516090000000000382e-01 1.061570000000000014e-01
9.302610000000000046e-01 -2.047319999999999973e-01 3.044640000000000124e-01 -2.751890000000000169e-01 2.020840000000000136e-01 9.785279999999999534e-01 4.054800000000000071e-02 -3.105510000000000215e-01 -3.062280000000000002e-01 2.380710000000000118e-02 9.516599999999999504e-01 1.119320000000000037e-01
9.296710000000000251e-01 -2.060970000000000024e-01 3.053449999999999775e-01 -2.768390000000000017e-01 2.045669999999999988e-01 9.781389999999999807e-01 3.737200000000000244e-02 -3.149689999999999990e-01 -3.063719999999999777e-01 2.771989999999999871e-02 9.515080000000000204e-01 1.160749999999999976e-01
9.294029999999999792e-01 -2.065269999999999884e-01 3.058710000000000040e-01 -2.790869999999999740e-01 2.063460000000000016e-01 9.779120000000000035e-01 3.330430000000000196e-02 -3.164420000000000011e-01 -3.059930000000000150e-01 3.216200000000000309e-02 9.514899999999999469e-01 1.195829999999999949e-01
9.291719999999999979e-01 -2.076749999999999985e-01 3.057960000000000123e-01 -2.807339999999999836e-01 2.081459999999999977e-01 9.775920000000000165e-01 3.145139999999999741e-02 -3.204230000000000134e-01 -3.054749999999999965e-01 3.442649999999999877e-02 9.515770000000000062e-01 1.230839999999999990e-01
9.291660000000000474e-01 -2.071149999999999936e-01 3.061909999999999910e-01 -2.821219999999999839e-01 2.086149999999999949e-01 9.775909999999999878e-01 2.820380000000000109e-02 -3.228840000000000043e-01 -3.051710000000000256e-01 3.767020000000000091e-02 9.515519999999999534e-01 1.245200000000000057e-01
9.289159999999999640e-01 -2.046769999999999978e-01 3.085809999999999942e-01 -2.833640000000000048e-01 2.066350000000000131e-01 9.780539999999999790e-01 2.669859999999999942e-02 -3.227490000000000081e-01 -3.072730000000000183e-01 3.896270000000000289e-02 9.508229999999999738e-01 1.257780000000000009e-01
9.280629999999999713e-01 -2.042029999999999956e-01 3.114489999999999759e-01 -2.850500000000000256e-01 2.060659999999999992e-01 9.781570000000000542e-01 2.729250000000000079e-02 -3.257369999999999988e-01 -3.102190000000000225e-01 3.884979999999999684e-02 9.498710000000000209e-01 1.300620000000000109e-01
9.276159999999999961e-01 -2.019549999999999956e-01 3.142320000000000113e-01 -2.878979999999999873e-01 2.036709999999999909e-01 9.786470000000000447e-01 2.773079999999999989e-02 -3.320640000000000258e-01 -3.131229999999999847e-01 3.827640000000000209e-02 9.489410000000000345e-01 1.282510000000000039e-01
9.267729999999999579e-01 -1.986259999999999970e-01 3.188090000000000090e-01 -2.908859999999999779e-01 2.009330000000000005e-01 9.792600000000000193e-01 2.599539999999999837e-02 -3.272340000000000249e-01 -3.173599999999999755e-01 3.996720000000000134e-02 9.474630000000000551e-01 1.347069999999999934e-01
9.260840000000000183e-01 -1.964670000000000027e-01 3.221319999999999739e-01 -2.931219999999999937e-01 1.990409999999999957e-01 9.796650000000000080e-01 2.528040000000000148e-02 -3.304329999999999767e-01 -3.205479999999999996e-01 4.070549999999999863e-02 9.463570000000000038e-01 1.362059999999999937e-01
9.255980000000000318e-01 -1.925209999999999977e-01 3.258900000000000130e-01 -2.963319999999999843e-01 1.958999999999999908e-01 9.803600000000000092e-01 2.275249999999999842e-02 -3.303579999999999850e-01 -3.238690000000000180e-01 4.278219999999999940e-02 9.451340000000000297e-01 1.382649999999999990e-01
9.246079999999999854e-01 -1.895199999999999940e-01 3.304270000000000262e-01 -2.990539999999999865e-01 1.930469999999999964e-01 9.809330000000000549e-01 2.243900000000000061e-02 -3.303209999999999757e-01 -3.283800000000000052e-01 4.304059999999999830e-02 9.435649999999999871e-01 1.399690000000000101e-01
9.224799999999999667e-01 -1.893440000000000123e-01 3.364210000000000256e-01 -3.024209999999999954e-01 1.928469999999999906e-01 9.809520000000000461e-01 2.330389999999999892e-02 -3.328099999999999947e-01 -3.344260000000000010e-01 4.338059999999999833e-02 9.414230000000000098e-01 1.433359999999999912e-01
9.205910000000000482e-01 -1.875850000000000017e-01 3.425250000000000239e-01 -3.049450000000000216e-01 1.921150000000000080e-01 9.811480000000000201e-01 2.099060000000000162e-02 -3.318459999999999743e-01 -3.400059999999999749e-01 4.648050000000000098e-02 9.392740000000000533e-01 1.450289999999999913e-01
9.170979999999999688e-01 -1.909019999999999884e-01 3.499840000000000173e-01 -3.073719999999999786e-01 1.955490000000000006e-01 9.804389999999999494e-01 2.237190000000000012e-02 -3.310049999999999937e-01 -3.474090000000000233e-01 4.792180000000000051e-02 9.364890000000000159e-01 1.462549999999999961e-01
9.123400000000000398e-01 -1.955689999999999928e-01 3.597069999999999990e-01 -3.106200000000000072e-01 2.004420000000000091e-01 9.794089999999999741e-01 2.410380000000000161e-02 -3.341310000000000113e-01 -3.570150000000000268e-01 5.010980000000000295e-02 9.327539999999999720e-01 1.479469999999999952e-01
