1.000000000000000000e+00 -1.587219999999999931e-19 1.085120000000000066e-19 2.277500000000000015e-19 1.587219999999999931e-19 1.000000000000000000e+00 4.472110000000000388e-19 1.222050000000000028e-19 -1.085120000000000066e-19 -4.472110000000000388e-19 1.000000000000000000e+00 1.641500000000000086e-19
9.999980000000000535e-01 -1.910570000000000107e-03 -2.966210000000000049e-04 -2.549430000000000099e-03 1.910840000000000021e-03 9.999980000000000535e-01 8.859739999999999846e-04 -3.040240000000000043e-03 2.949280000000000196e-04 -8.865389999999999902e-04 1.000000000000000000e+00 8.698249999999999602e-04
9.999970000000000248e-01 -2.378739999999999848e-03 4.189349999999999997e-04 -4.424489999999999673e-03 2.378219999999999900e-03 9.999959999999999960e-01 1.240809999999999960e-03 -5.922179999999999979e-03 -4.218849999999999901e-04 -1.239810000000000044e-03 9.999989999999999712e-01 1.487590000000000006e-03
9.999970000000000248e-01 -1.917429999999999916e-03 1.379339999999999950e-03 -4.880100000000000063e-03 1.916640000000000054e-03 9.999980000000000535e-01 5.721370000000000145e-04 -6.143860000000000120e-03 -1.380439999999999922e-03 -5.694920000000000017e-04 9.999989999999999712e-01 1.318699999999999907e-03
9.999980000000000535e-01 -1.396150000000000082e-03 1.281739999999999963e-03 -6.109889999999999766e-03 1.393579999999999949e-03 9.999970000000000248e-01 2.008400000000000029e-03 -6.992149999999999928e-03 -1.284540000000000031e-03 -2.006609999999999817e-03 9.999970000000000248e-01 1.584499999999999971e-03
1.000000000000000000e+00 -2.554179999999999862e-04 6.706460000000000025e-04 -6.206670000000000069e-03 2.534840000000000010e-04 9.999959999999999960e-01 2.882399999999999806e-03 -9.021579999999999530e-03 -6.713799999999999586e-04 -2.882229999999999948e-03 9.999959999999999960e-01 1.723109999999999919e-03
9.999949999999999672e-01 -5.106649999999999905e-04 2.956680000000000159e-03 -1.077059999999999997e-02 5.008830000000000357e-04 9.999940000000000495e-01 3.308240000000000052e-03 -1.234640000000000043e-02 -2.958350000000000216e-03 -3.306739999999999853e-03 9.999900000000000455e-01 7.933769999999999495e-04
9.999930000000000208e-01 -5.340959999999999631e-04 3.755880000000000069e-03 -1.058489999999999952e-02 5.162879999999999466e-04 9.999890000000000168e-01 4.740710000000000410e-03 -1.283089999999999925e-02 -3.758370000000000027e-03 -4.738739999999999966e-03 9.999820000000000375e-01 1.247599999999999968e-03
9.999829999999999552e-01 -6.072099999999999546e-04 5.877290000000000292e-03 -1.191000000000000045e-02 5.684079999999999558e-04 9.999780000000000335e-01 6.601359999999999693e-03 -1.391680000000000000e-02 -5.881169999999999801e-03 -6.597910000000000233e-03 9.999609999999999888e-01 1.725189999999999927e-03
9.999430000000000263e-01 -1.436290000000000006e-03 1.054719999999999963e-02 -1.958500000000000171e-02 1.338420000000000104e-03 9.999559999999999560e-01 9.280190000000000661e-03 -1.903109999999999871e-02 -1.056009999999999935e-02 -9.265549999999999134e-03 9.999010000000000398e-01 1.976959999999999829e-03
9.999369999999999647e-01 -1.261570000000000052e-03 1.118199999999999923e-02 -2.183099999999999971e-02 1.149789999999999927e-03 9.999489999999999768e-01 9.997590000000000643e-03 -2.151569999999999871e-02 -1.119410000000000023e-02 -9.984099999999999225e-03 9.998869999999999703e-01 8.479439999999999981e-04
9.999299999999999855e-01 -3.784500000000000104e-03 1.124269999999999957e-02 -2.352610000000000118e-02 3.660940000000000114e-03 9.999329999999999607e-01 1.099050000000000027e-02 -2.318620000000000056e-02 -1.128350000000000013e-02 -1.094859999999999930e-02 9.998759999999999870e-01 2.359360000000000016e-03
9.999230000000000063e-01 -4.634349999999999754e-03 1.150029999999999976e-02 -2.503419999999999951e-02 4.509639999999999656e-03 9.999310000000000143e-01 1.084620000000000029e-02 -2.399230000000000113e-02 -1.154969999999999955e-02 -1.079349999999999928e-02 9.998749999999999583e-01 2.539270000000000155e-03
9.999440000000000550e-01 -4.270119999999999645e-03 9.712329999999999922e-03 -2.603010000000000046e-02 4.174169999999999617e-03 9.999419999999999975e-01 9.878140000000000531e-03 -2.574370000000000130e-02 -9.753950000000000814e-03 -9.837040000000000020e-03 9.999040000000000150e-01 2.891019999999999788e-03
9.999630000000000463e-01 -2.447729999999999958e-03 8.281580000000000191e-03 -2.590100000000000041e-02 2.381939999999999925e-03 9.999660000000000215e-01 7.944609999999999519e-03 -2.605120000000000005e-02 -8.300739999999999161e-03 -7.924590000000000453e-03 9.999339999999999895e-01 4.405039999999999824e-03
9.999670000000000503e-01 -1.833369999999999965e-04 8.143110000000000279e-03 -2.603509999999999852e-02 1.372690000000000032e-04 9.999839999999999840e-01 5.657480000000000321e-03 -2.436790000000000136e-02 -8.144020000000000079e-03 -5.656180000000000235e-03 9.999510000000000343e-01 4.674430000000000252e-03
9.999759999999999760e-01 -4.743230000000000189e-04 6.913810000000000268e-03 -2.763789999999999997e-02 4.517619999999999752e-04 9.999949999999999672e-01 3.264340000000000123e-03 -2.479450000000000057e-02 -6.915319999999999974e-03 -3.261140000000000046e-03 9.999710000000000543e-01 4.979779999999999623e-03
9.999890000000000168e-01 8.249050000000000176e-04 4.519180000000000245e-03 -2.740180000000000046e-02 -8.366240000000000048e-04 9.999959999999999960e-01 2.591829999999999828e-03 -2.478040000000000104e-02 -4.517030000000000003e-03 -2.595580000000000109e-03 9.999860000000000415e-01 4.329490000000000074e-03
9.999879999999999880e-01 1.316129999999999991e-03 4.654209999999999771e-03 -2.670000000000000151e-02 -1.330379999999999931e-03 9.999940000000000495e-01 3.058860000000000051e-03 -2.307949999999999932e-02 -4.650160000000000404e-03 -3.065019999999999897e-03 9.999839999999999840e-01 4.958640000000000270e-03
9.999719999999999720e-01 2.129100000000000090e-03 7.195530000000000329e-03 -2.495850000000000152e-02 -2.165209999999999878e-03 9.999850000000000128e-01 5.015229999999999862e-03 -2.419970000000000107e-02 -7.184740000000000223e-03 -5.030670000000000107e-03 9.999620000000000175e-01 6.278660000000000144e-03
9.999329999999999607e-01 1.568689999999999972e-03 1.150289999999999993e-02 -2.448900000000000035e-02 -1.627720000000000035e-03 9.999860000000000415e-01 5.124509999999999656e-03 -2.667249999999999829e-02 -1.149470000000000006e-02 -5.142889999999999788e-03 9.999209999999999487e-01 8.269270000000000440e-03
9.998590000000000533e-01 -1.492999999999999969e-03 1.672979999999999953e-02 -2.524809999999999902e-02 1.436760000000000034e-03 9.999930000000000208e-01 3.372920000000000171e-03 -2.656050000000000078e-02 -1.673470000000000166e-02 -3.348410000000000015e-03 9.998540000000000205e-01 6.606550000000000096e-03
9.997869999999999813e-01 -6.202629999999999776e-03 1.966240000000000002e-02 -2.579779999999999920e-02 6.114989999999999835e-03 9.999710000000000543e-01 4.513819999999999985e-03 -2.784860000000000113e-02 -1.968980000000000036e-02 -4.392619999999999858e-03 9.997960000000000180e-01 7.145420000000000417e-03
9.997650000000000148e-01 -7.669890000000000388e-03 2.025619999999999851e-02 -2.524380000000000027e-02 7.613059999999999619e-03 9.999670000000000503e-01 2.881340000000000030e-03 -2.860820000000000030e-02 -2.027759999999999979e-02 -2.726450000000000054e-03 9.997909999999999853e-01 6.637129999999999766e-03
9.997850000000000348e-01 -7.327939999999999801e-03 1.939940000000000067e-02 -2.337039999999999951e-02 7.291599999999999644e-03 9.999719999999999720e-01 1.943550000000000052e-03 -2.865770000000000123e-02 -1.941309999999999911e-02 -1.801679999999999948e-03 9.998099999999999765e-01 6.743419999999999970e-03
9.998110000000000053e-01 -2.981489999999999835e-03 1.919739999999999988e-02 -2.204690000000000122e-02 2.960669999999999882e-03 9.999949999999999672e-01 1.112619999999999928e-03 -2.759779999999999872e-02 -1.920060000000000169e-02 -1.055570000000000033e-03 9.998150000000000093e-01 5.931220000000000069e-03
9.997740000000000515e-01 -6.715310000000000593e-05 2.123670000000000072e-02 -2.267430000000000140e-02 -9.126610000000000486e-07 9.999949999999999672e-01 3.205069999999999968e-03 -2.786680000000000060e-02 -2.123680000000000012e-02 -3.204369999999999788e-03 9.997690000000000188e-01 6.330620000000000344e-03
9.996979999999999755e-01 -1.026400000000000012e-03 2.455359999999999834e-02 -2.142209999999999948e-02 8.973320000000000341e-04 9.999860000000000415e-01 5.266909999999999648e-03 -3.002739999999999923e-02 -2.455869999999999928e-02 -5.243280000000000336e-03 9.996850000000000458e-01 7.794340000000000296e-03
9.995370000000000088e-01 -5.478020000000000111e-03 2.992039999999999977e-02 -2.313389999999999891e-02 5.269349999999999902e-03 9.999609999999999888e-01 7.048679999999999876e-03 -3.230330000000000007e-02 -2.995779999999999971e-02 -6.887759999999999716e-03 9.995270000000000543e-01 7.540619999999999615e-03
9.994229999999999503e-01 -6.051179999999999753e-03 3.342799999999999938e-02 -2.366650000000000004e-02 5.692250000000000261e-03 9.999249999999999527e-01 1.082190000000000062e-02 -3.470000000000000168e-02 -3.349099999999999994e-02 -1.062530000000000072e-02 9.993830000000000213e-01 6.004449999999999718e-03
9.993250000000000188e-01 -5.015659999999999910e-03 3.639499999999999680e-02 -2.440300000000000108e-02 4.547559999999999970e-03 9.999059999999999615e-01 1.293300000000000005e-02 -3.567069999999999963e-02 -3.645650000000000279e-02 -1.275869999999999956e-02 9.992539999999999756e-01 7.738769999999999850e-03
9.991640000000000521e-01 -5.064719999999999986e-03 4.057739999999999958e-02 -2.793450000000000100e-02 4.584849999999999690e-03 9.999190000000000023e-01 1.191039999999999981e-02 -3.732479999999999826e-02 -4.063440000000000107e-02 -1.171439999999999981e-02 9.991050000000000209e-01 9.124490000000000725e-03
9.990869999999999473e-01 -5.992950000000000360e-03 4.229630000000000195e-02 -2.843209999999999835e-02 5.465770000000000003e-03 9.999059999999999615e-01 1.256840000000000040e-02 -3.723449999999999677e-02 -4.236770000000000119e-02 -1.232579999999999960e-02 9.990259999999999696e-01 8.073399999999999674e-03
9.990289999999999448e-01 -7.935229999999999714e-03 4.333490000000000258e-02 -2.898399999999999935e-02 7.262109999999999572e-03 9.998510000000000453e-01 1.566839999999999899e-02 -3.919220000000000342e-02 -4.345279999999999976e-02 -1.533849999999999970e-02 9.989379999999999926e-01 8.063050000000000425e-03
9.990149999999999864e-01 -7.897619999999999293e-03 4.366899999999999948e-02 -2.955990000000000006e-02 7.171300000000000244e-03 9.998340000000000005e-01 1.676410000000000053e-02 -3.948900000000000327e-02 -4.379419999999999841e-02 -1.643439999999999832e-02 9.989050000000000429e-01 8.242070000000000646e-03
9.989620000000000166e-01 -8.059240000000000501e-03 4.482789999999999692e-02 -3.199260000000000298e-02 7.255369999999999701e-03 9.998099999999999765e-01 1.806630000000000041e-02 -4.047939999999999872e-02 -4.496499999999999803e-02 -1.772229999999999986e-02 9.988310000000000244e-01 9.057120000000000101e-03
9.988799999999999901e-01 -9.010940000000000269e-03 4.644240000000000174e-02 -3.398530000000000301e-02 8.127159999999999593e-03 9.997829999999999773e-01 1.918330000000000035e-02 -4.056040000000000340e-02 -4.660519999999999941e-02 -1.878439999999999971e-02 9.987369999999999859e-01 8.914389999999999467e-03
9.987580000000000346e-01 -1.107660000000000068e-02 4.858259999999999662e-02 -3.550430000000000252e-02 1.007160000000000000e-02 9.997310000000000363e-01 2.088249999999999829e-02 -4.141879999999999867e-02 -4.880079999999999835e-02 -2.036730000000000138e-02 9.986009999999999609e-01 1.079770000000000035e-02
9.984910000000000174e-01 -1.444570000000000055e-02 5.298209999999999725e-02 -3.829020000000000340e-02 1.337490000000000033e-02 9.997000000000000330e-01 2.050969999999999877e-02 -4.433000000000000135e-02 -5.326240000000000141e-02 -1.977020000000000166e-02 9.983849999999999669e-01 1.364910000000000082e-02
9.982609999999999539e-01 -1.580190000000000067e-02 5.679710000000000314e-02 -4.116979999999999945e-02 1.476710000000000002e-02 9.997179999999999955e-01 1.859159999999999979e-02 -4.596530000000000060e-02 -5.707489999999999786e-02 -1.772050000000000014e-02 9.982130000000000170e-01 1.557300000000000004e-02
9.979940000000000477e-01 -1.740030000000000049e-02 6.087429999999999924e-02 -4.449709999999999777e-02 1.630090000000000011e-02 9.996960000000000290e-01 1.851030000000000036e-02 -4.905400000000000038e-02 -6.117790000000000034e-02 -1.748090000000000060e-02 9.979740000000000277e-01 1.710969999999999852e-02
9.976909999999999945e-01 -2.061839999999999853e-02 6.470940000000000025e-02 -4.851060000000000094e-02 1.950570000000000082e-02 9.996519999999999850e-01 1.777950000000000016e-02 -5.179299999999999876e-02 -6.505339999999999734e-02 -1.647619999999999987e-02 9.977460000000000218e-01 1.907910000000000161e-02
9.973919999999999453e-01 -2.309500000000000094e-02 6.838510000000000422e-02 -5.316640000000000255e-02 2.194400000000000170e-02 9.996049999999999658e-01 1.753460000000000088e-02 -5.410809999999999925e-02 -6.876309999999999367e-02 -1.598820000000000102e-02 9.975049999999999750e-01 2.005020000000000066e-02
9.970369999999999511e-01 -2.591250000000000150e-02 7.242619999999999614e-02 -5.704080000000000261e-02 2.453500000000000125e-02 9.995020000000000016e-01 1.984599999999999906e-02 -5.684260000000000007e-02 -7.290439999999999421e-02 -1.801020000000000051e-02 9.971759999999999513e-01 2.160139999999999977e-02
9.965420000000000389e-01 -2.863100000000000020e-02 7.800749999999999351e-02 -6.251199999999999812e-02 2.688600000000000018e-02 9.993659999999999766e-01 2.332889999999999964e-02 -5.949739999999999890e-02 -7.862589999999999857e-02 -2.115099999999999966e-02 9.966800000000000104e-01 2.370900000000000091e-02
9.959139999999999660e-01 -3.300410000000000149e-02 8.405609999999999471e-02 -6.779799999999999716e-02 3.088600000000000026e-02 9.991750000000000353e-01 2.637489999999999973e-02 -6.459629999999999539e-02 -8.485729999999999662e-02 -2.367100000000000107e-02 9.961119999999999974e-01 2.667970000000000064e-02
9.950309999999999988e-01 -3.864909999999999873e-02 9.175819999999999810e-02 -7.509190000000000309e-02 3.642600000000000005e-02 9.990040000000000031e-01 2.578099999999999836e-02 -6.725150000000000572e-02 -9.266320000000000112e-02 -2.231050000000000047e-02 9.954479999999999995e-01 2.951969999999999941e-02
9.942980000000000151e-01 -4.464089999999999725e-02 9.684329999999999328e-02 -7.809099999999999375e-02 4.224399999999999683e-02 9.987510000000000554e-01 2.666260000000000158e-02 -7.261410000000000087e-02 -9.791260000000000241e-02 -2.241949999999999846e-02 9.949419999999999931e-01 3.236340000000000050e-02
9.935690000000000355e-01 -4.879100000000000104e-02 1.021790000000000059e-01 -8.331420000000000492e-02 4.662449999999999928e-02 9.986359999999999681e-01 2.348580000000000112e-02 -7.721600000000000685e-02 -1.031859999999999999e-01 -1.857069999999999901e-02 9.944889999999999564e-01 3.403060000000000113e-02
9.930379999999999763e-01 -5.177120000000000333e-02 1.058049999999999963e-01 -8.866400000000000670e-02 4.987930000000000141e-02 9.985460000000000447e-01 2.045150000000000093e-02 -8.039979999999999349e-02 -1.067099999999999993e-01 -1.503160000000000086e-02 9.941769999999999774e-01 3.391940000000000233e-02
9.925450000000000106e-01 -5.525069999999999981e-02 1.086369999999999975e-01 -9.569869999999999766e-02 5.314939999999999942e-02 9.983410000000000339e-01 2.214539999999999911e-02 -8.286359999999999559e-02 -1.096810000000000007e-01 -1.620629999999999987e-02 9.938350000000000239e-01 3.390429999999999833e-02
9.920849999999999946e-01 -5.938890000000000141e-02 1.106390000000000012e-01 -1.008880000000000055e-01 5.695189999999999975e-02 9.980620000000000047e-01 2.506080000000000113e-02 -8.605790000000000661e-02 -1.119129999999999986e-01 -1.856139999999999873e-02 9.935450000000000115e-01 3.569959999999999800e-02
9.912079999999999780e-01 -6.293650000000000633e-02 1.163890000000000063e-01 -1.074380000000000057e-01 6.003109999999999696e-02 9.977949999999999875e-01 2.830560000000000020e-02 -8.784699999999999454e-02 -1.179140000000000049e-01 -2.106979999999999964e-02 9.928000000000000158e-01 3.662220000000000059e-02
9.899099999999999566e-01 -6.771320000000000117e-02 1.244730000000000003e-01 -1.134750000000000064e-01 6.398819999999999508e-02 9.973819999999999908e-01 3.368890000000000079e-02 -9.065510000000000235e-02 -1.264280000000000126e-01 -2.538419999999999913e-02 9.916509999999999492e-01 3.835310000000000108e-02
9.882050000000000001e-01 -7.339370000000000616e-02 1.344059999999999977e-01 -1.220569999999999988e-01 6.848730000000000095e-02 9.968179999999999819e-01 4.077750000000000125e-02 -9.394500000000000073e-02 -1.369720000000000104e-01 -3.109140000000000167e-02 9.900870000000000504e-01 3.949190000000000339e-02
9.865680000000000005e-01 -8.147400000000000475e-02 1.415790000000000104e-01 -1.301740000000000119e-01 7.560070000000000678e-02 9.960590000000000277e-01 4.638849999999999918e-02 -9.865909999999999958e-02 -1.448010000000000130e-01 -3.506190000000000001e-02 9.888390000000000235e-01 4.194830000000000086e-02
9.850179999999999492e-01 -8.962489999999999346e-02 1.473339999999999927e-01 -1.364670000000000050e-01 8.350870000000000515e-02 9.953889999999999683e-01 4.719899999999999790e-02 -1.026930000000000065e-01 -1.508849999999999913e-01 -3.418820000000000192e-02 9.879599999999999493e-01 4.455979999999999663e-02
9.831870000000000331e-01 -9.816719999999999613e-02 1.539719999999999978e-01 -1.440559999999999896e-01 9.178980000000000472e-02 9.946199999999999486e-01 4.801249999999999962e-02 -1.060330000000000022e-01 -1.578569999999999973e-01 -3.307220000000000298e-02 9.869080000000000075e-01 4.344549999999999801e-02
9.809879999999999711e-01 -1.070620000000000044e-01 1.618640000000000079e-01 -1.507070000000000076e-01 9.991099999999999981e-02 9.936519999999999797e-01 5.171289999999999915e-02 -1.094149999999999984e-01 -1.663729999999999931e-01 -3.455769999999999675e-02 9.854570000000000274e-01 4.475230000000000180e-02
9.786080000000000334e-01 -1.154619999999999952e-01 1.702799999999999869e-01 -1.579029999999999878e-01 1.079019999999999979e-01 9.927460000000000173e-01 5.303709999999999675e-02 -1.148269999999999985e-01 -1.751689999999999914e-01 -3.352900000000000325e-02 9.839670000000000361e-01 4.627669999999999700e-02
9.767609999999999904e-01 -1.212970000000000020e-01 1.767060000000000020e-01 -1.638610000000000066e-01 1.139259999999999995e-01 9.921630000000000171e-01 5.131399999999999850e-02 -1.182710000000000011e-01 -1.815460000000000129e-01 -2.998999999999999930e-02 9.829250000000000487e-01 4.656269999999999853e-02
9.750950000000000450e-01 -1.258990000000000109e-01 1.825910000000000033e-01 -1.698530000000000040e-01 1.188929999999999987e-01 9.917040000000000299e-01 4.886630000000000140e-02 -1.195419999999999955e-01 -1.872290000000000065e-01 -2.594049999999999828e-02 9.819740000000000135e-01 4.632069999999999937e-02
9.730499999999999705e-01 -1.304760000000000086e-01 1.901309999999999945e-01 -1.765539999999999887e-01 1.231759999999999938e-01 9.911360000000000170e-01 4.977000000000000174e-02 -1.217379999999999990e-01 -1.949390000000000012e-01 -2.500909999999999939e-02 9.804960000000000342e-01 4.609780000000000127e-02
9.706719999999999793e-01 -1.351229999999999931e-01 1.988409999999999900e-01 -1.827910000000000090e-01 1.275799999999999990e-01 9.905509999999999593e-01 5.032829999999999943e-02 -1.249450000000000005e-01 -2.037619999999999987e-01 -2.348410000000000081e-02 9.787390000000000256e-01 4.858649999999999775e-02
9.684270000000000378e-01 -1.389279999999999959e-01 2.069979999999999876e-01 -1.894770000000000065e-01 1.318380000000000107e-01 9.901219999999999466e-01 4.773120000000000140e-02 -1.276839999999999919e-01 -2.115839999999999943e-01 -1.893409999999999885e-02 9.771760000000000446e-01 4.840239999999999820e-02
9.665259999999999962e-01 -1.427239999999999898e-01 2.132100000000000106e-01 -1.949790000000000134e-01 1.359100000000000030e-01 9.896359999999999602e-01 4.635960000000000081e-02 -1.298570000000000002e-01 -2.176160000000000039e-01 -1.583040000000000141e-02 9.759060000000000512e-01 4.782809999999999839e-02
9.646209999999999507e-01 -1.470940000000000025e-01 2.187910000000000132e-01 -2.019430000000000114e-01 1.405039999999999900e-01 9.890360000000000262e-01 4.546809999999999741e-02 -1.307530000000000081e-01 -2.230800000000000005e-01 -1.311849999999999995e-02 9.747120000000000228e-01 4.849309999999999732e-02
9.629659999999999886e-01 -1.502139999999999864e-01 2.239039999999999919e-01 -2.095150000000000068e-01 1.437690000000000079e-01 9.885920000000000263e-01 4.490759999999999891e-02 -1.335580000000000100e-01 -2.280959999999999932e-01 -1.105399999999999959e-02 9.735759999999999970e-01 5.118759999999999977e-02
9.616649999999999920e-01 -1.547479999999999967e-01 2.263930000000000109e-01 -2.159050000000000136e-01 1.489600000000000091e-01 9.879280000000000284e-01 4.253849999999999992e-02 -1.370649999999999924e-01 -2.302430000000000032e-01 -7.184320000000000116e-03 9.731070000000000553e-01 4.989699999999999691e-02
9.608459999999999779e-01 -1.584059999999999913e-01 2.273380000000000123e-01 -2.212369999999999892e-01 1.530559999999999976e-01 9.873629999999999907e-01 4.108950000000000102e-02 -1.381920000000000093e-01 -2.309740000000000126e-01 -4.685260000000000119e-03 9.729489999999999528e-01 4.971810000000000118e-02
9.601699999999999680e-01 -1.607909999999999895e-01 2.285139999999999949e-01 -2.288650000000000129e-01 1.557129999999999903e-01 9.869839999999999725e-01 4.020470000000000294e-02 -1.407490000000000130e-01 -2.320049999999999890e-01 -3.020679999999999980e-03 9.727099999999999635e-01 5.035540000000000155e-02
9.598970000000000002e-01 -1.619579999999999909e-01 2.288389999999999869e-01 -2.352950000000000041e-01 1.572260000000000046e-01 9.867970000000000352e-01 3.888309999999999683e-02 -1.414229999999999932e-01 -2.321149999999999880e-01 -1.344149999999999902e-03 9.726869999999999683e-01 5.015959999999999863e-02
9.598219999999999530e-01 -1.626249999999999918e-01 2.286809999999999954e-01 -2.407849999999999990e-01 1.579309999999999881e-01 9.866869999999999807e-01 3.880859999999999865e-02 -1.431219999999999992e-01 -2.319479999999999875e-01 -1.133450000000000039e-03 9.727280000000000371e-01 5.004900000000000321e-02
9.597879999999999745e-01 -1.627470000000000028e-01 2.287349999999999939e-01 -2.469379999999999908e-01 1.579190000000000038e-01 9.866660000000000430e-01 3.938130000000000103e-02 -1.436709999999999932e-01 -2.320949999999999958e-01 -1.676079999999999931e-03 9.726920000000000011e-01 5.119769999999999877e-02
9.603270000000000417e-01 -1.627869999999999873e-01 2.264349999999999974e-01 -2.513560000000000239e-01 1.581950000000000023e-01 9.866610000000000102e-01 3.840679999999999789e-02 -1.447469999999999868e-01 -2.296660000000000090e-01 -1.062299999999999963e-03 9.732690000000000508e-01 5.333550000000000096e-02
9.606839999999999824e-01 -1.625560000000000060e-01 2.250830000000000053e-01 -2.576019999999999976e-01 1.586019999999999930e-01 9.866979999999999640e-01 3.566450000000000176e-02 -1.460509999999999864e-01 -2.278870000000000062e-01 1.436390000000000063e-03 9.736869999999999692e-01 5.471270000000000300e-02
9.611039999999999583e-01 -1.630679999999999907e-01 2.229079999999999950e-01 -2.619969999999999799e-01 1.597679999999999934e-01 9.866070000000000118e-01 3.288209999999999744e-02 -1.471119999999999928e-01 -2.252850000000000130e-01 4.010569999999999760e-03 9.742849999999999566e-01 5.726189999999999752e-02
9.614340000000000108e-01 -1.628960000000000130e-01 2.216059999999999974e-01 -2.667649999999999744e-01 1.600880000000000081e-01 9.866249999999999742e-01 3.070000000000000159e-02 -1.486300000000000121e-01 -2.236430000000000085e-01 5.960390000000000306e-03 9.746529999999999916e-01 5.788929999999999770e-02
9.616259999999999808e-01 -1.627349999999999908e-01 2.208900000000000030e-01 -2.701720000000000232e-01 1.598950000000000093e-01 9.866530000000000022e-01 3.080410000000000093e-02 -1.503539999999999877e-01 -2.229540000000000133e-01 5.697050000000000378e-03 9.748120000000000118e-01 6.070500000000000201e-02
9.621790000000000065e-01 -1.624919999999999976e-01 2.186500000000000110e-01 -2.743539999999999868e-01 1.602139999999999953e-01 9.866780000000000550e-01 2.823010000000000103e-02 -1.517449999999999910e-01 -2.203249999999999931e-01 7.868540000000000256e-03 9.753950000000000120e-01 6.194609999999999700e-02
9.630929999999999769e-01 -1.630639999999999867e-01 2.141560000000000130e-01 -2.767049999999999788e-01 1.609780000000000100e-01 9.865810000000000413e-01 2.726270000000000082e-02 -1.531550000000000133e-01 -2.157280000000000031e-01 8.217969999999999789e-03 9.764190000000000369e-01 6.316729999999999567e-02
9.632950000000000124e-01 -1.648920000000000108e-01 2.118339999999999945e-01 -2.806230000000000113e-01 1.624760000000000093e-01 9.862900000000000000e-01 2.888860000000000039e-02 -1.547340000000000104e-01 -2.136929999999999941e-01 6.589639999999999907e-03 9.768790000000000529e-01 6.610380000000000422e-02
9.632199999999999651e-01 -1.673949999999999882e-01 2.102060000000000040e-01 -2.810139999999999860e-01 1.650550000000000073e-01 9.858649999999999913e-01 2.875470000000000109e-02 -1.578799999999999926e-01 -2.120479999999999865e-01 6.998510000000000321e-03 9.772340000000000471e-01 7.178769999999999596e-02
9.632220000000000226e-01 -1.683510000000000006e-01 2.094330000000000080e-01 -2.821770000000000111e-01 1.662730000000000041e-01 9.856930000000000414e-01 2.762030000000000041e-02 -1.615149999999999919e-01 -2.110869999999999969e-01 8.218569999999999695e-03 9.774329999999999963e-01 7.352599999999999414e-02
9.630560000000000231e-01 -1.692140000000000033e-01 2.094969999999999888e-01 -2.840630000000000099e-01 1.674249999999999905e-01 9.855319999999999636e-01 2.637439999999999923e-02 -1.648129999999999873e-01 -2.109290000000000054e-01 9.675019999999999454e-03 9.774540000000000450e-01 7.553459999999999341e-02
9.622889999999999500e-01 -1.723979999999999957e-01 2.104250000000000009e-01 -2.858120000000000105e-01 1.710659999999999958e-01 9.849510000000000209e-01 2.465909999999999977e-02 -1.686449999999999894e-01 -2.115090000000000026e-01 1.226739999999999949e-02 9.772990000000000288e-01 8.073170000000000346e-02
9.618940000000000268e-01 -1.755809999999999871e-01 2.095990000000000075e-01 -2.861110000000000042e-01 1.742569999999999952e-01 9.843849999999999545e-01 2.491760000000000155e-02 -1.729809999999999959e-01 -2.107009999999999994e-01 1.255610000000000059e-02 9.774699999999999500e-01 8.342549999999999966e-02
9.613080000000000513e-01 -1.789419999999999900e-01 2.094419999999999893e-01 -2.865650000000000142e-01 1.777310000000000001e-01 9.837679999999999758e-01 2.474820000000000145e-02 -1.761749999999999983e-01 -2.104709999999999914e-01 1.343369999999999981e-02 9.775080000000000435e-01 8.736080000000000234e-02
9.605949999999999767e-01 -1.822539999999999993e-01 2.098569999999999880e-01 -2.857230000000000047e-01 1.805730000000000113e-01 9.831820000000000004e-01 2.731329999999999869e-02 -1.799499999999999988e-01 -2.113059999999999938e-01 1.165749999999999946e-02 9.773509999999999698e-01 9.194599999999999995e-02
9.595700000000000340e-01 -1.847600000000000076e-01 2.123440000000000050e-01 -2.851600000000000246e-01 1.828150000000000053e-01 9.827209999999999557e-01 2.893309999999999979e-02 -1.863200000000000134e-01 -2.140209999999999890e-01 1.105629999999999981e-02 9.767670000000000519e-01 9.819429999999999825e-02
9.587809999999999944e-01 -1.848859999999999948e-01 2.157669999999999866e-01 -2.828829999999999956e-01 1.835759999999999892e-01 9.826540000000000274e-01 2.627379999999999993e-02 -1.909440000000000026e-01 -2.168819999999999915e-01 1.441890000000000012e-02 9.760910000000000419e-01 1.044820000000000054e-01
9.575649999999999995e-01 -1.856750000000000067e-01 2.204399999999999971e-01 -2.819840000000000124e-01 1.845579999999999998e-01 9.824819999999999665e-01 2.584109999999999879e-02 -1.949849999999999917e-01 -2.213759999999999895e-01 1.593939999999999940e-02 9.750579999999999803e-01 1.081840000000000024e-01
9.562580000000000524e-01 -1.856230000000000102e-01 2.260860000000000092e-01 -2.809630000000000183e-01 1.841939999999999966e-01 9.825030000000000152e-01 2.758899999999999894e-02 -1.988419999999999910e-01 -2.272520000000000095e-01 1.526169999999999957e-02 9.737160000000000259e-01 1.136449999999999960e-01
9.549410000000000398e-01 -1.851829999999999865e-01 2.319390000000000063e-01 -2.780159999999999854e-01 1.834999999999999964e-01 9.825920000000000210e-01 2.900890000000000066e-02 -2.042269999999999919e-01 -2.332730000000000081e-01 1.485900000000000068e-02 9.722979999999999956e-01 1.204810000000000048e-01
9.533899999999999597e-01 -1.834330000000000127e-01 2.395839999999999914e-01 -2.751009999999999844e-01 1.817400000000000126e-01 9.829090000000000327e-01 2.933850000000000000e-02 -2.074900000000000078e-01 -2.408710000000000018e-01 1.557090000000000037e-02 9.704319999999999613e-01 1.247100000000000014e-01
9.515780000000000349e-01 -1.813849999999999907e-01 2.481909999999999950e-01 -2.736629999999999896e-01 1.789119999999999877e-01 9.833220000000000294e-01 3.268179999999999696e-02 -2.112169999999999881e-01 -2.499800000000000078e-01 1.330510000000000026e-02 9.681600000000000206e-01 1.294299999999999895e-01
9.494569999999999954e-01 -1.814099999999999879e-01 2.561680000000000068e-01 -2.722919999999999785e-01 1.775750000000000106e-01 9.833640000000000159e-01 3.822709999999999997e-02 -2.143660000000000010e-01 -2.588409999999999878e-01 9.194159999999999833e-03 9.658759999999999568e-01 1.345459999999999989e-01
9.467790000000000372e-01 -1.846669999999999978e-01 2.636439999999999895e-01 -2.720799999999999885e-01 1.799620000000000108e-01 9.827719999999999789e-01 4.210799999999999960e-02 -2.195320000000000049e-01 -2.668780000000000041e-01 7.578950000000000096e-03 9.637010000000000298e-01 1.414050000000000029e-01
9.447389999999999954e-01 -1.889059999999999906e-01 2.679230000000000222e-01 -2.708039999999999892e-01 1.836579999999999879e-01 9.819710000000000383e-01 4.475810000000000205e-02 -2.246380000000000043e-01 -2.715469999999999828e-01 6.921380000000000414e-03 9.624000000000000332e-01 1.453649999999999942e-01
9.416930000000000023e-01 -1.951680000000000081e-01 2.740890000000000271e-01 -2.716299999999999826e-01 1.896549999999999903e-01 9.807379999999999987e-01 4.674160000000000120e-02 -2.296749999999999903e-01 -2.779309999999999836e-01 7.966179999999999789e-03 9.605679999999999774e-01 1.519689999999999930e-01
9.391129999999999756e-01 -2.008669999999999900e-01 2.787819999999999743e-01 -2.716230000000000033e-01 1.951789999999999914e-01 9.795770000000000310e-01 4.831680000000000003e-02 -2.354219999999999924e-01 -2.827939999999999898e-01 9.037530000000000216e-03 9.591380000000000461e-01 1.569589999999999874e-01
9.370840000000000281e-01 -2.049469999999999903e-01 2.826150000000000051e-01 -2.719599999999999795e-01 1.991610000000000047e-01 9.787219999999999809e-01 4.938239999999999991e-02 -2.436020000000000130e-01 -2.867219999999999769e-01 1.001029999999999975e-02 9.579619999999999802e-01 1.627939999999999943e-01
9.359370000000000189e-01 -2.055369999999999975e-01 2.859650000000000247e-01 -2.716640000000000166e-01 2.008949999999999902e-01 9.785409999999999942e-01 4.581459999999999699e-02 -2.503779999999999895e-01 -2.892449999999999743e-01 1.456930000000000031e-02 9.571439999999999948e-01 1.691680000000000128e-01
9.347469999999999946e-01 -2.044640000000000069e-01 2.905900000000000150e-01 -2.715650000000000008e-01 2.013530000000000042e-01 9.786639999999999784e-01 4.090769999999999823e-02 -2.556700000000000084e-01 -2.927540000000000142e-01 2.027270000000000114e-02 9.559729999999999617e-01 1.748460000000000014e-01
9.333919999999999995e-01 -2.042009999999999936e-01 2.950960000000000250e-01 -2.717559999999999976e-01 2.028119999999999923e-01 9.785679999999999934e-01 3.565460000000000157e-02 -2.603380000000000138e-01 -2.960519999999999818e-01 2.656930000000000056e-02 9.548020000000000396e-01 1.796439999999999981e-01
9.316769999999999774e-01 -2.060410000000000019e-01 2.992079999999999740e-01 -2.724650000000000127e-01 2.057340000000000002e-01 9.780550000000000077e-01 3.289330000000000032e-02 -2.648070000000000146e-01 -2.994189999999999907e-01 3.091129999999999919e-02 9.536210000000000520e-01 1.863239999999999896e-01
9.300059999999999993e-01 -2.089260000000000006e-01 3.023870000000000169e-01 -2.726279999999999815e-01 2.095700000000000063e-01 9.773110000000000408e-01 3.070339999999999875e-02 -2.713550000000000129e-01 -3.019410000000000149e-01 3.481700000000000073e-02 9.526909999999999545e-01 1.912220000000000031e-01
9.286950000000000482e-01 -2.095819999999999905e-01 3.059439999999999937e-01 -2.750429999999999819e-01 2.115400000000000058e-01 9.769919999999999716e-01 2.714230000000000115e-02 -2.755750000000000144e-01 -3.045939999999999759e-01 3.951240000000000308e-02 9.516630000000000367e-01 1.986239999999999950e-01
9.284489999999999688e-01 -2.099070000000000102e-01 3.064649999999999874e-01 -2.738169999999999771e-01 2.130529999999999924e-01 9.767569999999999864e-01 2.355519999999999836e-02 -2.829039999999999888e-01 -3.042869999999999742e-01 4.342359999999999970e-02 9.515900000000000469e-01 2.039469999999999894e-01
9.278480000000000061e-01 -2.085619999999999974e-01 3.091940000000000244e-01 -2.749210000000000265e-01 2.137729999999999908e-01 9.767299999999999871e-01 1.733490000000000031e-02 -2.826890000000000236e-01 -3.056139999999999968e-01 5.001309999999999784e-02 9.508410000000000473e-01 2.071939999999999893e-01
9.262080000000000313e-01 -2.123690000000000022e-01 3.115089999999999804e-01 -2.773510000000000142e-01 2.173059999999999992e-01 9.759149999999999769e-01 1.920619999999999966e-02 -2.856879999999999975e-01 -3.080849999999999977e-01 4.990390000000000104e-02 9.500490000000000324e-01 2.130980000000000096e-01
9.245560000000000445e-01 -2.177479999999999971e-01 3.126999999999999780e-01 -2.782649999999999846e-01 2.227220000000000033e-01 9.746730000000000116e-01 2.019260000000000152e-02 -2.903839999999999755e-01 -3.091769999999999796e-01 5.097589999999999760e-02 9.496369999999999534e-01 2.178789999999999893e-01
9.233139999999999681e-01 -2.215219999999999967e-01 3.137199999999999989e-01 -2.798220000000000152e-01 2.266189999999999871e-01 9.737649999999999917e-01 2.062440000000000107e-02 -2.933609999999999829e-01 -3.100580000000000003e-01 5.205200000000000105e-02 9.492920000000000247e-01 2.229369999999999963e-01
9.227849999999999664e-01 -2.246559999999999946e-01 3.130450000000000177e-01 -2.797439999999999927e-01 2.294769999999999865e-01 9.730680000000000440e-01 2.187410000000000049e-02 -2.973819999999999797e-01 -3.095280000000000253e-01 5.165150000000000297e-02 9.494860000000000522e-01 2.270810000000000051e-01
9.221270000000000300e-01 -2.270699999999999941e-01 3.132420000000000204e-01 -2.795219999999999927e-01 2.318510000000000015e-01 9.724930000000000518e-01 2.243480000000000127e-02 -3.029499999999999971e-01 -3.097199999999999953e-01 5.193770000000000331e-02 9.494080000000000297e-01 2.320039999999999880e-01
9.215179999999999483e-01 -2.284120000000000039e-01 3.140560000000000018e-01 -2.808789999999999898e-01 2.343139999999999945e-01 9.719680000000000542e-01 1.937430000000000055e-02 -3.074500000000000011e-01 -3.096780000000000088e-01 5.573410000000000170e-02 9.492070000000000229e-01 2.357529999999999903e-01
9.215290000000000425e-01 -2.285570000000000102e-01 3.139199999999999768e-01 -2.819639999999999924e-01 2.358540000000000081e-01 9.716709999999999514e-01 1.508559999999999936e-02 -3.089370000000000172e-01 -3.084749999999999992e-01 6.013759999999999939e-02 9.493289999999999784e-01 2.382869999999999988e-01
9.211319999999999508e-01 -2.295510000000000050e-01 3.143580000000000263e-01 -2.839090000000000225e-01 2.375109999999999999e-01 9.712939999999999907e-01 1.330660000000000003e-02 -3.129029999999999867e-01 -3.083890000000000242e-01 6.240640000000000076e-02 9.492110000000000269e-01 2.422489999999999921e-01
9.210949999999999971e-01 -2.288689999999999891e-01 3.149660000000000237e-01 -2.852589999999999848e-01 2.379130000000000134e-01 9.712349999999999595e-01 9.987029999999999172e-03 -3.153469999999999884e-01 -3.081920000000000215e-01 6.573550000000000226e-02 9.490499999999999492e-01 2.436319999999999875e-01
9.206220000000000514e-01 -2.272579999999999878e-01 3.175040000000000084e-01 -2.865219999999999989e-01 2.368999999999999995e-01 9.714970000000000550e-01 8.454800000000000162e-03 -3.156530000000000169e-01 -3.103759999999999852e-01 6.743309999999999582e-02 9.482190000000000341e-01 2.447259999999999991e-01
9.196560000000000290e-01 -2.256269999999999942e-01 3.214429999999999787e-01 -2.901380000000000070e-01 2.352430000000000077e-01 9.718930000000000069e-01 9.153170000000000403e-03 -3.182550000000000101e-01 -3.144739999999999758e-01 6.719959999999999822e-02 9.468849999999999767e-01 2.487209999999999976e-01
9.194080000000000030e-01 -2.222399999999999931e-01 3.244980000000000087e-01 -2.923839999999999772e-01 2.327089999999999992e-01 9.725230000000000263e-01 6.717680000000000179e-03 -3.179710000000000036e-01 -3.170740000000000225e-01 6.933709999999999873e-02 9.458630000000000093e-01 2.495229999999999948e-01
9.187549999999999883e-01 -2.199389999999999956e-01 3.278969999999999940e-01 -2.948140000000000205e-01 2.302269999999999872e-01 9.731070000000000553e-01 7.630780000000000202e-03 -3.198619999999999797e-01 -3.207570000000000143e-01 6.847999999999999921e-02 9.446830000000000505e-01 2.524879999999999902e-01
9.179150000000000365e-01 -2.177479999999999971e-01 3.316879999999999828e-01 -2.979129999999999834e-01 2.284670000000000034e-01 9.735279999999999490e-01 6.845269999999999654e-03 -3.226930000000000076e-01 -3.243980000000000197e-01 6.949650000000000272e-02 9.433639999999999803e-01 2.553900000000000059e-01
9.175159999999999982e-01 -2.136859999999999871e-01 3.354130000000000167e-01 -3.005439999999999778e-01 2.251950000000000063e-01 9.743020000000000014e-01 4.693880000000000101e-03 -3.228590000000000071e-01 -3.277970000000000050e-01 7.122670000000000390e-02 9.420600000000000085e-01 2.573150000000000159e-01
9.165140000000000509e-01 -2.103899999999999937e-01 3.402020000000000044e-01 -3.039180000000000215e-01 2.220519999999999994e-01 9.750229999999999730e-01 4.767689999999999775e-03 -3.234310000000000240e-01 -3.327080000000000037e-01 7.117289999999999728e-02 9.403399999999999537e-01 2.593940000000000135e-01
9.142670000000000519e-01 -2.102920000000000067e-01 3.462560000000000082e-01 -3.074609999999999843e-01 2.222919999999999896e-01 9.749659999999999993e-01 5.180030000000000398e-03 -3.259259999999999935e-01 -3.386770000000000058e-01 7.223390000000000366e-02 9.381260000000000154e-01 2.616359999999999797e-01
9.123510000000000231e-01 -2.094260000000000010e-01 3.517910000000000204e-01 -3.086659999999999959e-01 2.224889999999999923e-01 9.749290000000000456e-01 3.374820000000000163e-03 -3.251069999999999793e-01 -3.436779999999999835e-01 7.519069999999999920e-02 9.360730000000000439e-01 2.621240000000000236e-01
9.084870000000000445e-01 -2.113119999999999998e-01 3.605519999999999836e-01 -3.130580000000000029e-01 2.243789999999999951e-01 9.744850000000000456e-01 5.753649999999999910e-03 -3.251589999999999758e-01 -3.525690000000000213e-01 7.567340000000000177e-02 9.327210000000000223e-01 2.646040000000000059e-01
9.037330000000000085e-01 -2.162830000000000030e-01 3.694430000000000214e-01 -3.156630000000000269e-01 2.297420000000000018e-01 9.732210000000000027e-01 7.756179999999999672e-03 -3.286999999999999922e-01 -3.612270000000000203e-01 7.786709999999999465e-02 9.292209999999999637e-01 2.652999999999999803e-01
8.991679999999999673e-01 -2.171130000000000004e-01 3.799469999999999792e-01 -3.221729999999999872e-01 2.320879999999999888e-01 9.726730000000000098e-01 6.563870000000000295e-03 -3.250910000000000188e-01 -3.709890000000000132e-01 8.227890000000000204e-02 9.249849999999999461e-01 2.672629999999999728e-01
