1.000000000000000000e+00 6.947520000000000312e-24 -5.958849999999999521e-23 -3.044960000000000048e-23 -6.947520000000000312e-24 1.000000000000000000e+00 8.627540000000000496e-23 5.171449999999999950e-23 5.958849999999999521e-23 -8.627540000000000496e-23 1.000000000000000000e+00 -4.433309999999999708e-23
9.999989999999999712e-01 -7.955889999999999750e-04 1.330779999999999940e-03 -3.943000000000000324e-03 7.952420000000000409e-04 1.000000000000000000e+00 2.609099999999999939e-04 -1.050200000000000048e-03 -1.330989999999999994e-03 -2.598510000000000164e-04 9.999989999999999712e-01 -5.681910000000000086e-03
9.999980000000000535e-01 -1.050219999999999930e-03 1.677110000000000102e-03 -5.009699999999999744e-03 1.050160000000000069e-03 9.999989999999999712e-01 3.933200000000000221e-05 -1.773520000000000001e-03 -1.677150000000000082e-03 -3.757070000000000266e-05 9.999989999999999712e-01 -6.742159999999999646e-03
9.999940000000000495e-01 5.087990000000000053e-05 3.573559999999999931e-03 -6.889430000000000207e-03 -5.276570000000000202e-05 1.000000000000000000e+00 5.276190000000000047e-04 -3.200720000000000214e-03 -3.573530000000000109e-03 -5.278039999999999902e-04 9.999930000000000208e-01 -1.128720000000000070e-02
9.999839999999999840e-01 8.364229999999999842e-04 5.656519999999999951e-03 -1.116600000000000058e-02 -8.479030000000000030e-04 9.999980000000000535e-01 2.027479999999999907e-03 -4.900640000000000378e-03 -5.654809999999999698e-03 -2.032239999999999828e-03 9.999820000000000375e-01 -1.655229999999999896e-02
9.999689999999999968e-01 1.834590000000000092e-03 7.610740000000000387e-03 -1.530940000000000079e-02 -1.857549999999999913e-03 9.999940000000000495e-01 3.011110000000000002e-03 -6.855939999999999604e-03 -7.605169999999999639e-03 -3.025149999999999888e-03 9.999670000000000503e-01 -2.121139999999999831e-02
9.999820000000000375e-01 9.683380000000000112e-04 5.980860000000000169e-03 -1.221039999999999973e-02 -9.898619999999999901e-04 9.999930000000000208e-01 3.596989999999999996e-03 -7.401839999999999808e-03 -5.977340000000000257e-03 -3.602839999999999949e-03 9.999759999999999760e-01 -2.345540000000000125e-02
9.999749999999999472e-01 1.177239999999999970e-03 7.030159999999999708e-03 -1.232310000000000003e-02 -1.208400000000000099e-03 9.999890000000000168e-01 4.429029999999999599e-03 -6.612990000000000014e-03 -7.024879999999999840e-03 -4.437410000000000139e-03 9.999649999999999928e-01 -2.338269999999999932e-02
9.999529999999999808e-01 2.370250000000000015e-04 9.727539999999999798e-03 -1.404240000000000002e-02 -2.969170000000000034e-04 9.999810000000000088e-01 6.155980000000000132e-03 -7.632390000000000181e-03 -9.725900000000000864e-03 -6.158580000000000304e-03 9.999339999999999895e-01 -2.727550000000000113e-02
9.999430000000000263e-01 -1.247859999999999941e-04 1.067219999999999974e-02 -1.392700000000000014e-02 4.444789999999999841e-05 9.999719999999999720e-01 7.527680000000000135e-03 -7.938729999999999745e-03 -1.067290000000000079e-02 -7.526780000000000276e-03 9.999149999999999983e-01 -2.806420000000000095e-02
9.999449999999999728e-01 -1.123690000000000105e-03 1.043950000000000086e-02 -1.359070000000000070e-02 1.017969999999999986e-03 9.999479999999999480e-01 1.012670000000000063e-02 -1.142400000000000013e-02 -1.045029999999999917e-02 -1.011549999999999949e-02 9.998939999999999495e-01 -3.100349999999999981e-02
9.999299999999999855e-01 -1.555170000000000033e-03 1.175610000000000023e-02 -1.654310000000000155e-02 1.418650000000000033e-03 9.999320000000000430e-01 1.161270000000000011e-02 -1.378500000000000038e-02 -1.177330000000000043e-02 -1.159519999999999995e-02 9.998629999999999463e-01 -3.602450000000000097e-02
9.999419999999999975e-01 -2.839250000000000194e-03 1.034829999999999951e-02 -1.578349999999999892e-02 2.718719999999999991e-03 9.999289999999999567e-01 1.164270000000000062e-02 -1.294700000000000017e-02 -1.038069999999999965e-02 -1.161389999999999992e-02 9.998789999999999623e-01 -3.454900000000000332e-02
9.999609999999999888e-01 -1.379910000000000034e-03 8.676510000000000125e-03 -1.637109999999999954e-02 1.282809999999999897e-03 9.999369999999999647e-01 1.118670000000000081e-02 -1.524529999999999982e-02 -8.691400000000000167e-03 -1.117510000000000031e-02 9.999000000000000110e-01 -3.669530000000000014e-02
9.999740000000000295e-01 1.098049999999999938e-03 7.183010000000000089e-03 -1.617970000000000172e-02 -1.166699999999999899e-03 9.999540000000000095e-01 9.559579999999999814e-03 -1.586169999999999941e-02 -7.172170000000000281e-03 -9.567710000000000103e-03 9.999289999999999567e-01 -3.723409999999999914e-02
9.999540000000000095e-01 2.369930000000000127e-03 9.267350000000000587e-03 -2.011340000000000003e-02 -2.458929999999999796e-03 9.999510000000000343e-01 9.604770000000000321e-03 -1.859370000000000120e-02 -9.244129999999999708e-03 -9.627119999999999428e-03 9.999109999999999943e-01 -4.296049999999999869e-02
9.999780000000000335e-01 3.181139999999999836e-03 5.892090000000000001e-03 -1.746079999999999854e-02 -3.231920000000000105e-03 9.999580000000000135e-01 8.629070000000000837e-03 -2.014979999999999896e-02 -5.864379999999999767e-03 -8.647919999999999913e-03 9.999449999999999728e-01 -4.271989999999999815e-02
9.999689999999999968e-01 5.445030000000000009e-03 5.704129999999999964e-03 -2.053059999999999954e-02 -5.490570000000000173e-03 9.999529999999999808e-01 7.998589999999999867e-03 -2.083919999999999870e-02 -5.660309999999999994e-03 -8.029659999999999229e-03 9.999519999999999520e-01 -5.035839999999999761e-02
9.999580000000000135e-01 6.810380000000000426e-03 6.198150000000000361e-03 -2.186099999999999849e-02 -6.878200000000000112e-03 9.999160000000000270e-01 1.098670000000000029e-02 -2.291659999999999878e-02 -6.122810000000000231e-03 -1.102889999999999947e-02 9.999200000000000310e-01 -5.367729999999999724e-02
9.999310000000000143e-01 7.029559999999999802e-03 9.432569999999999497e-03 -2.227689999999999879e-02 -7.152340000000000086e-03 9.998890000000000278e-01 1.304600000000000030e-02 -2.464140000000000080e-02 -9.339820000000000413e-03 -1.311260000000000030e-02 9.998700000000000365e-01 -5.501650000000000290e-02
9.998780000000000445e-01 6.126490000000000061e-03 1.435329999999999939e-02 -2.255000000000000060e-02 -6.319680000000000263e-03 9.998899999999999455e-01 1.345329999999999963e-02 -2.809209999999999832e-02 -1.426930000000000039e-02 -1.354239999999999958e-02 9.998059999999999725e-01 -5.747830000000000300e-02
9.998000000000000220e-01 4.644910000000000358e-03 1.944150000000000045e-02 -2.374329999999999843e-02 -4.912790000000000212e-03 9.998930000000000318e-01 1.375400000000000060e-02 -3.106319999999999915e-02 -1.937559999999999977e-02 -1.384669999999999998e-02 9.997160000000000490e-01 -6.405890000000000195e-02
9.998629999999999463e-01 4.113989999999999661e-03 1.604020000000000098e-02 -9.509319999999999926e-03 -4.259100000000000039e-03 9.999500000000000055e-01 9.022560000000000649e-03 -2.113239999999999910e-02 -1.600230000000000055e-02 -9.089639999999999526e-03 9.998310000000000253e-01 -4.650320000000000148e-02
9.998510000000000453e-01 2.519280000000000044e-03 1.707890000000000102e-02 -1.033030000000000059e-02 -2.688639999999999954e-03 9.999470000000000303e-01 9.900420000000000054e-03 -2.466370000000000021e-02 -1.705310000000000159e-02 -9.944859999999999811e-03 9.998050000000000548e-01 -4.882689999999999947e-02
9.998650000000000038e-01 3.729389999999999962e-03 1.598660000000000012e-02 -8.772590000000000249e-03 -3.876239999999999981e-03 9.999500000000000055e-01 9.164870000000000308e-03 -2.593660000000000063e-02 -1.595159999999999981e-02 -9.225610000000000407e-03 9.998299999999999965e-01 -5.056050000000000127e-02
9.998559999999999670e-01 6.918660000000000088e-03 1.551510000000000042e-02 -6.819699999999999721e-03 -7.061569999999999653e-03 9.999329999999999607e-01 9.175529999999999450e-03 -2.545930000000000068e-02 -1.545050000000000069e-02 -9.283760000000000276e-03 9.998380000000000045e-01 -5.240000000000000213e-02
9.997850000000000348e-01 1.082160000000000066e-02 1.769499999999999892e-02 -7.718479999999999785e-03 -1.103269999999999945e-02 9.998690000000000078e-01 1.187629999999999936e-02 -2.573570000000000024e-02 -1.756419999999999856e-02 -1.206890000000000046e-02 9.997730000000000228e-01 -5.141949999999999993e-02
9.997350000000000403e-01 1.005939999999999959e-02 2.069110000000000046e-02 -6.268410000000000301e-03 -1.032560000000000075e-02 9.998650000000000038e-01 1.279480000000000027e-02 -2.596690000000000109e-02 -2.055960000000000079e-02 -1.300510000000000034e-02 9.997040000000000370e-01 -5.018149999999999694e-02
9.996549999999999603e-01 6.031279999999999974e-03 2.555280000000000051e-02 -7.262199999999999905e-03 -6.402569999999999789e-03 9.998749999999999583e-01 1.447350000000000025e-02 -2.785100000000000076e-02 -2.546230000000000021e-02 -1.463210000000000031e-02 9.995690000000000408e-01 -5.557750000000000190e-02
9.995410000000000128e-01 5.089650000000000250e-03 2.986600000000000019e-02 -9.175920000000000604e-03 -5.640919999999999788e-03 9.998150000000000093e-01 1.840320000000000150e-02 -3.040750000000000050e-02 -2.976679999999999951e-02 -1.856319999999999845e-02 9.993840000000000501e-01 -6.066710000000000158e-02
9.994239999999999791e-01 5.490939999999999710e-03 3.348249999999999837e-02 -1.165210000000000030e-02 -6.221110000000000181e-03 9.997439999999999660e-01 2.174239999999999853e-02 -3.340030000000000082e-02 -3.335459999999999814e-02 -2.193820000000000145e-02 9.992029999999999523e-01 -6.398239999999999483e-02
9.992860000000000076e-01 5.912999999999999853e-03 3.731809999999999988e-02 -1.442410000000000046e-02 -6.764639999999999716e-03 9.997190000000000243e-01 2.273620000000000155e-02 -3.756210000000000104e-02 -3.717320000000000346e-02 -2.297240000000000046e-02 9.990449999999999608e-01 -6.822010000000000574e-02
9.993999999999999551e-01 9.812100000000000682e-03 3.322409999999999947e-02 -1.826139999999999968e-03 -1.045629999999999997e-02 9.997599999999999820e-01 1.927179999999999865e-02 -3.118109999999999979e-02 -3.302700000000000080e-02 -1.960759999999999934e-02 9.992619999999999836e-01 -5.368570000000000286e-02
9.993659999999999766e-01 8.199589999999999657e-03 3.463240000000000068e-02 -4.361460000000000163e-03 -9.018079999999999499e-03 9.996819999999999595e-01 2.354389999999999955e-02 -3.373120000000000285e-02 -3.442830000000000196e-02 -2.384129999999999930e-02 9.991229999999999833e-01 -5.696400000000000075e-02
9.993859999999999966e-01 7.761299999999999623e-03 3.415300000000000280e-02 -4.797049999999999752e-03 -8.606559999999999211e-03 9.996589999999999643e-01 2.467219999999999830e-02 -3.433060000000000278e-02 -3.394989999999999813e-02 -2.495100000000000096e-02 9.991120000000000001e-01 -5.626740000000000214e-02
9.993300000000000516e-01 8.049729999999999733e-03 3.570620000000000044e-02 -7.266120000000000044e-03 -9.046429999999999402e-03 9.995709999999999873e-01 2.784079999999999888e-02 -3.833759999999999946e-02 -3.546679999999999972e-02 -2.814509999999999929e-02 9.989740000000000286e-01 -5.973049999999999887e-02
9.993250000000000188e-01 7.259060000000000339e-03 3.601830000000000309e-02 -8.431239999999999568e-03 -8.307139999999999316e-03 9.995439999999999880e-01 2.903470000000000009e-02 -3.835779999999999745e-02 -3.579109999999999930e-02 -2.931430000000000147e-02 9.989289999999999559e-01 -5.906800000000000245e-02
9.991849999999999898e-01 3.941789999999999704e-03 4.018250000000000294e-02 -1.311479999999999937e-02 -5.252309999999999618e-03 9.994560000000000111e-01 3.256069999999999798e-02 -4.233130000000000226e-02 -4.003229999999999983e-02 -3.274520000000000208e-02 9.986620000000000497e-01 -6.114229999999999665e-02
9.991149999999999753e-01 8.700070000000000069e-04 4.206329999999999791e-02 -1.283049999999999989e-02 -2.258459999999999895e-03 9.994539999999999536e-01 3.297250000000000181e-02 -4.503920000000000146e-02 -4.201169999999999904e-02 -3.303829999999999961e-02 9.985709999999999864e-01 -5.717429999999999735e-02
9.989700000000000246e-01 -2.972629999999999760e-04 4.538539999999999935e-02 -1.518159999999999996e-02 -1.136049999999999994e-03 9.995009999999999728e-01 3.155199999999999672e-02 -4.784200000000000258e-02 -4.537209999999999854e-02 -3.157100000000000184e-02 9.984709999999999974e-01 -5.659020000000000022e-02
9.987660000000000426e-01 -1.438709999999999945e-03 4.964240000000000319e-02 -1.902500000000000024e-02 -1.205789999999999987e-04 9.995070000000000343e-01 3.139329999999999898e-02 -5.046579999999999816e-02 -4.966310000000000169e-02 -3.136049999999999949e-02 9.982739999999999947e-01 -5.601119999999999710e-02
9.986789999999999834e-01 -4.761719999999999668e-03 5.116319999999999896e-02 -2.024609999999999951e-02 3.145939999999999848e-03 9.994950000000000223e-01 3.161520000000000302e-02 -5.362809999999999799e-02 -5.128789999999999738e-02 -3.141250000000000292e-02 9.981900000000000217e-01 -5.628099999999999770e-02
9.984319999999999862e-01 -7.326670000000000404e-03 5.550120000000000053e-02 -2.617680000000000007e-02 5.544760000000000140e-03 9.994659999999999656e-01 3.219199999999999839e-02 -5.743419999999999775e-02 -5.570739999999999720e-02 -3.183380000000000237e-02 9.979400000000000492e-01 -6.050559999999999966e-02
9.983109999999999484e-01 -1.028959999999999944e-02 5.717230000000000228e-02 -2.603240000000000068e-02 8.308549999999999616e-03 9.993600000000000261e-01 3.478099999999999942e-02 -5.953250000000000208e-02 -5.749359999999999887e-02 -3.424730000000000135e-02 9.977580000000000338e-01 -5.868129999999999874e-02
9.979479999999999462e-01 -1.268009999999999970e-02 6.276940000000000297e-02 -3.228629999999999695e-02 1.026950000000000085e-02 9.992029999999999523e-01 3.857880000000000337e-02 -6.276769999999999572e-02 -6.320850000000000080e-02 -3.785499999999999976e-02 9.972820000000000018e-01 -6.092050000000000243e-02
9.970930000000000071e-01 -1.596250000000000099e-02 7.450429999999999553e-02 -4.033840000000000342e-02 1.330130000000000028e-02 9.992600000000000371e-01 3.607989999999999808e-02 -6.027350000000000069e-02 -7.502509999999999735e-02 -3.498400000000000121e-02 9.965680000000000094e-01 -4.072259999999999769e-02
9.967230000000000256e-01 -2.012480000000000172e-02 7.834520000000000373e-02 -4.288109999999999838e-02 1.727240000000000025e-02 9.991689999999999738e-01 3.691740000000000299e-02 -6.440869999999999929e-02 -7.902309999999999890e-02 -3.544320000000000109e-02 9.962429999999999897e-01 -4.266079999999999872e-02
9.959639999999999604e-01 -2.640640000000000001e-02 8.577740000000000364e-02 -5.055029999999999940e-02 2.319680000000000006e-02 9.990010000000000279e-01 3.820189999999999697e-02 -7.151630000000000487e-02 -8.670039999999999691e-02 -3.605799999999999977e-02 9.955819999999999670e-01 -4.405049999999999938e-02
9.951659999999999950e-01 -3.220370000000000177e-02 9.277680000000000649e-02 -5.891099999999999809e-02 2.893820000000000073e-02 9.989209999999999479e-01 3.633009999999999712e-02 -7.873299999999999743e-02 -9.384660000000000224e-02 -3.346969999999999806e-02 9.950240000000000196e-01 -4.775630000000000153e-02
9.945899999999999741e-01 -3.593099999999999766e-02 9.746240000000000459e-02 -6.670579999999999565e-02 3.270889999999999909e-02 9.988709999999999534e-01 3.445940000000000114e-02 -8.420640000000000069e-02 -9.859049999999999758e-02 -3.108510000000000092e-02 9.946420000000000261e-01 -5.325719999999999760e-02
9.940499999999999892e-01 -3.890559999999999852e-02 1.017359999999999931e-01 -7.600070000000000436e-02 3.538089999999999985e-02 9.987169999999999659e-01 3.622410000000000213e-02 -8.772699999999999942e-02 -1.030149999999999955e-01 -3.240910000000000318e-02 9.941520000000000357e-01 -5.963159999999999988e-02
9.934460000000000512e-01 -4.274170000000000053e-02 1.060090000000000060e-01 -8.554119999999999779e-02 3.864429999999999948e-02 9.984359999999999902e-01 4.041020000000000029e-02 -9.308929999999999982e-02 -1.075699999999999990e-01 -3.604870000000000296e-02 9.935439999999999827e-01 -6.311479999999999868e-02
9.926779999999999493e-01 -4.431999999999999829e-02 1.123689999999999967e-01 -8.651630000000000431e-02 4.049289999999999834e-02 9.985270000000000534e-01 3.611629999999999702e-02 -8.207599999999999618e-02 -1.138040000000000024e-01 -3.130170000000000174e-02 9.930099999999999483e-01 -3.322599999999999859e-02
9.916099999999999914e-01 -4.758620000000000211e-02 1.201850000000000002e-01 -9.303540000000000421e-02 4.287590000000000151e-02 9.982189999999999674e-01 4.147979999999999723e-02 -8.433939999999999493e-02 -1.219439999999999968e-01 -3.597879999999999828e-02 9.918850000000000167e-01 -3.151779999999999859e-02
9.904960000000000431e-01 -5.254230000000000012e-02 1.271130000000000038e-01 -9.684220000000000328e-02 4.672670000000000295e-02 9.977390000000000425e-01 4.831040000000000334e-02 -8.720780000000000198e-02 -1.293640000000000068e-01 -4.191170000000000312e-02 9.907110000000000083e-01 -3.042989999999999931e-02
9.890219999999999567e-01 -6.018690000000000151e-02 1.349529999999999896e-01 -1.052690000000000015e-01 5.312039999999999818e-02 9.970520000000000493e-01 5.536930000000000324e-02 -9.317699999999999594e-02 -1.378880000000000106e-01 -4.759270000000000167e-02 9.893039999999999612e-01 -2.736469999999999875e-02
9.875509999999999566e-01 -6.799760000000000526e-02 1.418429999999999969e-01 -1.133460000000000023e-01 6.039909999999999723e-02 9.965340000000000309e-01 5.720909999999999884e-02 -9.807330000000000214e-02 -1.452420000000000100e-01 -4.792969999999999869e-02 9.882349999999999746e-01 -2.678159999999999916e-02
9.861839999999999495e-01 -7.554600000000000204e-02 1.474209999999999965e-01 -1.193560000000000038e-01 6.769400000000000417e-02 9.960430000000000117e-01 5.757899999999999824e-02 -1.009830000000000033e-01 -1.511869999999999881e-01 -4.680399999999999838e-02 9.873960000000000514e-01 -2.803179999999999908e-02
9.842009999999999925e-01 -8.460499999999999965e-02 1.555310000000000026e-01 -1.264019999999999866e-01 7.592019999999999325e-02 9.952480000000000215e-01 6.096639999999999698e-02 -1.037539999999999990e-01 -1.599500000000000088e-01 -4.819530000000000342e-02 9.859480000000000466e-01 -2.648429999999999881e-02
9.821800000000000530e-01 -9.323090000000000543e-02 1.631890000000000007e-01 -1.325419999999999932e-01 8.402170000000000472e-02 9.945040000000000546e-01 6.246820000000000150e-02 -1.091420000000000029e-01 -1.681159999999999877e-01 -4.764360000000000123e-02 9.846150000000000180e-01 -2.505560000000000079e-02
9.801819999999999977e-01 -9.950359999999999761e-02 1.712990000000000068e-01 -1.410559999999999869e-01 9.027609999999999801e-02 9.940550000000000219e-01 6.085970000000000268e-02 -1.129170000000000035e-01 -1.763359999999999927e-01 -4.418939999999999674e-02 9.833380000000000454e-01 -2.480440000000000075e-02
9.787959999999999994e-01 -1.042079999999999951e-01 1.763510000000000078e-01 -1.456780000000000019e-01 9.503649999999999598e-02 9.936819999999999542e-01 5.970029999999999781e-02 -1.153870000000000035e-01 -1.814580000000000082e-01 -4.167459999999999914e-02 9.825150000000000272e-01 -2.802320000000000158e-02
9.771710000000000118e-01 -1.082349999999999979e-01 1.828190000000000093e-01 -1.512149999999999883e-01 9.869089999999999807e-02 9.932739999999999903e-01 6.054760000000000003e-02 -1.169449999999999934e-01 -1.881420000000000037e-01 -4.112280000000000102e-02 9.812800000000000411e-01 -2.807159999999999864e-02
9.747749999999999471e-01 -1.137510000000000049e-01 1.920260000000000022e-01 -1.582780000000000020e-01 1.037440000000000029e-01 9.927059999999999773e-01 6.141830000000000206e-02 -1.207769999999999955e-01 -1.976110000000000089e-01 -3.994740000000000096e-02 9.794659999999999478e-01 -2.532140000000000085e-02
9.727679999999999660e-01 -1.176289999999999975e-01 1.997130000000000016e-01 -1.643139999999999878e-01 1.078920000000000018e-01 9.924110000000000431e-01 5.899610000000000271e-02 -1.236499999999999960e-01 -2.051370000000000138e-01 -3.584219999999999767e-02 9.780769999999999742e-01 -2.545599999999999946e-02
9.712210000000000010e-01 -1.210249999999999937e-01 2.051429999999999920e-01 -1.687639999999999973e-01 1.114860000000000018e-01 9.921020000000000394e-01 5.747809999999999725e-02 -1.257639999999999869e-01 -2.104789999999999994e-01 -3.295329999999999787e-02 9.770429999999999948e-01 -2.751220000000000054e-02
9.689520000000000355e-01 -1.251500000000000112e-01 2.132370000000000099e-01 -1.790400000000000047e-01 1.154290000000000038e-01 9.916500000000000314e-01 5.749440000000000106e-02 -1.275719999999999910e-01 -2.186520000000000130e-01 -3.109570000000000042e-02 9.753070000000000350e-01 -2.697659999999999988e-02
9.668029999999999680e-01 -1.285260000000000014e-01 2.208459999999999868e-01 -1.885689999999999866e-01 1.191399999999999959e-01 9.913330000000000197e-01 5.536529999999999924e-02 -1.280799999999999994e-01 -2.260479999999999989e-01 -2.721569999999999892e-02 9.737360000000000460e-01 -2.053970000000000101e-02
9.655920000000000059e-01 -1.322409999999999974e-01 2.239309999999999912e-01 -1.956340000000000023e-01 1.235750000000000043e-01 9.909540000000000015e-01 5.234420000000000045e-02 -1.304889999999999939e-01 -2.288280000000000036e-01 -2.287070000000000075e-02 9.731980000000000075e-01 -2.175969999999999988e-02
9.646829999999999572e-01 -1.361999999999999877e-01 2.254700000000000037e-01 -2.030150000000000010e-01 1.277739999999999987e-01 9.904589999999999783e-01 5.162130000000000191e-02 -1.326529999999999931e-01 -2.303499999999999992e-01 -2.098900000000000071e-02 9.728809999999999958e-01 -2.352469999999999908e-02
9.645270000000000232e-01 -1.390149999999999997e-01 2.244140000000000024e-01 -2.081780000000000019e-01 1.307310000000000139e-01 9.900830000000000464e-01 5.143509999999999749e-02 -1.360049999999999870e-01 -2.293389999999999873e-01 -2.027270000000000114e-02 9.731360000000000010e-01 -2.474190000000000070e-02
9.641309999999999603e-01 -1.399640000000000051e-01 2.255250000000000032e-01 -2.167779999999999985e-01 1.317570000000000130e-01 9.899630000000000374e-01 5.111820000000000253e-02 -1.390560000000000129e-01 -2.304160000000000097e-01 -1.957000000000000059e-02 9.728949999999999543e-01 -3.127760000000000262e-02
9.641159999999999730e-01 -1.397960000000000036e-01 2.256940000000000057e-01 -2.238080000000000069e-01 1.318139999999999867e-01 9.900060000000000526e-01 5.013259999999999939e-02 -1.382440000000000058e-01 -2.304470000000000129e-01 -1.858399999999999982e-02 9.729079999999999950e-01 -3.259480000000000016e-02
9.640349999999999753e-01 -1.405129999999999990e-01 2.255929999999999880e-01 -2.303810000000000024e-01 1.321730000000000127e-01 9.898759999999999781e-01 5.173470000000000152e-02 -1.403050000000000130e-01 -2.305790000000000062e-01 -2.005670000000000022e-02 9.728470000000000173e-01 -3.309959999999999986e-02
9.643899999999999695e-01 -1.407180000000000097e-01 2.239420000000000022e-01 -2.368780000000000052e-01 1.325079999999999869e-01 9.898510000000000364e-01 5.135429999999999856e-02 -1.424300000000000010e-01 -2.288959999999999884e-01 -1.985150000000000109e-02 9.732490000000000308e-01 -3.305659999999999848e-02
9.650119999999999809e-01 -1.403349999999999875e-01 2.214889999999999914e-01 -2.421979999999999966e-01 1.326630000000000031e-01 9.899379999999999846e-01 4.922139999999999849e-02 -1.447700000000000098e-01 -2.261680000000000079e-01 -1.811590000000000075e-02 9.739200000000000079e-01 -3.394160000000000232e-02
9.655249999999999666e-01 -1.407559999999999922e-01 2.189750000000000030e-01 -2.470320000000000016e-01 1.337480000000000058e-01 9.899200000000000221e-01 4.658230000000000010e-02 -1.459270000000000012e-01 -2.233249999999999957e-01 -1.568889999999999868e-02 9.746179999999999843e-01 -3.282619999999999982e-02
9.662629999999999830e-01 -1.392430000000000057e-01 2.166730000000000045e-01 -2.507210000000000272e-01 1.328650000000000109e-01 9.901659999999999906e-01 4.380139999999999728e-02 -1.453270000000000117e-01 -2.206410000000000038e-01 -1.353530000000000011e-02 9.752610000000000445e-01 -3.490710000000000340e-02
9.666099999999999692e-01 -1.393330000000000124e-01 2.150630000000000042e-01 -2.538000000000000256e-01 1.329990000000000061e-01 9.901510000000000034e-01 4.372050000000000242e-02 -1.471840000000000093e-01 -2.190360000000000085e-01 -1.365749999999999950e-02 9.756209999999999605e-01 -3.323220000000000340e-02
9.671870000000000189e-01 -1.394809999999999939e-01 2.123539999999999872e-01 -2.573199999999999932e-01 1.335919999999999885e-01 9.901499999999999746e-01 4.190189999999999887e-02 -1.493970000000000020e-01 -2.161069999999999935e-01 -1.215819999999999922e-02 9.762939999999999952e-01 -3.210319999999999840e-02
9.678889999999999993e-01 -1.392720000000000069e-01 2.092710000000000126e-01 -2.620069999999999899e-01 1.336839999999999973e-01 9.901879999999999571e-01 4.068719999999999976e-02 -1.501190000000000024e-01 -2.128839999999999899e-01 -1.140460000000000085e-02 9.770109999999999628e-01 -3.055379999999999902e-02
9.678799999999999626e-01 -1.419489999999999919e-01 2.075079999999999980e-01 -2.670640000000000236e-01 1.357230000000000103e-01 9.897690000000000099e-01 4.401150000000000201e-02 -1.549200000000000021e-01 -2.116329999999999878e-01 -1.443419999999999946e-02 9.772429999999999728e-01 -3.275039999999999896e-02
9.683340000000000281e-01 -1.436230000000000007e-01 2.042090000000000016e-01 -2.656939999999999857e-01 1.374269999999999936e-01 9.895209999999999839e-01 4.428429999999999866e-02 -1.573390000000000066e-01 -2.084290000000000032e-01 -1.481820000000000012e-02 9.779250000000000442e-01 -2.671000000000000110e-02
9.683619999999999450e-01 -1.444979999999999876e-01 2.034590000000000010e-01 -2.669969999999999843e-01 1.386270000000000002e-01 9.894150000000000444e-01 4.289489999999999970e-02 -1.608519999999999950e-01 -2.075029999999999930e-01 -1.333280000000000055e-02 9.781429999999999847e-01 -2.515229999999999896e-02
9.680159999999999876e-01 -1.466200000000000003e-01 2.035869999999999902e-01 -2.685819999999999874e-01 1.409499999999999920e-01 9.891189999999999705e-01 4.215599999999999903e-02 -1.643959999999999866e-01 -2.075529999999999875e-01 -1.211199999999999950e-02 9.781490000000000462e-01 -2.087090000000000126e-02
9.677900000000000391e-01 -1.494300000000000073e-01 2.026169999999999916e-01 -2.675279999999999880e-01 1.441900000000000126e-01 9.887219999999999898e-01 4.046439999999999759e-02 -1.681809999999999972e-01 -2.063790000000000069e-01 -9.945610000000000561e-03 9.784220000000000139e-01 -1.802080000000000001e-02
9.675059999999999771e-01 -1.521589999999999887e-01 2.019420000000000104e-01 -2.682060000000000000e-01 1.469759999999999955e-01 9.883100000000000218e-01 4.050680000000000253e-02 -1.719140000000000112e-01 -2.057440000000000102e-01 -9.510090000000000557e-03 9.785599999999999854e-01 -1.504869999999999992e-02
9.666019999999999612e-01 -1.558980000000000088e-01 2.034140000000000115e-01 -2.722019999999999995e-01 1.503809999999999869e-01 9.877179999999999849e-01 4.240300000000000319e-02 -1.794679999999999886e-01 -2.075259999999999883e-01 -1.039729999999999994e-02 9.781739999999999879e-01 -1.715240000000000167e-02
9.654770000000000296e-01 -1.589969999999999994e-01 2.063369999999999926e-01 -2.769599999999999840e-01 1.526039999999999897e-01 9.871860000000000079e-01 4.664340000000000153e-02 -1.871049999999999935e-01 -2.111089999999999911e-01 -1.354529999999999970e-02 9.773690000000000433e-01 -1.690269999999999967e-02
9.638700000000000045e-01 -1.629760000000000097e-01 2.106969999999999954e-01 -2.802290000000000059e-01 1.558789999999999898e-01 9.865110000000000268e-01 4.998160000000000103e-02 -1.975949999999999929e-01 -2.160009999999999986e-01 -1.533260000000000005e-02 9.762729999999999464e-01 -1.434060000000000022e-02
9.622110000000000385e-01 -1.639529999999999876e-01 2.174129999999999951e-01 -2.844889999999999919e-01 1.570030000000000037e-01 9.863819999999999810e-01 4.898980000000000001e-02 -2.065049999999999941e-01 -2.224839999999999873e-01 -1.300409999999999934e-02 9.748499999999999943e-01 -1.382120000000000050e-02
9.635550000000000503e-01 -1.589810000000000112e-01 2.151430000000000009e-01 -2.680620000000000225e-01 1.539949999999999930e-01 9.872680000000000344e-01 3.985319999999999835e-02 -1.942270000000000107e-01 -2.187389999999999890e-01 -5.269910000000000046e-03 9.757689999999999975e-01 5.333530000000000389e-03
9.623500000000000387e-01 -1.588430000000000120e-01 2.205719999999999903e-01 -2.666789999999999994e-01 1.535890000000000033e-01 9.872889999999999722e-01 4.088270000000000098e-02 -1.972720000000000029e-01 -2.242619999999999891e-01 -5.466190000000000111e-03 9.745139999999999914e-01 1.110230000000000071e-02
9.613800000000000123e-01 -1.583130000000000093e-01 2.251360000000000028e-01 -2.620199999999999751e-01 1.526579999999999881e-01 9.873680000000000234e-01 4.242069999999999869e-02 -2.026409999999999878e-01 -2.290079999999999893e-01 -6.413549999999999633e-03 9.734040000000000470e-01 1.878089999999999968e-02
9.601739999999999720e-01 -1.560310000000000030e-01 2.317750000000000088e-01 -2.584130000000000038e-01 1.504429999999999934e-01 9.877390000000000336e-01 4.170379999999999920e-02 -2.048349999999999893e-01 -2.354400000000000104e-01 -5.174040000000000410e-03 9.718750000000000444e-01 2.463999999999999871e-02
9.585970000000000324e-01 -1.528899999999999981e-01 2.402410000000000101e-01 -2.561209999999999876e-01 1.467509999999999926e-01 9.882229999999999626e-01 4.334869999999999696e-02 -2.066850000000000076e-01 -2.440400000000000069e-01 -6.298400000000000006e-03 9.697449999999999681e-01 2.987510000000000165e-02
9.560370000000000257e-01 -1.543350000000000000e-01 2.493450000000000111e-01 -2.559640000000000248e-01 1.466419999999999946e-01 9.879630000000000356e-01 4.925680000000000336e-02 -2.099179999999999935e-01 -2.539460000000000051e-01 -1.052690000000000049e-02 9.671610000000000484e-01 3.754849999999999854e-02
9.535109999999999975e-01 -1.575419999999999876e-01 2.569009999999999905e-01 -2.559879999999999933e-01 1.487769999999999926e-01 9.874309999999999476e-01 5.333500000000000046e-02 -2.156579999999999886e-01 -2.620739999999999736e-01 -1.263459999999999930e-02 9.649649999999999617e-01 4.309310000000000224e-02
9.513270000000000337e-01 -1.627989999999999993e-01 2.616760000000000197e-01 -2.552059999999999884e-01 1.532300000000000051e-01 9.865620000000000500e-01 5.670719999999999927e-02 -2.217300000000000104e-01 -2.673920000000000186e-01 -1.385029999999999942e-02 9.634880000000000111e-01 4.757129999999999692e-02
9.486670000000000380e-01 -1.692819999999999880e-01 2.671609999999999818e-01 -2.553610000000000047e-01 1.593519999999999937e-01 9.854819999999999691e-01 5.858689999999999731e-02 -2.266509999999999914e-01 -2.731999999999999984e-01 -1.300669999999999951e-02 9.618689999999999740e-01 5.439139999999999947e-02
9.461349999999999483e-01 -1.755130000000000023e-01 2.720730000000000093e-01 -2.554449999999999776e-01 1.654289999999999927e-01 9.844100000000000072e-01 5.975810000000000149e-02 -2.319390000000000063e-01 -2.783200000000000118e-01 -1.153039999999999968e-02 9.604190000000000227e-01 5.971459999999999962e-02
9.441490000000000160e-01 -1.807499999999999940e-01 2.755230000000000179e-01 -2.565600000000000103e-01 1.702899999999999969e-01 9.834640000000000049e-01 6.163729999999999903e-02 -2.423760000000000081e-01 -2.821080000000000254e-01 -1.127620000000000011e-02 9.593159999999999465e-01 6.271430000000000060e-02
9.430950000000000166e-01 -1.797310000000000019e-01 2.797660000000000147e-01 -2.562280000000000113e-01 1.710180000000000033e-01 9.837059999999999693e-01 5.546070000000000166e-02 -2.447070000000000078e-01 -2.851759999999999851e-01 -4.459529999999999744e-03 9.584650000000000114e-01 7.373910000000000187e-02
9.418490000000000473e-01 -1.796810000000000074e-01 2.839630000000000210e-01 -2.560830000000000051e-01 1.724060000000000037e-01 9.837240000000000428e-01 5.062640000000000196e-02 -2.501789999999999847e-01 -2.884380000000000277e-01 1.274549999999999945e-03 9.574979999999999603e-01 8.016710000000000502e-02
9.404489999999999794e-01 -1.792890000000000039e-01 2.888100000000000112e-01 -2.568860000000000032e-01 1.735899999999999943e-01 9.837690000000000046e-01 4.544820000000000110e-02 -2.548420000000000130e-01 -2.922710000000000030e-01 7.393020000000000147e-03 9.563070000000000181e-01 8.549779999999999880e-02
9.385550000000000281e-01 -1.818559999999999899e-01 2.933299999999999796e-01 -2.576200000000000156e-01 1.772710000000000119e-01 9.832490000000000396e-01 4.238159999999999844e-02 -2.588130000000000153e-01 -2.961239999999999983e-01 1.222140000000000032e-02 9.550710000000000033e-01 9.291570000000000384e-02
9.369849999999999568e-01 -1.846019999999999883e-01 2.966179999999999928e-01 -2.583039999999999781e-01 1.810299999999999965e-01 9.826749999999999652e-01 3.971940000000000193e-02 -2.647100000000000009e-01 -2.988109999999999933e-01 1.648020000000000040e-02 9.541699999999999626e-01 9.906619999999999315e-02
9.359790000000000054e-01 -1.856720000000000037e-01 2.991139999999999910e-01 -2.595819999999999794e-01 1.833819999999999895e-01 9.823830000000000062e-01 3.597170000000000228e-02 -2.687789999999999901e-01 -3.005240000000000133e-01 2.118340000000000153e-02 9.535390000000000255e-01 1.059350000000000014e-01
9.360100000000000087e-01 -1.857820000000000027e-01 2.989479999999999915e-01 -2.584480000000000111e-01 1.848160000000000081e-01 9.822600000000000220e-01 3.176500000000000157e-02 -2.753849999999999909e-01 -2.995459999999999789e-01 2.551809999999999842e-02 9.537409999999999499e-01 1.111339999999999967e-01
9.353500000000000147e-01 -1.841790000000000094e-01 3.019899999999999807e-01 -2.599879999999999969e-01 1.851849999999999885e-01 9.823709999999999942e-01 2.556030000000000107e-02 -2.753639999999999977e-01 -3.013739999999999752e-01 3.201620000000000160e-02 9.529680000000000373e-01 1.143020000000000008e-01
9.338659999999999739e-01 -1.881269999999999887e-01 3.041429999999999967e-01 -2.617380000000000262e-01 1.888110000000000066e-01 9.816300000000000026e-01 2.744239999999999874e-02 -2.782519999999999993e-01 -3.037179999999999880e-01 3.179810000000000275e-02 9.522310000000000496e-01 1.203410000000000035e-01
9.328450000000000353e-01 -1.935260000000000036e-01 3.038870000000000182e-01 -2.613809999999999745e-01 1.943390000000000117e-01 9.805380000000000207e-01 2.787660000000000138e-02 -2.822950000000000181e-01 -3.033680000000000265e-01 3.305260000000000142e-02 9.523000000000000353e-01 1.244269999999999959e-01
9.319359999999999866e-01 -1.974110000000000031e-01 3.041780000000000039e-01 -2.626930000000000098e-01 1.982399999999999995e-01 9.797390000000000265e-01 2.848519999999999872e-02 -2.856580000000000230e-01 -3.036380000000000190e-01 3.375390000000000335e-02 9.521889999999999521e-01 1.284939999999999971e-01
9.314590000000000369e-01 -2.005389999999999950e-01 3.035919999999999730e-01 -2.628670000000000173e-01 2.010460000000000025e-01 9.791239999999999943e-01 2.992939999999999837e-02 -2.898359999999999825e-01 -3.032560000000000255e-01 3.315789999999999710e-02 9.523319999999999563e-01 1.328030000000000044e-01
9.307499999999999662e-01 -2.030029999999999890e-01 3.041280000000000094e-01 -2.630129999999999968e-01 2.035399999999999987e-01 9.785979999999999679e-01 3.029559999999999892e-02 -2.951969999999999872e-01 -3.037690000000000112e-01 3.370429999999999954e-02 9.521490000000000231e-01 1.391270000000000007e-01
9.302380000000000093e-01 -2.043709999999999971e-01 3.047770000000000201e-01 -2.645250000000000101e-01 2.059590000000000032e-01 9.781800000000000495e-01 2.730159999999999879e-02 -2.999069999999999792e-01 -3.037070000000000047e-01 3.737460000000000088e-02 9.520319999999999894e-01 1.428629999999999900e-01
9.306189999999999740e-01 -2.043389999999999929e-01 3.036340000000000150e-01 -2.648699999999999943e-01 2.072110000000000063e-01 9.780240000000000045e-01 2.309699999999999948e-02 -3.014859999999999762e-01 -3.016809999999999770e-01 4.142180000000000167e-02 9.525090000000000501e-01 1.454989999999999895e-01
9.302150000000000141e-01 -2.052450000000000108e-01 3.042599999999999749e-01 -2.678440000000000265e-01 2.087120000000000086e-01 9.777420000000000000e-01 2.145970000000000169e-02 -3.054540000000000033e-01 -3.018919999999999937e-01 4.354070000000000162e-02 9.523470000000000546e-01 1.489090000000000136e-01
9.301690000000000236e-01 -2.047190000000000121e-01 3.047540000000000249e-01 -2.686600000000000099e-01 2.092870000000000008e-01 9.776890000000000303e-01 1.797860000000000083e-02 -3.074339999999999851e-01 -3.016349999999999865e-01 4.705789999999999973e-02 9.522610000000000241e-01 1.507660000000000111e-01
9.298199999999999799e-01 -2.026340000000000086e-01 3.072039999999999771e-01 -2.700549999999999895e-01 2.074989999999999890e-01 9.780849999999999822e-01 1.711129999999999943e-02 -3.087550000000000017e-01 -3.039390000000000147e-01 4.783420000000000033e-02 9.514899999999999469e-01 1.513249999999999873e-01
9.290270000000000472e-01 -2.020949999999999969e-01 3.099459999999999993e-01 -2.717069999999999763e-01 2.070639999999999981e-01 9.781769999999999632e-01 1.715480000000000130e-02 -3.106639999999999957e-01 -3.066490000000000049e-01 4.824130000000000085e-02 9.505989999999999718e-01 1.563559999999999950e-01
9.285339999999999705e-01 -1.997629999999999961e-01 3.129190000000000027e-01 -2.749300000000000077e-01 2.047090000000000021e-01 9.786690000000000111e-01 1.732749999999999915e-02 -3.159469999999999779e-01 -3.097059999999999813e-01 4.796840000000000132e-02 9.496219999999999661e-01 1.532399999999999873e-01
9.278610000000000468e-01 -1.966410000000000102e-01 3.168710000000000138e-01 -2.771410000000000262e-01 2.021660000000000124e-01 9.792250000000000121e-01 1.569680000000000034e-02 -3.116280000000000161e-01 -3.133739999999999859e-01 4.949619999999999714e-02 9.483390000000000430e-01 1.612119999999999942e-01
9.269910000000000094e-01 -1.951489999999999891e-01 3.203179999999999916e-01 -2.795759999999999912e-01 2.012380000000000002e-01 9.794380000000000308e-01 1.433189999999999985e-02 -3.136570000000000191e-01 -3.165290000000000048e-01 5.117460000000000064e-02 9.472009999999999597e-01 1.637220000000000064e-01
9.267079999999999762e-01 -1.905759999999999954e-01 3.238730000000000220e-01 -2.825309999999999766e-01 1.973920000000000119e-01 9.802509999999999835e-01 1.200550000000000055e-02 -3.140499999999999958e-01 -3.197650000000000214e-01 5.280420000000000252e-02 9.460239999999999760e-01 1.648310000000000053e-01
9.255160000000000053e-01 -1.875549999999999995e-01 3.290049999999999919e-01 -2.859729999999999772e-01 1.945389999999999897e-01 9.808230000000000004e-01 1.188290000000000006e-02 -3.140899999999999803e-01 -3.249239999999999906e-01 5.300629999999999925e-02 9.442540000000000378e-01 1.675300000000000122e-01
9.236980000000000190e-01 -1.871480000000000088e-01 3.343019999999999881e-01 -2.886779999999999902e-01 1.942540000000000100e-01 9.808729999999999949e-01 1.237420000000000013e-02 -3.163340000000000041e-01 -3.302240000000000175e-01 5.350950000000000151e-02 9.423850000000000282e-01 1.698929999999999885e-01
9.215170000000000305e-01 -1.859020000000000117e-01 3.409479999999999733e-01 -2.916449999999999876e-01 1.940890000000000115e-01 9.809299999999999686e-01 1.026739999999999944e-02 -3.154250000000000109e-01 -3.363550000000000151e-01 5.671280000000000071e-02 9.400260000000000282e-01 1.715200000000000058e-01
9.180169999999999719e-01 -1.888469999999999871e-01 3.486850000000000227e-01 -2.943310000000000093e-01 1.970880000000000132e-01 9.803119999999999612e-01 1.204350000000000039e-02 -3.149589999999999890e-01 -3.440940000000000110e-01 5.766530000000000267e-02 9.371629999999999683e-01 1.737370000000000025e-01
9.133520000000000527e-01 -1.932959999999999956e-01 3.583629999999999871e-01 -2.976070000000000104e-01 2.018620000000000136e-01 9.793180000000000218e-01 1.374960000000000071e-02 -3.180040000000000089e-01 -3.536090000000000066e-01 5.978150000000000130e-02 9.334810000000000052e-01 1.753039999999999876e-01
